SiteId,SiteName,ItemId,ItemName,ItemEngName,ItemUnit,MonitorDate,MonitorValue00,MonitorValue01,MonitorValue02,MonitorValue03,MonitorValue04,MonitorValue05,MonitorValue06,MonitorValue07,MonitorValue08,MonitorValue09,MonitorValue10,MonitorValue11,MonitorValue12,MonitorValue13,MonitorValue14,MonitorValue15,MonitorValue16,MonitorValue17,MonitorValue18,MonitorValue19,MonitorValue20,MonitorValue21,MonitorValue22,MonitorValue23
1,基隆,1,二氧化硫,SO2,ppb,2001-07-26,0,0,2.5,6.3,7.9,2.1,1.4,4.3,7.3,22,16,x,x,x,x,0,0,0,0,0,0,0,3.9,7.5
1,基隆,2,一氧化碳,CO,ppm,2001-07-26,0.3,0.3,0.4,0.4,0.4,0.4,0.4,0.7,0.6,0.5,0.5,x,x,x,x,0.4,0.4,0.5,0.4,0.4,0.3,0.5,0.7,0.8
1,基隆,3,臭氧,O3,ppb,2001-07-26,7.1,7.8,3.3,3,2.2,x,x,5.3,8.7,7.7,x,x,x,16,15,15,11,9.1,11,9.4,11,8.8,3.2,2.6
1,基隆,4,懸浮微粒,PM10,μg/m3,2001-07-26,41,29,47,36,32,24,28,62,62,44,42,x,x,22,29,32,35,21,11,21,21,15,29,42
1,基隆,5,氮氧化物,NOx,ppb,2001-07-26,11,10,26,x,36,32,38,50,43,56,42,22,18,x,x,x,6.6,13,8.1,8.8,3.4,11,31,37
1,基隆,6,一氧化氮,NO,ppb,2001-07-26,5.3,5.4,17,x,28,24,28,33,24,35,16,1.9,2,x,x,x,1.7,3.9,1.3,1.6,0.2,3.9,19,25
1,基隆,7,二氧化氮,NO2,ppb,2001-07-26,5.4,4.7,9,x,8.3,8.5,10,17,19,21,26,20,16,x,x,x,4.9,8.9,6.8,7.2,3.2,7.3,13,13
1,基隆,8,總碳氫化合物,THC,ppm,2001-07-26,2.3,x,2.3,2.4,2.3,2.4,2.3,2.6,2.3,2.3,2.5,3.4,x,x,x,x,x,2,2.1,2.2,2,2.1,2.4,2.4
1,基隆,9,非甲烷碳氫化合物,NMHC,ppm,2001-07-26,0,x,0.1,0.2,0.2,0.3,0.1,0.3,0.1,0.1,0.2,0.9,x,x,x,x,x,0,0,0,0,0.1,0.2,0.2
1,基隆,10,風速,WIND_SPEED,m/sec,2001-07-26,0.3,0.1,1.2,0.6,0.4,0.1,0.5,0.7,1,1.3,1.2,1.7,1.7,1.5,1.4,2.3,1.3,0.6,0.5,0.7,0.9,0.6,0.4,0.4
1,基隆,11,風向,WIND_DIREC,degrees,2001-07-26,174,177,200,188,157,114,223,187,888,340,340,344,345,334,122,115,130,100,144,177,158,169,194,182
1,基隆,14,溫度,AMB_TEMP,℃,2001-07-26,28.4,28.1,27.6,27.1,26.8,26.8,27.1,30.1,30.6,30.6,30.3,31.3,30.9,31.6,32.5,33.5,31.6,30.7,30,29.3,28.9,28.7,28.5,28.2
1,基隆,31,甲烷,CH4,ppm,2001-07-26,2.3,x,2.2,2.2,2.2,2.2,2.2,2.3,2.3,2.1,2.3,2.5,x,x,x,x,x,1.9,2,2.2,2,2,2.1,2.2
2,汐止,1,二氧化硫,SO2,ppb,2001-07-26,1.1,1.4,1,0.6,0.3,0.8,1.6,3.6,x,x,x,x,x,x,x,x,x,1.2,0.8,0.8,0.8,1.1,0.8,0.9
2,汐止,2,一氧化碳,CO,ppm,2001-07-26,0.5,0.4,0.4,0.3,0.3,0.5,0.7,0.7,x,x,x,x,x,x,x,x,x,0.8,0.7,0.6,0.6,0.6,0.5,0.5
2,汐止,3,臭氧,O3,ppb,2001-07-26,1.2,1.2,1.3,1.3,1.2,1.3,1.4,2.3,x,x,x,x,x,x,x,x,x,2.8,2.5,1.7,1,0.7,0.9,1.5
2,汐止,4,懸浮微粒,PM10,μg/m3,2001-07-26,26,23,15,17,11,41,57,52,x,x,x,x,x,x,x,x,x,x,x,33,70,95,95,64
2,汐止,5,氮氧化物,NOx,ppb,2001-07-26,32,32,26,x,21,41,71,66,x,x,x,x,x,x,x,x,x,x,40,45,36,46,37,35
2,汐止,6,一氧化氮,NO,ppb,2001-07-26,23,23,17,x,14,34,61,47,x,x,x,x,x,x,x,x,x,x,27,34,24,35,26,23
2,汐止,7,二氧化氮,NO2,ppb,2001-07-26,9.5,8.9,8.9,x,7,7.4,9.6,19,x,x,x,x,x,x,x,x,x,x,13,11,12,11,11,12
2,汐止,10,風速,WIND_SPEED,m/sec,2001-07-26,0.1,0,0,0,0,0,0,0,x,x,x,x,x,x,x,x,0.6,0.4,0.2,0.1,0.1,0,0,0.1
2,汐止,11,風向,WIND_DIREC,degrees,2001-07-26,47,999,999,999,999,999,999,888,x,x,x,x,x,x,x,x,888,140,138,888,888,888,888,105
2,汐止,14,溫度,AMB_TEMP,℃,2001-07-26,27.2,27.1,27,26.5,26.5,26.4,26.7,28.2,x,x,x,x,x,x,x,x,33,31.6,30.5,29.7,29.1,28.2,28.1,27.8
3,萬里,1,二氧化硫,SO2,ppb,2001-07-26,0,0,0,0,0,0,0.4,2,4.7,5.8,5.1,3.4,3,2.8,0.9,1.4,1.5,1.7,2.6,0.6,0.1,0,0.1,0
3,萬里,2,一氧化碳,CO,ppm,2001-07-26,0.3,0.2,0.2,0.2,0.2,0.3,0.4,0.5,0.3,0.5,0.5,0.3,0.3,0.3,0.3,0.3,0.3,0.3,0.4,0.5,0.5,0.4,0.4,0.4
3,萬里,3,臭氧,O3,ppb,2001-07-26,1.2,1.5,1.6,1.6,1.7,2.1,x,10,13,34,43,44,23,21,28,27,19,9.2,5.9,2.4,1.5,1.7,1.7,1.1
3,萬里,4,懸浮微粒,PM10,μg/m3,2001-07-26,x,x,x,14,14,13,12,11,21,21,35,35,31,25,22,11,13,11,11,19,14,11,11,11
3,萬里,5,氮氧化物,NOx,ppb,2001-07-26,6.8,4.6,4.2,x,4.9,8.2,13,18,16,24,22,12,8.5,7,3.5,4.9,5.5,9.6,13,22,18,10,11,11
3,萬里,6,一氧化氮,NO,ppb,2001-07-26,3.3,1.7,1.3,x,1.3,2.9,6.3,8.1,6.7,4.6,2.9,1.7,2.2,1.8,0.6,1.3,1.2,2.4,2.5,12,9.9,4.1,4.9,4.6
3,萬里,7,二氧化氮,NO2,ppb,2001-07-26,3.5,2.9,2.8,x,3.6,5.4,6.3,9.8,9.4,20,19,9.9,6.3,5.2,2.9,3.6,4.3,7.2,11,10,8,5.8,6.4,6.2
3,萬里,8,總碳氫化合物,THC,ppm,2001-07-26,2.2,2.1,2.2,2.3,x,2.4,2.3,2.5,x,2.5,2.5,2.3,2.1,2.1,2.2,2.1,2.2,2.3,2.4,2.5,2.6,2.5,2.5,2.4
3,萬里,9,非甲烷碳氫化合物,NMHC,ppm,2001-07-26,0,0,0,0.1,x,0.1,0,0.1,x,0.1,0.2,0.1,0,0.1,0,0,0.1,0,0.1,0.2,0.1,0.1,0,0.1
3,萬里,10,風速,WIND_SPEED,m/sec,2001-07-26,1.9,2.5,1.9,2.3,2.1,1.5,1.7,1.1,2.2,2,1.9,1.9,2.1,1.6,2.2,3,3.3,1.6,0.9,1,1.2,2.4,1.8,1.5
3,萬里,11,風向,WIND_DIREC,degrees,2001-07-26,214,215,220,217,224,221,220,888,24,25,24,24,43,17,27,97,96,111,139,197,209,216,214,214
3,萬里,14,溫度,AMB_TEMP,℃,2001-07-26,26,25.8,25.9,25.8,25.8,26.1,26.3,29.1,29.1,28.6,28.8,29.5,28.7,29.1,29.5,30.6,29.7,29.9,29.5,28.5,27.5,26.5,26.8,26.4
3,萬里,21,酸雨,PH_RAIN,pH,2001-07-26,0,0,0,0,0,0,0,0,0,0,0,0,0,0,0,0,0,0,0,0,0,0,0,0
3,萬里,22,導電度,RAIN_COND,μmho/cm,2001-07-26,0,0,0,0,0,0,0,0,0,0,0,0,0,0,0,0,0,0,0,0,0,0,0,0
3,萬里,31,甲烷,CH4,ppm,2001-07-26,2.2,2.1,2.2,2.2,x,2.3,2.3,2.4,x,2.4,2.3,2.3,2.1,2.1,2.1,2.1,2.1,2.3,2.3,2.3,2.5,2.5,2.4,2.3
3,萬里,32,降雨強度,RAIN_INT,㎜,2001-07-26,0,0,0,0,0,0,0,0,0,0,0,0,0,0,0,0,0,0,0,0,0,0,0,0
4,新店,1,二氧化硫,SO2,ppb,2001-07-26,0.2,0.2,0.1,0.1,0.1,0.3,0.4,0.4,1.4,3.8,9.4,15,18,13,7.7,4.5,8,7.2,5.5,7.6,6,4.1,1.7,2.4
4,新店,2,一氧化碳,CO,ppm,2001-07-26,0.3,0.3,0.3,0.3,0.3,0.3,0.3,0.5,0.9,0.6,0.5,0.5,0.5,0.4,0.5,0.5,0.8,0.7,0.7,0.7,0.8,0.8,0.7,0.7
4,新店,3,臭氧,O3,ppb,2001-07-26,0.9,0.8,0.7,1,1.1,0.9,x,2.8,4.1,13,33,35,33,45,51,39,57,37,15,19,17,5.5,2,2.4
4,新店,4,懸浮微粒,PM10,μg/m3,2001-07-26,21,13,17,13,12,19,18,13,12,18,26,35,37,50,48,47,41,60,58,68,68,68,60,41
4,新店,5,氮氧化物,NOx,ppb,2001-07-26,12,9.9,8.9,x,7.1,9.6,14,23,40,32,29,27,29,23,21,20,34,28,36,46,38,35,28,31
4,新店,6,一氧化氮,NO,ppb,2001-07-26,4.9,3.3,2.8,x,2,3.9,8,15,26,13,7.2,4.3,3.5,2.8,0.7,0.7,0.3,0.4,0.7,0.3,0.2,9.2,15,9.9
4,新店,7,二氧化氮,NO2,ppb,2001-07-26,7.2,6.6,6.1,x,5.1,5.6,6.2,8.3,15,19,21,22,25,20,20,20,33,28,35,46,38,26,14,21
4,新店,10,風速,WIND_SPEED,m/sec,2001-07-26,0.4,0.5,0.4,0.6,0.3,0.6,0.5,0.2,0,0.6,1.2,1.2,1.2,0.9,0.9,0.9,0.9,0.5,0.8,1,0.7,0.2,0.4,0
4,新店,11,風向,WIND_DIREC,degrees,2001-07-26,194,189,191,207,194,188,186,185,888,48,33,37,27,22,888,99,225,201,209,230,218,218,194,230
4,新店,14,溫度,AMB_TEMP,℃,2001-07-26,27.1,26.9,26.6,26.6,26.5,26.6,28,28.4,30,32.2,34.1,34.2,32.8,34.8,33.9,33.3,32,31,30.2,29,28.7,28.5,28.1,28.1
5,土城,1,二氧化硫,SO2,ppb,2001-07-26,4.9,6.6,4.6,6.8,3.5,3.6,5.3,9.5,4.1,2.7,18,12,7.7,7.9,9.4,8.3,9.7,12,13,8.1,7.9,9.7,9.3,11
5,土城,2,一氧化碳,CO,ppm,2001-07-26,0.7,0.7,0.6,0.5,0.5,0.6,0.6,1,0.9,1,0.8,0.8,0.8,0.8,0.9,0.7,0.7,0.8,1,1.1,1,0.9,1,0.9
5,土城,3,臭氧,O3,ppb,2001-07-26,0,0,0.1,0,0,0,x,1.2,3.5,16,26,48,73,72,74,63,49,34,5.4,5.4,10,10,5,3.3
5,土城,4,懸浮微粒,PM10,μg/m3,2001-07-26,38,38,32,35,44,32,35,31,38,38,35,51,44,44,43,33,43,57,56,78,75,75,75,68
5,土城,5,氮氧化物,NOx,ppb,2001-07-26,58,51,44,x,28,53,46,78,51,45,44,29,27,28,37,33,33,40,68,63,44,38,42,43
5,土城,6,一氧化氮,NO,ppb,2001-07-26,39,37,31,x,17,41,31,57,31,16,11,3.2,1.1,1.1,1.4,0.7,0.8,1.6,6.6,9.9,3.5,2,4.4,7.7
5,土城,7,二氧化氮,NO2,ppb,2001-07-26,19,14,12,x,11,12,15,21,20,29,34,26,26,27,36,32,32,38,62,53,41,36,37,35
5,土城,14,溫度,AMB_TEMP,℃,2001-07-26,25.6,25.6,25.4,25.4,25.5,25.4,27.1,28,29.2,31.1,32.7,33,32.3,32.4,32.2,30.8,30.3,29.4,28.5,28.1,28.4,28,27.7,27.3
6,板橋,1,二氧化硫,SO2,ppb,2001-07-26,17,16,16,11,13,10,8.5,8.5,5.3,3.8,7,5.7,7.4,5.5,6.1,4.1,5.4,8.7,18,14,12,9.1,10,9.6
6,板橋,2,一氧化碳,CO,ppm,2001-07-26,0.5,0,0,0,0,0.1,0.1,0.4,0.7,0.9,0.4,0.3,0.2,0.1,0.1,0,0.2,0.2,0.4,0.3,0.3,0.3,0.3,0.2
6,板橋,3,臭氧,O3,ppb,2001-07-26,1.7,1.9,1.8,1.6,1.8,1.9,x,5,9.1,21,37,55,67,69,83,60,40,34,9.6,7.7,8.7,5.7,7.8,7.4
6,板橋,4,懸浮微粒,PM10,μg/m3,2001-07-26,48,36,39,30,31,37,28,46,39,36,54,59,58,52,59,59,59,59,56,61,71,68,78,71
6,板橋,5,氮氧化物,NOx,ppb,2001-07-26,57,52,57,x,34,37,42,52,47,57,x,x,x,x,x,x,x,x,x,x,x,x,x,x
6,板橋,6,一氧化氮,NO,ppb,2001-07-26,39,38,44,x,22,25,26,31,20,16,x,x,x,x,x,x,x,x,x,x,x,x,x,x
6,板橋,7,二氧化氮,NO2,ppb,2001-07-26,18,15,13,x,12,12,16,22,27,42,x,x,x,x,x,x,x,x,x,x,x,x,x,x
6,板橋,8,總碳氫化合物,THC,ppm,2001-07-26,x,x,x,x,x,x,x,x,x,x,x,x,x,x,x,x,x,x,x,x,2.4,2.5,2.2,2.3
6,板橋,9,非甲烷碳氫化合物,NMHC,ppm,2001-07-26,x,x,x,x,x,x,x,x,x,x,x,x,x,x,x,x,x,x,x,x,0.4,0.5,0.3,0.3
6,板橋,14,溫度,AMB_TEMP,℃,2001-07-26,27.1,26.9,26.8,26.7,26.7,26.8,28.6,29,29.8,31.3,32.4,32.7,32.3,31.9,32.5,31.3,30.9,30.2,29.4,28.9,29,28.6,28.5,28.2
6,板橋,21,酸雨,PH_RAIN,pH,2001-07-26,0,0,0,0,0,0,0,0,0,0,0,0,0,0,0,0,0,0,0,0,0,0,0,0
6,板橋,22,導電度,RAIN_COND,μmho/cm,2001-07-26,0,0,0,0,0,0,0,0,0,0,0,0,0,0,0,0,0,0,0,0,0,0,0,0
6,板橋,31,甲烷,CH4,ppm,2001-07-26,x,x,x,x,x,x,x,x,x,x,x,x,x,x,x,x,x,x,x,x,2,2.1,2,2
6,板橋,32,降雨強度,RAIN_INT,㎜,2001-07-26,0,0,0,0,0,0,0,0,0,0,0,0,0,0,0,0,0,0,0,0,0,0,0,0
7,新莊,1,二氧化硫,SO2,ppb,2001-07-26,15,15,11,11,27,9.3,16,12,x,6.4,7.2,6.3,5.7,5.9,5.3,4.7,10,14,21,23,25,19,36,38
7,新莊,2,一氧化碳,CO,ppm,2001-07-26,1.2,0.9,0.8,0.7,0.7,0.6,0.7,0.8,1.2,1.6,1.4,0.8,0.6,0.5,0.5,0.5,0.5,0.7,0.8,0.9,0.8,1.1,1.2,1.1
7,新莊,3,臭氧,O3,ppb,2001-07-26,6.4,5.9,5.6,5.4,5.7,5.3,x,8.6,16,29,43,63,74,69,77,53,23,22,13,5.4,5.8,7.1,7.3,7.1
7,新莊,4,懸浮微粒,PM10,μg/m3,2001-07-26,36,51,55,51,49,46,42,63,61,58,46,49,56,56,51,54,51,54,54,58,49,37,42,60
7,新莊,5,氮氧化物,NOx,ppb,2001-07-26,78,78,66,x,56,48,52,48,52,59,61,31,15,15,14,17,45,37,51,70,59,51,59,60
7,新莊,6,一氧化氮,NO,ppb,2001-07-26,56,59,49,x,40,34,34,22,14,9.3,5.2,1.6,0.2,0.4,0.2,0.8,12,5,18,36,26,9.9,12,9.5
7,新莊,7,二氧化氮,NO2,ppb,2001-07-26,23,19,17,x,16,14,18,26,39,50,56,29,15,15,14,16,33,32,33,33,33,41,47,51
7,新莊,8,總碳氫化合物,THC,ppm,2001-07-26,3.6,3.5,3.5,3.1,2.9,2.9,2.9,2.5,2.8,3,3.1,2.5,2.1,2.1,2.2,2.4,2.6,2.7,3,4,3.1,3.3,3.2,3
7,新莊,9,非甲烷碳氫化合物,NMHC,ppm,2001-07-26,1.4,1.1,1.1,0.7,0.7,0.5,0.7,0.5,0.7,0.8,0.8,0.5,0.3,0.2,0.3,0.4,0.6,0.8,1,1.9,1,1.1,1,0.9
7,新莊,10,風速,WIND_SPEED,m/sec,2001-07-26,0,0,0,0.5,0.3,0.3,0.4,x,0.2,0.4,0.8,1.3,1.3,1.7,1.5,1.2,1.5,0.9,1.3,1.2,0.9,0.6,0.9,0.4
7,新莊,11,風向,WIND_DIREC,degrees,2001-07-26,123,111,888,174,184,121,177,89,37,888,36,13,355,9,355,330,300,281,276,223,256,225,234,276
7,新莊,14,溫度,AMB_TEMP,℃,2001-07-26,27.2,27.1,27,27,27.1,26.5,28.4,28.9,29.9,31.3,31.8,32.4,32.3,31.6,32.3,31.3,30.5,30.1,29.5,29,28.9,28.9,28.6,28.2
7,新莊,31,甲烷,CH4,ppm,2001-07-26,2.2,2.4,2.5,2.4,2.2,2.3,2.2,2,2.2,2.2,2.2,2,1.9,1.9,1.9,2,2,1.9,1.9,2.1,2.1,2.1,2.1,2.1
8,菜寮,1,二氧化硫,SO2,ppb,2001-07-26,x,x,x,x,x,x,x,x,x,x,x,x,x,x,3.5,3.1,4,7.3,11,20,18,14,8.9,12
8,菜寮,2,一氧化碳,CO,ppm,2001-07-26,x,x,x,x,x,x,x,x,x,x,x,x,x,x,0.9,0.9,1.1,1.5,1.8,1.8,1.7,1.7,1.5,1.4
8,菜寮,3,臭氧,O3,ppb,2001-07-26,x,x,x,x,x,x,x,x,x,x,x,x,x,x,68,44,20,13,19,3.4,3.1,2.9,3.8,3.3
8,菜寮,4,懸浮微粒,PM10,μg/m3,2001-07-26,x,x,x,x,x,x,x,x,x,x,x,x,x,x,60,65,51,48,48,64,68,83,84,90
8,菜寮,5,氮氧化物,NOx,ppb,2001-07-26,x,x,x,x,x,x,x,x,x,x,x,x,x,x,36,36,47,62,70,105,94,80,70,79
8,菜寮,6,一氧化氮,NO,ppb,2001-07-26,x,x,x,x,x,x,x,x,x,x,x,x,x,x,4.8,7,13,20,15,54,49,39,26,31
8,菜寮,7,二氧化氮,NO2,ppb,2001-07-26,x,x,x,x,x,x,x,x,x,x,x,x,x,x,31,29,34,42,55,51,46,41,44,48
8,菜寮,10,風速,WIND_SPEED,m/sec,2001-07-26,x,x,x,x,x,x,x,x,x,x,x,x,2.6,x,2.3,1.7,1.8,0.8,1.4,1.3,1.5,1.6,1.5,0.7
8,菜寮,11,風向,WIND_DIREC,degrees,2001-07-26,x,x,x,x,x,x,x,x,x,x,x,x,355,x,335,325,302,290,213,215,219,208,212,238
8,菜寮,14,溫度,AMB_TEMP,℃,2001-07-26,x,x,x,x,x,x,x,x,x,x,x,x,31,x,32.3,31.3,30.4,30.2,30,29.3,28.9,28.9,28.6,28.7
9,林口,1,二氧化硫,SO2,ppb,2001-07-26,6.2,8.5,11,8.8,9.4,12,9.2,8.2,8.5,9,5.7,3.5,4,3.3,2.8,1.5,1.7,1.8,4.3,4.5,6,7.2,7.8,9.2
9,林口,2,一氧化碳,CO,ppm,2001-07-26,1.4,1.4,1.3,1,0.3,0.4,0.4,0.5,0.5,0.6,0.5,0.3,0.2,0.2,0.2,0.1,0.1,0.2,0.3,0.3,0.5,0.4,0.5,0.4
9,林口,3,臭氧,O3,ppb,2001-07-26,7.7,5.5,5.8,5,7.3,6,x,9.3,12,21,46,58,74,71,74,52,29,21,6.9,7.7,5.5,9.1,13,20
9,林口,4,懸浮微粒,PM10,μg/m3,2001-07-26,57,59,46,87,69,47,54,54,53,69,82,70,59,48,44,38,33,18,14,12,29,20,49,47
9,林口,5,氮氧化物,NOx,ppb,2001-07-26,59,67,71,x,29,34,46,45,44,37,26,14,8.8,7.5,8.3,4.5,5.7,10,33,27,45,34,39,33
9,林口,6,一氧化氮,NO,ppb,2001-07-26,29,42,47,x,9.9,12,23,20,17,10,2.5,0.9,0.1,0.1,0.2,0.1,0.5,0.9,11,7.3,19,3.9,3.1,0.7
9,林口,7,二氧化氮,NO2,ppb,2001-07-26,30,25,23,x,19,22,24,25,27,27,24,13,8.7,7.4,8.1,4.4,5.3,9.2,22,20,26,30,36,32
9,林口,10,風速,WIND_SPEED,m/sec,2001-07-26,0.6,0.2,0.1,0,0.7,0.4,0.9,0.6,0.5,0.8,1.3,1.1,1.3,1,1.6,1.1,1.2,1,1.8,1.6,1.4,0.9,1.4,1.1
9,林口,11,風向,WIND_DIREC,degrees,2001-07-26,x,x,x,x,x,x,x,x,x,x,x,x,x,x,x,x,x,x,x,x,x,x,x,x
9,林口,14,溫度,AMB_TEMP,℃,2001-07-26,26.3,26.2,26,26.2,26,25.6,26.9,27.4,28.2,28.8,29.7,30.9,29.9,29.5,28.7,28.1,27.4,27.1,26.6,26.3,26.4,26.3,26.3,26.1
10,淡水,1,二氧化硫,SO2,ppb,2001-07-26,2.8,4.2,5.3,7.8,8.4,8.4,10,10,8.1,3.4,3.2,5.3,5.1,2.9,2.8,1.3,1,2.6,2.1,4.2,4,8.2,7.2,6.4
10,淡水,2,一氧化碳,CO,ppm,2001-07-26,0.9,1.1,1,1.1,0.9,0.9,1,0.9,0.6,0.7,0.6,0.7,0.7,0.5,0.5,0.5,0.5,0.8,0.8,0.7,0.7,0.6,0.6,0.5
10,淡水,3,臭氧,O3,ppb,2001-07-26,2,2.2,2.2,2.6,2.3,2.3,3.9,6.2,17,20,35,48,60,47,30,21,19,11,9.4,4.2,6.4,2.2,5.4,14
10,淡水,4,懸浮微粒,PM10,μg/m3,2001-07-26,28,28,23,27,32,29,43,49,50,44,43,42,45,44,56,49,35,23,23,15,20,19,30,37
10,淡水,5,氮氧化物,NOx,ppb,2001-07-26,48,54,53,x,59,60,68,61,40,34,25,28,21,17,20,15,14,35,28,35,28,48,37,30
10,淡水,6,一氧化氮,NO,ppb,2001-07-26,25,30,30,x,41,42,46,32,13,12,6.1,4.4,1.5,2.7,6.3,5.7,3.4,15,11,12,8.8,21,6.6,1.6
10,淡水,7,二氧化氮,NO2,ppb,2001-07-26,23,25,23,x,19,18,22,29,27,21,19,23,20,14,13,9.7,11,19,17,22,19,27,30,29
10,淡水,10,風速,WIND_SPEED,m/sec,2001-07-26,0.3,0.4,0.4,0.3,0.5,0.5,0.8,0.3,1.3,0.9,0.9,1.2,1.8,2,1.6,1.7,2.3,1.4,1.4,1.6,1.4,1.4,1.4,0.9
10,淡水,11,風向,WIND_DIREC,degrees,2001-07-26,154,158,151,143,156,189,152,162,245,312,339,337,344,342,339,248,253,266,261,260,258,254,252,247
10,淡水,14,溫度,AMB_TEMP,℃,2001-07-26,28.1,28,28,27.9,27.7,27.4,27.9,29.1,30.6,29.9,30.6,31.2,30.7,30.7,31.2,30.1,29.4,29.2,28.8,28.5,28.4,28.3,28.2,28.2
10,淡水,38,相對濕度,RH,percent,2001-07-26,78,78,78,79,81,82,79,76,80,80,75,80,80,79,78,82,81,85,85,84,84,86,82,81
11,士林,1,二氧化硫,SO2,ppb,2001-07-26,3.1,1.3,0.8,2.9,3.6,1.3,2.9,4.9,5.3,4.2,4.7,2.2,1.5,1,0.6,0.6,1.4,1.7,0.5,0.7,5.4,3.6,1.8,2.6
11,士林,2,一氧化碳,CO,ppm,2001-07-26,1.2,0.7,0.5,1,1,0.6,0.7,0.8,1.2,1,0.8,0.7,0.6,0.6,0.6,0.5,0.7,0.6,0.5,0.6,0.9,0.8,1.3,0.8
11,士林,3,臭氧,O3,ppb,2001-07-26,1.5,0.7,0.6,1.4,1,0.5,1.9,3.7,11,22,41,55,60,63,56,36,25,12,2.7,2,2.3,1.6,3.5,1.5
11,士林,4,懸浮微粒,PM10,μg/m3,2001-07-26,19,20,17,12,18,12,11,20,20,34,37,42,46,35,35,29,20,16,16,14,11,50,48,67
11,士林,5,氮氧化物,NOx,ppb,2001-07-26,56,33,23,x,65,24,41,48,59,41,29,19,17,19,18,11,20,21,21,23,50,42,50,45
11,士林,6,一氧化氮,NO,ppb,2001-07-26,38,20,13,x,49,15,29,27,23,8,4.5,1.4,1.1,2,2.6,1.4,1.9,3.9,8.6,12,26,23,28,12
11,士林,7,二氧化氮,NO2,ppb,2001-07-26,18,13,9.7,x,16,9.5,12,21,36,33,25,17,16,17,15,9.1,19,18,13,12,24,19,22,33
11,士林,10,風速,WIND_SPEED,m/sec,2001-07-26,0,0.1,0.1,0.1,0,0.1,0.8,0.1,0.3,0.6,1.6,2.5,2.9,2,2.5,2.6,1.2,2,2.2,1.9,0.3,0.6,0.5,0.7
11,士林,11,風向,WIND_DIREC,degrees,2001-07-26,216,143,132,888,888,128,107,167,221,235,301,295,302,299,302,304,285,137,132,116,888,142,888,306
11,士林,14,溫度,AMB_TEMP,℃,2001-07-26,27.3,27.4,27,26.7,26.6,26.6,26.9,28.1,29.4,30.1,30.7,30.3,30.1,30.8,31.8,30.6,29.8,30,29.9,29.4,28.6,28.4,28.2,27.7
12,中山,1,二氧化硫,SO2,ppb,2001-07-26,1.6,1.6,1.5,0.8,3.4,5.5,3.1,3.7,4.4,4.1,5.7,9.7,5.1,4,9.7,7.1,1.4,1.9,1.2,2.7,15,11,10,12
12,中山,2,一氧化碳,CO,ppm,2001-07-26,0.9,0.8,0.7,0.5,0.6,0.6,0.6,0.9,1.2,0.9,0.5,0.7,0.9,0.8,0.6,0.7,0.8,1.2,1.3,1.1,1.8,1.6,1.5,1.2
12,中山,3,臭氧,O3,ppb,2001-07-26,1.2,1.3,1.2,1.3,1.7,1.7,x,3.5,6.2,16,26,39,56,61,30,27,12,8.6,3.3,2.5,3,2.7,2.7,3.6
12,中山,4,懸浮微粒,PM10,μg/m3,2001-07-26,29,35,25,19,16,35,37,37,36,50,50,48,43,53,52,35,32,33,34,33,26,51,67,86
12,中山,5,氮氧化物,NOx,ppb,2001-07-26,43,40,35,x,39,39,38,51,73,41,24,31,34,23,30,31,28,44,49,45,96,74,71,56
12,中山,6,一氧化氮,NO,ppb,2001-07-26,30,29,25,x,28,27,27,34,41,15,6.5,5.2,1.5,2.4,6.9,8.1,13,17,30,28,45,29,24,12
12,中山,7,二氧化氮,NO2,ppb,2001-07-26,13,11,9.8,x,11,12,11,18,33,26,18,26,32,20,23,23,15,27,19,18,51,45,48,44
12,中山,8,總碳氫化合物,THC,ppm,2001-07-26,2.6,2.6,2.3,2.3,2.7,2.5,2.4,2.7,2.9,2.6,2.1,2.3,2.5,2.4,2.2,2.1,2.2,2.7,2.4,2.6,3.9,3.7,3.6,3.3
12,中山,9,非甲烷碳氫化合物,NMHC,ppm,2001-07-26,0.4,0.3,0.1,0.3,0.5,0.3,0.3,0.4,0.5,0.4,0.1,0.2,0.4,0.4,0.2,0.1,0.3,0.7,0.4,0.5,1.2,1,1,0.8
12,中山,14,溫度,AMB_TEMP,℃,2001-07-26,28.9,28.8,28.5,28.2,28,27.9,28.2,29.2,30.2,31.1,32.9,33.1,31.5,32,33.2,32.8,32.2,31.2,31,30.5,29.7,29.4,29.2,28.9
12,中山,31,甲烷,CH4,ppm,2001-07-26,2.3,2.3,2.2,2,2.1,2.2,2.1,2.2,2.4,2.2,2,2.1,2.1,2,2,2,1.9,2.1,2.1,2.1,2.7,2.6,2.6,2.5
13,萬華,1,二氧化硫,SO2,ppb,2001-07-26,1.1,0.3,1.3,5.1,6.1,6,0.9,0.9,1.8,2.2,12,12,6.7,6.5,8.1,5.2,6.5,14,12,12,9.1,7.8,8.1,8.6
13,萬華,2,一氧化碳,CO,ppm,2001-07-26,0.7,0.5,0.5,0.6,0.5,0.6,0.5,0.7,1.3,1.5,0.8,0.9,1,0.9,0.9,0.9,0.9,1,1.2,1.4,1.4,1.1,1,1
13,萬華,3,臭氧,O3,ppb,2001-07-26,2.6,2.6,2.9,2.8,2.7,2.9,3.4,3.9,6.2,14,25,43,67,74,59,50,36,24,21,6.2,4.1,4.7,7.2,5.1
13,萬華,4,懸浮微粒,PM10,μg/m3,2001-07-26,22,27,32,19,32,31,23,23,29,100,100,84,82,44,44,40,44,44,49,70,93,93,93,89
13,萬華,5,氮氧化物,NOx,ppb,2001-07-26,30,19,18,x,40,36,24,30,54,67,38,37,36,32,36,32,38,42,58,86,69,54,50,56
13,萬華,6,一氧化氮,NO,ppb,2001-07-26,16,7.8,7,x,25,21,14,16,26,23,9.5,4.9,1,1.2,1.7,1.1,1,0.8,2.8,15,11,5.1,3.6,5.1
13,萬華,7,二氧化氮,NO2,ppb,2001-07-26,14,12,11,x,15,15,10,14,27,44,28,32,35,31,34,31,37,41,55,71,58,49,47,51
13,萬華,10,風速,WIND_SPEED,m/sec,2001-07-26,0,0.1,0.1,0,0,0,0.2,0.3,x,0.4,1.1,1.2,0.9,1.2,0.7,1.3,0.7,x,0,0,0,0,0,0
13,萬華,11,風向,WIND_DIREC,degrees,2001-07-26,193,171,181,999,999,198,164,173,153,152,74,10,349,352,347,323,322,888,196,999,999,888,888,999
13,萬華,14,溫度,AMB_TEMP,℃,2001-07-26,29,28.8,28.6,28.4,28,28,29,29.6,30.6,32.2,33.4,33.5,32.5,32.8,33.4,32.2,31.4,31.2,30.6,30.1,29.9,29.7,29.5,29.4
14,古亭,1,二氧化硫,SO2,ppb,2001-07-26,0.3,0.2,0,0,0.2,0.4,1.9,2,2.4,6.6,21,20,17,14,16,9.3,4.5,6.1,1.5,15,11,11,5.5,10
14,古亭,2,一氧化碳,CO,ppm,2001-07-26,0.5,0.4,0.3,0.3,0.3,0.4,0.8,1.1,1.4,1.2,0.6,0.5,0.6,0.6,0.6,0.6,0.9,1.3,1,1.6,1.4,1.5,1.2,1
14,古亭,3,臭氧,O3,ppb,2001-07-26,0.5,0.4,0.6,0.4,0.5,0.5,x,1.9,3.5,9.3,17,24,23,33,24,15,16,21,3.9,3,3.3,5.2,10,8.3
14,古亭,4,懸浮微粒,PM10,μg/m3,2001-07-26,20,12,17,24,24,18,25,30,31,34,43,43,37,30,32,40,23,16,26,15,42,42,64,64
14,古亭,5,氮氧化物,NOx,ppb,2001-07-26,22,21,14,x,18,23,71,61,70,70,44,38,41,34,36,32,42,53,44,88,75,70,47,51
14,古亭,6,一氧化氮,NO,ppb,2001-07-26,14,14,7.2,x,9.8,16,60,46,47,36,17,10,9,6.7,7.8,11,15,15,26,25,24,24,17,9.3
14,古亭,7,二氧化氮,NO2,ppb,2001-07-26,8,7.2,6.9,x,8.2,7.3,11,15,23,34,27,27,32,27,28,21,27,39,18,63,50,46,30,41
14,古亭,8,總碳氫化合物,THC,ppm,2001-07-26,1.8,1.7,1.8,1.8,1.8,1.8,2.1,2.2,2.6,2.6,2.2,2.1,2.3,2.1,2.2,1.9,2.2,2.7,2.1,3,2.8,3.2,2.4,2.6
14,古亭,9,非甲烷碳氫化合物,NMHC,ppm,2001-07-26,0.2,0.1,0.1,0,0.1,0.1,0.3,0.5,0.6,0.6,0.4,0.3,0.4,0.3,0.3,0.2,0.4,0.9,0.4,1.1,0.9,1.1,0.6,0.7
14,古亭,10,風速,WIND_SPEED,m/sec,2001-07-26,1.5,1.3,1.7,1.5,1.1,1,1,0.9,1.1,1.5,2.4,2.3,2.1,1.8,2.4,2.3,1.9,1.3,1.3,1.4,1.6,1.7,1.7,1.5
14,古亭,11,風向,WIND_DIREC,degrees,2001-07-26,194,203,193,212,178,188,194,222,109,101,44,29,64,46,31,87,124,888,102,222,223,244,229,266
14,古亭,14,溫度,AMB_TEMP,℃,2001-07-26,28.5,28.4,28,28,28,27.8,28.7,29.3,30.6,32.5,34.1,34.4,33.5,34.4,34.1,33.8,33.2,32.1,31.8,30.6,30.5,30.3,29.9,29.8
14,古亭,31,甲烷,CH4,ppm,2001-07-26,1.7,1.7,1.7,1.8,1.7,1.7,1.7,1.7,1.9,2,1.8,1.8,1.9,1.9,1.8,1.7,1.8,1.8,1.7,1.8,1.9,2.2,1.8,2
14,古亭,33,細懸浮微粒,PM2.5,μg/m3,2001-07-26,4.7,8.2,0.9,5.8,3.4,12,8.7,12,14,18,24,16,14,4.5,17,12,6.3,34,12,34,37,42,24,28
15,松山,1,二氧化硫,SO2,ppb,2001-07-26,1.3,2,1.1,1.7,0.6,1.4,1.6,2,5.4,13,28,27,21,x,30,11,2,1.1,1,0.8,2.7,5.7,6.1,6.3
15,松山,2,一氧化碳,CO,ppm,2001-07-26,0.6,0.6,0.5,0.4,0.4,0.4,0.5,0.7,1.2,0.9,0.5,0.4,0.4,x,0.5,0.6,0.5,0.6,0.8,0.7,0.8,1.2,1.2,1.2
15,松山,3,臭氧,O3,ppb,2001-07-26,1,1.1,0.9,0.7,0.8,1.1,3.3,4.2,6.1,8.8,16,24,25,x,19,22,12,7.9,4.4,4.1,4,3.2,4.5,5.8
15,松山,4,懸浮微粒,PM10,μg/m3,2001-07-26,12,14,18,18,18,23,18,12,18,26,35,30,31,x,x,36,46,24,12,12,12,24,26,36
15,松山,5,氮氧化物,NOx,ppb,2001-07-26,30,31,28,x,20,22,36,44,72,65,42,33,30,x,42,35,27,30,33,32,46,65,63,54
15,松山,6,一氧化氮,NO,ppb,2001-07-26,20,22,19,x,11,12,23,26,41,34,19,10,6.5,x,15,10,14,18,23,19,22,24,19,15
15,松山,7,二氧化氮,NO2,ppb,2001-07-26,11,9.6,9.4,x,8.3,9.6,12,18,31,31,24,23,24,x,27,24,14,12,10,13,24,41,44,40
15,松山,10,風速,WIND_SPEED,m/sec,2001-07-26,0.3,0.1,0.2,0.8,0.8,0.5,0.1,0.1,0.5,1.1,1.4,1.7,1.5,1.4,1.6,1.5,2,1.9,1.3,1.3,0.6,0.6,1.2,0.9
15,松山,11,風向,WIND_DIREC,degrees,2001-07-26,84,97,107,234,233,236,888,888,81,75,56,52,54,46,49,67,111,107,109,110,888,100,240,242
15,松山,14,溫度,AMB_TEMP,℃,2001-07-26,28.6,28.2,28.2,28,27.7,27.5,28.2,29.1,30,31,32.3,32.5,31.8,32.2,33,33.1,32.5,31.2,30.6,30,29.9,29.6,29.2,29.3
16,大同,1,二氧化硫,SO2,ppb,2001-07-26,5.9,4.4,2.6,3.2,7.9,8.5,9.5,6.4,7.3,7.8,9.3,5.8,6.2,6.5,6.1,5.9,6.5,9.1,11,21,19,16,14,16
16,大同,2,一氧化碳,CO,ppm,2001-07-26,1.9,1.4,1.6,1.3,1.3,1.5,2.7,2.9,3.5,3.3,2.9,1.6,1.4,1.6,1.8,2.1,2.2,3.9,4.3,4.7,3.6,3.7,3.8,3.8
16,大同,4,懸浮微粒,PM10,μg/m3,2001-07-26,43,46,25,26,26,31,37,41,46,46,68,70,70,72,42,29,41,42,74,95,121,116,115,115
16,大同,5,氮氧化物,NOx,ppb,2001-07-26,88,75,70,x,91,86,195,144,152,158,137,63,53,68,76,85,85,113,131,175,149,136,146,149
16,大同,6,一氧化氮,NO,ppb,2001-07-26,72,61,57,x,75,72,179,117,111,111,88,22,12,24,29,41,49,61,73,108,95,90,94,99
16,大同,7,二氧化氮,NO2,ppb,2001-07-26,17,14,13,x,15,14,16,27,41,47,48,41,41,44,47,44,36,52,58,67,54,45,51,51
16,大同,8,總碳氫化合物,THC,ppm,2001-07-26,3.8,3.3,2.8,2.9,3.2,3.5,3.9,3.7,4.4,3.8,3.9,3.3,2.9,3,2.9,3,3.5,4.3,4.7,5.1,5.6,5.6,5.1,4.5
16,大同,9,非甲烷碳氫化合物,NMHC,ppm,2001-07-26,1.1,0.7,0.5,0.5,0.7,1,1.6,1.2,2,1.5,1.7,0.9,0.6,0.7,0.7,0.8,1.4,1.9,2.3,2.3,2.4,1.9,1.8,1.8
16,大同,14,溫度,AMB_TEMP,℃,2001-07-26,28.9,28.9,29,28.7,28.2,28.2,29,29.7,30.8,31.9,33.4,32.7,31.8,32.7,33.1,32.4,31.8,31.2,31,30.4,29.8,29.7,29.5,29.5
16,大同,31,甲烷,CH4,ppm,2001-07-26,2.7,2.6,2.4,2.4,2.5,2.5,2.3,2.6,2.4,2.3,2.2,2.4,2.3,2.3,2.2,2.1,2.1,2.4,2.4,2.8,3.2,3.6,3.2,2.7
17,桃園,1,二氧化硫,SO2,ppb,2001-07-26,26,25,17,4.4,7.8,5.3,9.5,8.1,10,14,9.2,11,8.9,14,9.2,10,8.4,9.7,3.8,5.3,5.5,4.8,7.8,6.4
17,桃園,2,一氧化碳,CO,ppm,2001-07-26,0.7,0.6,0.4,0.4,0.5,0.6,0.5,0.8,1.1,0.7,0.8,0.7,0.6,0.5,0.6,0.6,0.7,0.7,0.7,0.6,0.8,0.6,0.8,0.7
17,桃園,3,臭氧,O3,ppb,2001-07-26,4.9,4.2,3.4,1.9,2.3,7.7,x,5.4,10,22,38,34,43,62,60,57,27,11,15,20,20,24,22,26
17,桃園,4,懸浮微粒,PM10,μg/m3,2001-07-26,28,44,65,57,50,38,25,45,57,57,49,30,31,18,24,35,35,49,66,54,53,49,24,45
17,桃園,5,氮氧化物,NOx,ppb,2001-07-26,63,57,36,x,31,18,36,47,50,31,41,43,36,30,26,25,47,48,27,25,27,26,36,27
17,桃園,6,一氧化氮,NO,ppb,2001-07-26,41,37,20,x,17,4.1,21,27,22,8.4,7.3,9.2,5.2,2.7,1.6,1.4,7.1,10,3.3,1.4,1.1,0.2,0.3,0.2
17,桃園,7,二氧化氮,NO2,ppb,2001-07-26,22,21,16,x,14,14,15,20,28,23,33,33,30,28,24,23,40,38,24,24,26,25,35,27
17,桃園,8,總碳氫化合物,THC,ppm,2001-07-26,2.7,2.8,2.4,2.3,2.6,2,2.4,2.2,2.4,2.8,2.4,2.3,2.1,2.1,2.2,2.2,2.2,2.1,1.9,1.9,2.2,2.2,2.6,2.5
17,桃園,9,非甲烷碳氫化合物,NMHC,ppm,2001-07-26,0.6,0.4,0.3,0.3,0.3,0.2,0.4,0.3,0.4,0.3,0.4,0.4,0.4,0.4,0.4,0.4,0.3,0.3,0.3,0.2,0.4,0.3,0.4,0.4
17,桃園,10,風速,WIND_SPEED,m/sec,2001-07-26,0.3,0.3,0.4,0.1,0.4,0.4,0.7,0.1,0.2,0.4,0.5,1.3,1.5,1.4,2.1,1.6,1,0.9,0.7,0.7,0.7,0.4,1,0.5
17,桃園,11,風向,WIND_DIREC,degrees,2001-07-26,187,174,254,224,241,246,234,888,116,123,65,30,32,34,39,42,31,328,357,333,321,272,266,256
17,桃園,14,溫度,AMB_TEMP,℃,2001-07-26,25.5,25.6,25.4,25.6,25.7,25.9,27.6,27.7,29,30.4,31.2,31.9,31.9,31.5,30.4,29.7,29,28.6,28.2,27.8,27.9,27.8,27.5,27.3
17,桃園,31,甲烷,CH4,ppm,2001-07-26,2.2,2.4,2.1,2.1,2.3,1.8,2,1.9,2,2.4,2,1.9,1.8,1.8,1.8,1.8,1.8,1.7,1.6,1.7,1.8,1.9,2.1,2.1
18,大園,1,二氧化硫,SO2,ppb,2001-07-26,7.3,7.4,4.3,5.2,3.9,3.3,3.4,3.3,6.5,6.5,3.3,1.5,0.9,2,2,1.8,1.3,1.2,0.8,1,11,8.2,3.7,5.4
18,大園,2,一氧化碳,CO,ppm,2001-07-26,0.9,0.8,0.7,0.3,0.3,0.3,0.3,0.4,0.3,0.5,0.4,0.4,0.3,0.3,0.4,0.3,0.3,0.2,0.2,0.3,0.4,0.4,0.5,0.5
18,大園,3,臭氧,O3,ppb,2001-07-26,0.6,0.5,0.4,3.1,3.3,1.8,x,11,8.1,12,23,29,29,54,56,59,40,20,18,11,4.7,8.8,14,10
18,大園,4,懸浮微粒,PM10,μg/m3,2001-07-26,x,x,x,x,x,x,x,x,x,x,x,x,x,x,x,x,x,x,x,x,x,x,x,x
18,大園,5,氮氧化物,NOx,ppb,2001-07-26,67,57,48,x,21,36,30,22,37,35,17,7.7,4.3,6.6,10,5.4,3.2,3.5,2.6,9.7,44,30,22,27
18,大園,6,一氧化氮,NO,ppb,2001-07-26,45,37,33,x,3.2,15,12,5.9,15,13,4.7,1.8,0.7,0.4,1.8,0.3,0.2,0.2,0.1,0.3,14,3.2,1.4,1
18,大園,7,二氧化氮,NO2,ppb,2001-07-26,23,20,15,x,18,21,18,16,22,21,12,5.9,3.6,6.2,8.3,5.1,3,3.3,2.5,9.4,30,27,20,26
18,大園,10,風速,WIND_SPEED,m/sec,2001-07-26,0.9,0.7,0.9,1.3,0.8,0.2,0.9,0.3,0.1,0.5,1.8,2.1,1.8,1.9,2.9,2.9,2,0.8,1,0.5,1,0.5,0.8,0.6
18,大園,11,風向,WIND_DIREC,degrees,2001-07-26,184,179,200,242,213,196,189,243,282,36,20,352,331,11,13,27,1,331,289,262,242,194,207,226
18,大園,14,溫度,AMB_TEMP,℃,2001-07-26,26.8,26.9,26.9,27.2,26.4,26.6,28.6,28.8,29.1,29.8,30.2,30.6,30.8,30,29.7,29.4,29.3,29.1,28.8,28.3,28.1,28.1,28.1,28.1
19,觀音,1,二氧化硫,SO2,ppb,2001-07-26,8.4,2.9,4.2,0.9,2.5,3.7,1.4,2.6,3.8,2,0.7,2.6,2.4,3,x,1.9,5.8,5.3,5.6,0.8,2,1.6,0.8,4
19,觀音,2,一氧化碳,CO,ppm,2001-07-26,0.4,0.3,0.2,0.1,0.2,0.3,0.2,0.3,0.2,0.2,0.2,0.2,0.2,0.2,x,0.1,0.1,0.1,0.1,0.1,0.3,0.4,0.3,0.4
19,觀音,3,臭氧,O3,ppb,2001-07-26,6.6,10,8.6,20,9,2.5,x,13,17,23,32,39,47,47,x,57,58,59,45,38,33,38,30,9.8
19,觀音,4,懸浮微粒,PM10,μg/m3,2001-07-26,28,27,24,20,11,10,10,10,10,10,13,19,14,11,15,16,11,10,13,16,16,23,33,38
19,觀音,5,氮氧化物,NOx,ppb,2001-07-26,x,x,x,x,x,x,x,x,x,x,x,x,x,x,x,x,9.6,7.8,12,3.9,12,14,14,23
19,觀音,6,一氧化氮,NO,ppb,2001-07-26,x,x,x,x,x,x,x,x,x,x,x,x,x,x,x,x,1.2,0.6,0.2,0,0.2,0.1,0.2,0.7
19,觀音,7,二氧化氮,NO2,ppb,2001-07-26,x,x,x,x,x,x,x,x,x,x,x,x,x,x,x,x,8.3,7.2,12,3.8,12,13,13,23
19,觀音,8,總碳氫化合物,THC,ppm,2001-07-26,3.1,2.9,2.5,2.2,2.5,2.6,2.4,2.5,2.1,1.9,1.9,2.2,2.2,2.1,x,2.1,2,2.1,2.1,2.1,2.3,2.5,2.6,2.6
19,觀音,9,非甲烷碳氫化合物,NMHC,ppm,2001-07-26,0.5,0.3,0,0,0.1,0,0,0,0,0,0,0,0,0,x,0,0,0,0,0,0.1,0.1,0.1,0.1
19,觀音,10,風速,WIND_SPEED,m/sec,2001-07-26,1.4,1.2,1.7,1.5,1.5,1.5,1.5,0.9,0.5,0.7,1.9,2.4,1.8,1.9,2.2,2.4,2,1.3,1.4,1.3,0.2,0.7,0.9,1.1
19,觀音,11,風向,WIND_DIREC,degrees,2001-07-26,264,263,308,304,283,283,284,290,324,21,50,53,55,48,97,119,109,61,54,5,310,285,298,296
19,觀音,14,溫度,AMB_TEMP,℃,2001-07-26,27.2,27.2,26.7,25.7,25.4,25.6,26.5,26.8,28.1,28.8,29.3,29.3,28.7,29.5,30,29.4,28.8,28.3,27.7,26.1,27.3,27.6,27.4,27.1
19,觀音,21,酸雨,PH_RAIN,pH,2001-07-26,0,0,0,0,0,0,0,0,0,0,0,0,0,0,x,0,0,0,0,0,0,0,0,0
19,觀音,22,導電度,RAIN_COND,μmho/cm,2001-07-26,0,0,0,0,0,0,0,0,0,0,0,0,0,0,x,0,0,0,0,0,0,0,0,0
19,觀音,31,甲烷,CH4,ppm,2001-07-26,2.6,2.6,2.5,2.2,2.4,2.6,2.4,2.4,2.1,1.9,1.9,2.2,2.1,2.1,x,2.1,2,2.1,2.1,2,2.2,2.4,2.5,2.5
19,觀音,32,降雨強度,RAIN_INT,㎜,2001-07-26,x,x,x,x,x,x,x,x,0,0,0,0,0,0,0,0,0,0,0,0,0,0,0,0
20,平鎮,1,二氧化硫,SO2,ppb,2001-07-26,1.1,1.1,4.7,5.5,6.9,5.1,2.2,2.5,3.9,2.9,7.9,7.1,4.1,3.3,3.5,2.9,2.8,3.8,4.1,4.5,5.9,4.9,4.5,7
20,平鎮,2,一氧化碳,CO,ppm,2001-07-26,0.6,0.4,0.3,0.3,0.3,0.4,0.5,0.9,0.8,0.5,0.6,0.5,0.4,0.3,0.3,0.4,0.4,0.4,0.4,0.6,0.7,0.8,0.7,0.7
20,平鎮,3,臭氧,O3,ppb,2001-07-26,3.6,3.2,6.7,13,8.4,9.1,x,6.2,12,22,22,29,37,32,48,52,54,47,39,29,36,23,19,11
20,平鎮,4,懸浮微粒,PM10,μg/m3,2001-07-26,24,15,25,24,40,41,31,33,23,24,35,46,61,62,47,52,50,50,50,58,56,70,81,81
20,平鎮,5,氮氧化物,NOx,ppb,2001-07-26,20,17,19,x,19,21,26,42,38,23,42,40,23,19,17,15,14,18,21,29,30,38,37,39
20,平鎮,6,一氧化氮,NO,ppb,2001-07-26,3.8,3.3,3.8,x,1.9,3.4,8.6,20,15,5.7,11,7.9,3.6,3.3,2.1,1.8,1.6,1.6,1.7,2,1.8,2.5,2.4,2.9
20,平鎮,7,二氧化氮,NO2,ppb,2001-07-26,16,13,16,x,17,17,17,22,24,17,31,32,19,16,14,13,12,17,19,27,28,35,35,36
20,平鎮,8,總碳氫化合物,THC,ppm,2001-07-26,2.2,2.1,2.3,2.1,2,2.2,2.1,2.3,2,1.9,2.1,2.1,1.8,1.8,1.8,1.9,1.9,1.9,1.9,2,2.3,2.4,2.5,2.5
20,平鎮,9,非甲烷碳氫化合物,NMHC,ppm,2001-07-26,0.2,0.1,0.1,x,0.1,0.1,0.1,0.3,0.1,0.1,0.2,0.1,0,0,0,0,0,0,0.1,0.2,0.2,0.3,0.4,0.4
20,平鎮,14,溫度,AMB_TEMP,℃,2001-07-26,26,26,26.5,26.6,25.9,25.9,26.1,26.2,27.6,29.1,29.7,30.1,29.8,29.3,28.9,28.5,28.4,28,27.7,27.2,26.8,27,26.9,26.9
20,平鎮,31,甲烷,CH4,ppm,2001-07-26,2,1.9,2.2,2,1.9,2.1,2,2,1.9,1.9,1.9,2,1.8,1.7,1.8,1.9,1.8,1.9,1.8,1.9,2.1,2.1,2.1,2.2
21,龍潭,1,二氧化硫,SO2,ppb,2001-07-26,0.6,1.3,1.5,1.6,1,1.6,2.2,0.7,0.8,2.1,x,4.2,6.6,4.2,4.5,5.7,4.7,5.4,4.2,3,1.7,2.5,2.1,1.6
21,龍潭,2,一氧化碳,CO,ppm,2001-07-26,0.3,0.3,0.2,0.2,0.2,0.3,0.5,0.6,0.5,0.6,x,0.8,0.6,0.4,0.5,0.5,0.5,0.6,0.6,0.5,0.6,0.8,0.6,0.5
21,龍潭,3,臭氧,O3,ppb,2001-07-26,11,8.4,11,11,9.9,8.8,x,11,18,29,x,73,66,42,44,52,55,52,42,31,26,37,23,29
21,龍潭,4,懸浮微粒,PM10,μg/m3,2001-07-26,16,16,19,15,17,22,26,26,35,32,23,x,89,100,71,62,71,72,85,86,89,79,78,71
21,龍潭,5,氮氧化物,NOx,ppb,2001-07-26,16,22,17,x,20,25,50,42,29,27,x,37,42,30,35,39,34,32,33,35,38,29,38,31
21,龍潭,6,一氧化氮,NO,ppb,2001-07-26,3.3,5.5,1.6,x,4.4,7.2,29,25,14,8.4,x,4.4,5.5,6.1,6,4.2,3.5,3.1,2.9,4.2,5.2,3.6,4.4,3.3
21,龍潭,7,二氧化氮,NO2,ppb,2001-07-26,13,16,15,x,16,17,21,17,14,19,x,32,37,23,30,35,31,29,30,31,33,26,34,28
21,龍潭,10,風速,WIND_SPEED,m/sec,2001-07-26,0.4,0.9,0.7,1,1.9,1.6,0.9,0.2,0.6,1.6,1.9,1.6,1.9,2.6,2.3,1.9,1.6,1.4,1.2,1.1,1.1,0.8,0.9,1.3
21,龍潭,11,風向,WIND_DIREC,degrees,2001-07-26,136,157,173,146,159,154,153,101,74,349,4,330,315,288,308,324,318,314,251,216,193,194,201,186
21,龍潭,14,溫度,AMB_TEMP,℃,2001-07-26,25.2,24.8,25.2,25.1,24.5,24.5,24.9,25.6,27.9,29,29.8,30.3,29.7,29.1,27.9,28,27.8,27.7,27.1,26.3,25.7,25.8,25.9,25.9
22,湖口,1,二氧化硫,SO2,ppb,2001-07-26,0.5,1.9,5.5,7.5,7,2.4,5.9,1.5,x,1.5,2.1,0.6,0.1,0.1,1,1.2,1.5,4.7,2.5,0.9,1.4,4.9,8.6,15
22,湖口,2,一氧化碳,CO,ppm,2001-07-26,0.4,0.3,0.3,0.4,0.3,0.3,0.4,0.8,x,x,0.3,0.3,0.3,0.3,0.3,0.3,0.3,0.4,0.4,0.4,0.6,0.6,0.5,0.5
22,湖口,3,臭氧,O3,ppb,2001-07-26,6.1,2.7,4.2,0.3,0.4,1.4,x,3.9,x,22,34,34,31,32,36,39,49,60,54,53,30,10,11,11
22,湖口,4,懸浮微粒,PM10,μg/m3,2001-07-26,16,12,13,14,18,26,28,18,21,x,x,25,33,21,22,23,24,38,40,31,33,42,50,56
22,湖口,5,氮氧化物,NOx,ppb,2001-07-26,20,22,19,x,28,22,31,37,x,x,8.3,6.3,5.9,5.7,7.4,8.1,9.4,11,10,9.3,21,28,31,34
22,湖口,6,一氧化氮,NO,ppb,2001-07-26,2.1,2.7,2.2,x,8,3.4,9.9,15,x,x,2,0.9,0.7,0.7,0.7,0.7,0.7,0.7,0.8,0.7,1.9,2.6,2.4,2.2
22,湖口,7,二氧化氮,NO2,ppb,2001-07-26,18,19,17,x,20,19,21,22,x,x,6.3,5.4,5.3,5,6.6,7.4,8.7,11,9.5,8.7,19,25,28,32
22,湖口,10,風速,WIND_SPEED,m/sec,2001-07-26,1.3,1.4,1.6,1,1.6,1.1,1.2,0.4,0.4,0.9,1.3,2.2,2.1,1.7,1.5,1.6,1.9,1.6,0.6,0.2,0.9,1.2,0.8,1.2
22,湖口,11,風向,WIND_DIREC,degrees,2001-07-26,158,157,208,175,165,172,162,160,888,358,354,323,333,339,344,354,341,9,345,263,195,153,167,183
22,湖口,14,溫度,AMB_TEMP,℃,2001-07-26,26,26,26.2,24.9,24.7,24.6,25,26.9,29.2,31.5,33.6,31.7,30.3,31.4,32.4,31.4,29.6,29.6,28.5,28,27.6,27,26.8,26.8
23,竹東,1,二氧化硫,SO2,ppb,2001-07-26,0.6,1.7,0.6,1.8,0.2,1.2,0.7,1.2,2.2,1.8,0.4,x,x,0.6,1.5,2.4,2.4,1.5,0.4,0.6,0.3,0.1,0.2,0
23,竹東,2,一氧化碳,CO,ppm,2001-07-26,0.2,0.2,0.2,0.2,0.2,0.3,0.4,0.5,0.5,0.5,0.3,x,x,0.4,0.4,0.4,0.5,0.6,0.5,0.5,0.6,0.6,0.5,0.4
23,竹東,3,臭氧,O3,ppb,2001-07-26,4.7,4.1,4,2.4,2.7,0.9,x,3.4,4,7.6,24,x,x,30,35,41,33,23,25,50,45,20,14,11
23,竹東,4,懸浮微粒,PM10,μg/m3,2001-07-26,16,13,13,15,18,14,16,23,29,29,23,22,x,x,37,47,48,49,39,37,42,49,41,32
23,竹東,5,氮氧化物,NOx,ppb,2001-07-26,6.4,7.8,6.2,x,5.5,10,13,17,31,37,15,x,x,15,17,20,23,23,14,14,19,17,12,8.3
23,竹東,6,一氧化氮,NO,ppb,2001-07-26,0.8,1,0.8,x,0.8,3,5.2,8.6,20,21,3.4,x,x,1.8,1.7,1.2,1.1,1.4,0.5,0.2,0.1,0.3,0.3,0.4
23,竹東,7,二氧化氮,NO2,ppb,2001-07-26,5.6,6.8,5.4,x,4.7,7.2,7.6,8.2,11,16,12,x,x,13,16,18,22,22,13,14,18,16,12,7.9
23,竹東,10,風速,WIND_SPEED,m/sec,2001-07-26,1.4,1,1.1,0.8,1,1,0.9,0.5,0.7,0.7,0.4,0.5,1.1,0.5,0.5,0.4,1,0.9,0.7,0.9,0.2,0.6,0.8,0.9
23,竹東,11,風向,WIND_DIREC,degrees,2001-07-26,139,142,143,150,137,153,146,146,155,314,338,338,316,325,333,337,315,279,214,173,139,144,156,135
23,竹東,14,溫度,AMB_TEMP,℃,2001-07-26,24.5,24.4,24.5,24.5,24.2,23.6,23.8,25,27.3,28.5,29.4,30.3,29.8,29.3,29.2,29.4,29.2,27.5,26.7,25.9,25.7,25.4,25.3,25.1
24,新竹,1,二氧化硫,SO2,ppb,2001-07-26,1.6,1.2,2.1,2.5,0.8,0.2,0.3,2.8,3.2,0.6,4.5,1.9,1.4,x,x,1.6,0.9,2.2,2.4,1.1,0.6,0.5,1.3,0.9
24,新竹,2,一氧化碳,CO,ppm,2001-07-26,0.5,0.2,0.3,0.2,0.2,0.3,0.5,0.9,1.1,0.5,0.5,0.5,0.4,x,x,0.4,0.5,0.4,0.5,0.6,1,1,1.3,0.6
24,新竹,3,臭氧,O3,ppb,2001-07-26,4.1,7.9,4.6,15,11,7.9,x,5.7,7.7,17,25,28,x,31,32,36,35,39,41,32,10,9.7,5.3,12
24,新竹,4,懸浮微粒,PM10,μg/m3,2001-07-26,20,13,12,51,48,106,98,61,52,52,52,72,x,x,x,x,x,x,20,19,20,42,64,54
24,新竹,5,氮氧化物,NOx,ppb,2001-07-26,18,11,14,x,12,13,20,43,48,20,18,11,8.8,x,x,8.8,9.4,9.7,11,17,36,42,53,19
24,新竹,6,一氧化氮,NO,ppb,2001-07-26,4.7,1.5,0.9,x,0.6,0.6,4.6,25,25,6.1,3.6,1.7,1.4,x,x,0.5,0.4,0.1,0.1,0.6,8.4,11,17,1.6
24,新竹,7,二氧化氮,NO2,ppb,2001-07-26,14,9.8,13,x,11,12,16,18,23,14,15,9.7,7.4,x,x,8.3,9,9.6,11,16,28,31,36,18
24,新竹,8,總碳氫化合物,THC,ppm,2001-07-26,x,x,x,x,x,x,x,x,x,x,x,x,x,x,x,x,x,x,x,x,x,x,x,x
24,新竹,9,非甲烷碳氫化合物,NMHC,ppm,2001-07-26,x,x,x,x,x,x,x,x,x,x,x,x,x,x,x,x,x,x,x,x,x,x,x,x
24,新竹,10,風速,WIND_SPEED,m/sec,2001-07-26,1.3,1,0.6,1.1,1,0.4,0.6,0.6,0.8,1,1.2,1.7,1.8,1.4,1.7,1.7,1.7,1.4,1,0.5,0.7,0.9,0.6,1.1
24,新竹,11,風向,WIND_DIREC,degrees,2001-07-26,147,143,199,206,132,139,137,110,76,360,348,314,303,336,348,331,332,337,339,337,149,138,127,145
24,新竹,14,溫度,AMB_TEMP,℃,2001-07-26,26.7,26.6,26.8,26.2,25.6,25.6,26.1,27,28.4,29.8,30.5,30.2,29.7,30.1,30.8,30.9,29.9,29.6,29.3,29.1,27.8,27.2,27.4,27
24,新竹,31,甲烷,CH4,ppm,2001-07-26,x,x,x,x,x,x,x,x,x,x,x,x,x,x,x,x,x,x,x,x,x,x,x,x
25,頭份,1,二氧化硫,SO2,ppb,2001-07-26,0.3,0.6,3.5,3.8,0.5,2.1,1,0.8,2,9,4,x,x,x,5.3,3.7,2.6,1.9,3.3,1.8,1.2,0.6,0.5,0.7
25,頭份,4,懸浮微粒,PM10,μg/m3,2001-07-26,38,38,44,45,42,47,39,43,47,38,51,x,49,x,x,x,44,48,36,39,50,54,45,48
25,頭份,5,氮氧化物,NOx,ppb,2001-07-26,14,19,18,x,20,30,36,30,24,21,10,x,x,x,x,5.6,6.4,5.8,7.7,23,28,22,20,23
25,頭份,6,一氧化氮,NO,ppb,2001-07-26,4,4.9,3.5,x,4.2,13,20,16,10,8.5,2.3,x,x,x,x,0.4,0.1,0.1,0.1,3.2,5.8,3.2,2.9,6.3
25,頭份,7,二氧化氮,NO2,ppb,2001-07-26,10,14,14,x,16,17,16,14,14,13,7.8,x,x,x,x,5.2,6.3,5.7,7.5,20,23,19,17,17
25,頭份,8,總碳氫化合物,THC,ppm,2001-07-26,2.1,2.2,1.9,1.8,2,2.1,2,2,1.9,1.7,1.8,x,x,x,x,x,x,1.4,1.7,1.9,1.9,2,2.1,2
25,頭份,9,非甲烷碳氫化合物,NMHC,ppm,2001-07-26,0.1,0.1,0,0,0,0,0,x,0,0,0,x,x,x,x,x,x,0,0,0,0,0,0,0
25,頭份,10,風速,WIND_SPEED,m/sec,2001-07-26,1.6,0.7,1.2,2.6,1.4,0.6,0.8,1,1.1,1.7,2.1,x,2.8,2.3,2.2,2.3,2.2,1.3,1,1.2,1.3,1.2,1.4,1.6
25,頭份,11,風向,WIND_DIREC,degrees,2001-07-26,137,120,54,888,129,127,117,98,97,7,353,x,346,343,359,354,341,1,357,143,129,121,116,129
25,頭份,14,溫度,AMB_TEMP,℃,2001-07-26,26.3,26.6,26.1,25.4,25.5,25.5,25.7,26.3,28.1,29.6,29.8,x,29.9,30.3,31.2,31,29.6,29.5,29.2,28.5,27.9,27.1,26.6,26.6
25,頭份,31,甲烷,CH4,ppm,2001-07-26,2.1,2.1,1.9,1.8,2,2.1,2,x,1.9,1.7,1.8,x,x,x,x,x,x,1.4,1.6,1.9,1.9,2,2.1,2
26,苗栗,1,二氧化硫,SO2,ppb,2001-07-26,1.3,1.3,3.5,3,1.5,1.3,1.8,2,3.5,2.4,2.7,2.4,2,1.9,2,1.9,x,x,3,3.7,2.7,2.5,2.9,3.6
26,苗栗,2,一氧化碳,CO,ppm,2001-07-26,0.3,0.3,0.3,0.3,0.3,0.3,0.4,0.8,0.6,0.5,0.4,0.3,0.4,0.3,0.3,0.4,0.4,x,0.4,0.4,0.4,0.5,0.3,0.3
26,苗栗,3,臭氧,O3,ppb,2001-07-26,10,16,8.2,9.7,4,3.1,x,7.1,7.6,14,23,30,35,37,37,34,33,x,23,10,25,12,15,5.3
26,苗栗,4,懸浮微粒,PM10,μg/m3,2001-07-26,15,12,14,20,14,12,15,13,12,11,16,17,16,13,11,x,x,x,12,13,22,19,12,11
26,苗栗,5,氮氧化物,NOx,ppb,2001-07-26,10,7.9,18,x,15,19,22,29,39,20,15,7.5,8.1,5.5,6,x,x,x,26,36,27,40,32,39
26,苗栗,6,一氧化氮,NO,ppb,2001-07-26,0.2,0.1,0.4,x,2.2,2.4,6,11,21,7.1,2.7,0.5,0.8,0.2,0.2,x,x,x,6.7,8.2,4.6,7,4.9,9.4
26,苗栗,7,二氧化氮,NO2,ppb,2001-07-26,9.9,7.8,18,x,12,16,16,17,18,13,12,7,7.3,5.4,5.8,x,x,x,19,28,22,33,28,29
26,苗栗,10,風速,WIND_SPEED,m/sec,2001-07-26,1.1,0.9,0.8,0.3,0.6,0.1,0.3,x,0.6,1.1,1.7,2,1.9,1.8,1.3,1.1,1.2,0.7,0.2,0.7,0.4,0.1,0.1,0.7
26,苗栗,11,風向,WIND_DIREC,degrees,2001-07-26,194,215,215,888,143,888,190,888,72,35,16,2,343,355,341,311,339,311,317,150,168,160,176,181
26,苗栗,14,溫度,AMB_TEMP,℃,2001-07-26,25.8,26.2,26.3,25.9,25,25.2,25.4,26.2,27.1,27.9,28.4,28.8,29.3,29.4,29.6,29.6,29.1,28.7,28.2,27.8,26.8,26.2,25.9,25.8
27,三義,1,二氧化硫,SO2,ppb,2001-07-26,0.6,0.3,0.4,0.5,0.3,0.3,0.3,0.4,0.4,1.3,0.9,0.9,0.8,0.8,1.2,1.4,1.7,1.5,1.1,0.8,0.5,0.4,1.1,0.4
27,三義,2,一氧化碳,CO,ppm,2001-07-26,0.4,0.3,0.3,0.3,0.2,0.2,0.2,0.3,0.3,0.3,0.3,0.3,0.3,0.3,0.3,0.3,0.3,0.3,0.3,0.3,0.3,0.3,0.5,0.3
27,三義,3,臭氧,O3,ppb,2001-07-26,5,0.3,0.7,0.2,8.6,11,x,9.5,14,18,16,23,29,36,33,42,43,29,20,14,14,7.3,1.3,12
27,三義,4,懸浮微粒,PM10,μg/m3,2001-07-26,29,34,33,38,48,29,24,24,11,17,x,x,x,11,11,11,29,23,23,29,16,13,11,26
27,三義,5,氮氧化物,NOx,ppb,2001-07-26,38,31,26,x,18,11,17,16,13,13,18,11,10,8.3,7.8,8.4,9.5,12,13,13,7.4,9.1,36,8.2
27,三義,6,一氧化氮,NO,ppb,2001-07-26,20,9.6,7.7,x,5.4,0.9,2.8,5.2,4.7,3.9,4.8,1.9,1.7,1.4,1.6,1.2,0.9,1.2,0.6,0.2,0.2,0.7,20,0.2
27,三義,7,二氧化氮,NO2,ppb,2001-07-26,18,21,18,x,13,10,15,11,8.4,8.5,13,9.5,8.6,7,6.2,7.1,8.6,11,13,13,7.2,8.4,15,8
27,三義,8,總碳氫化合物,THC,ppm,2001-07-26,2.4,2.3,x,2.3,2.3,2.2,2.2,2.2,2.2,2.2,2.3,2.3,2.2,2.2,2.2,2.2,2.3,2.2,2.2,2.3,2.3,2.4,2.4,2.3
27,三義,9,非甲烷碳氫化合物,NMHC,ppm,2001-07-26,0.1,0.1,x,0,0,0,0,0,0,0,0,0,0,0,0,0,0,0,0,0.1,0,0.1,0.1,0
27,三義,10,風速,WIND_SPEED,m/sec,2001-07-26,0,0,0,0.3,0.5,0.6,0.3,0.8,1.8,2.8,3,2.1,2.3,2.8,2.8,1.7,1.9,2,0.8,0.6,0.4,0.2,0.9,0.8
27,三義,11,風向,WIND_DIREC,degrees,2001-07-26,999,999,999,36,34,31,26,21,22,20,16,21,9,356,347,3,2,348,30,32,25,35,28,30
27,三義,14,溫度,AMB_TEMP,℃,2001-07-26,23.1,23,23.2,23.5,23.5,23.6,23.8,24.1,24.9,25.7,26,25.8,26.5,27.1,27,27.7,27.2,26.2,25.5,25.2,24.7,24.2,24.1,24.1
27,三義,21,酸雨,PH_RAIN,pH,2001-07-26,0,0,0,5.4,5.5,0,0,5.6,0,0,x,0,0,0,0,0,0,0,0,0,0,0,0,0
27,三義,22,導電度,RAIN_COND,μmho/cm,2001-07-26,0,0,0,7.9,50,0,0,28,0,0,x,0,0,0,0,0,0,0,0,0,0,0,0,0
27,三義,31,甲烷,CH4,ppm,2001-07-26,2.3,2.3,x,2.3,2.3,2.2,2.2,2.2,2.2,2.2,2.3,2.3,2.2,2.2,2.2,2.2,2.2,2.2,2.2,2.2,2.2,2.3,2.3,2.3
27,三義,32,降雨強度,RAIN_INT,㎜,2001-07-26,0,0,0,0.5,1,0,0,0.5,0,0,0,0,0,0,0,0,0,0,0,0,0,0,0,0
28,豐原,1,二氧化硫,SO2,ppb,2001-07-26,0.6,1.4,0.4,0.2,0.4,0.4,1.5,1.2,2.1,1.7,1.1,1.4,4.4,7.5,9.5,12,9,4.6,2.6,2.3,2.6,1.8,1.6,0.9
28,豐原,2,一氧化碳,CO,ppm,2001-07-26,0.5,x,x,x,x,0,0.2,0.2,0.1,0,0,0,0,x,0,0,0,0.3,0.2,0.2,0.5,0.6,0.3,0
28,豐原,3,臭氧,O3,ppb,2001-07-26,9.3,5.8,6.8,9,7.9,6.7,4.2,4,8.5,21,21,23,28,31,29,28,32,29,25,22,10,3.4,2.8,4
28,豐原,4,懸浮微粒,PM10,μg/m3,2001-07-26,13,19,32,25,20,20,20,21,27,31,28,32,26,35,38,32,32,44,38,35,37,37,43,39
28,豐原,5,氮氧化物,NOx,ppb,2001-07-26,20,20,15,x,13,16,32,31,29,16,18,19,20,23,27,29,28,26,20,22,34,40,33,21
28,豐原,6,一氧化氮,NO,ppb,2001-07-26,0.7,1.2,0.6,x,0.6,1.6,12,16,13,4.6,3.4,3.4,3,4.7,6.3,6,3.7,3.4,1.5,1.7,5.5,12,10,4.9
28,豐原,7,二氧化氮,NO2,ppb,2001-07-26,19,19,14,x,12,14,20,15,16,12,14,15,17,18,21,24,24,22,19,20,29,28,23,16
28,豐原,10,風速,WIND_SPEED,m/sec,2001-07-26,0.1,0,0.2,0.2,0.1,0.1,0,0.5,1,2.1,2,1.8,2.4,2.4,2.1,1.9,1.5,1.4,1.1,0.7,0.3,0.2,0.2,0.3
28,豐原,11,風向,WIND_DIREC,degrees,2001-07-26,16,18,7,12,26,21,18,2,339,337,325,319,329,319,317,326,310,299,321,330,345,9,12,10
28,豐原,14,溫度,AMB_TEMP,℃,2001-07-26,24.3,24.5,24.4,24.5,24.5,24.5,25.1,25.6,27.2,28.1,27.7,28,28,29,29.3,29.5,28.7,27.8,27.1,26.8,26.5,26.1,25.8,25.8
29,沙鹿,1,二氧化硫,SO2,ppb,2001-07-26,0.3,0.6,0.8,1,0.6,0.7,1.2,1.2,2,5,1.5,2.4,2.8,3.2,1.1,1.6,3.6,1.8,2,2.4,1.9,2.9,2.7,1.8
29,沙鹿,2,一氧化碳,CO,ppm,2001-07-26,0.5,1,0.8,0.5,0.4,0.4,0.5,0.6,0.4,0.5,0.3,0.3,0.3,0.3,0.3,0.3,0.3,0.4,0.4,0.4,0.4,0.4,0.4,0.5
29,沙鹿,3,臭氧,O3,ppb,2001-07-26,9.1,0.3,0.5,4.8,7.8,4.7,x,5.9,9.8,13,19,23,26,28,25,21,23,26,26,24,23,22,15,15
29,沙鹿,4,懸浮微粒,PM10,μg/m3,2001-07-26,x,x,x,x,x,x,x,x,x,x,x,x,x,x,x,x,x,x,x,x,x,x,x,x
29,沙鹿,5,氮氧化物,NOx,ppb,2001-07-26,14,35,30,x,9.3,12,25,23,16,17,6.6,7.9,7.3,7.1,4.4,5.5,9.3,6.9,7.8,9.8,10,12,14,14
29,沙鹿,6,一氧化氮,NO,ppb,2001-07-26,0.1,3.8,4.1,x,0.2,1.3,8.9,8.6,5.9,5.4,1.1,1.9,1.8,1.4,0.8,1,1.5,0.5,0.3,0.3,0.2,0.3,0.4,0.2
29,沙鹿,7,二氧化氮,NO2,ppb,2001-07-26,14,31,26,x,9.1,11,16,14,9.7,11,5.5,5.9,5.5,5.7,3.6,4.5,7.8,6.3,7.5,9.5,10,12,14,14
29,沙鹿,10,風速,WIND_SPEED,m/sec,2001-07-26,0.3,0.2,1,1,0.8,0.7,0.9,1.7,2.9,2.4,1.8,2.1,2.9,2.6,2.4,2,2.1,1.4,1.2,1.1,1,1.2,0.7,0.7
29,沙鹿,11,風向,WIND_DIREC,degrees,2001-07-26,129,888,66,62,74,71,71,59,47,26,10,11,15,17,4,356,14,4,10,14,8,13,359,80
29,沙鹿,14,溫度,AMB_TEMP,℃,2001-07-26,26,25.9,25.8,26,25.9,25.8,26.2,27.2,28.6,29.5,29.8,30.3,30.6,30.7,31.4,30.6,30,29.3,28.8,28.5,28.5,28.3,28.1,27.9
30,大里,1,二氧化硫,SO2,ppb,2001-07-26,1.6,0.6,0.4,0.5,1.6,2.2,2.2,2.8,3.3,1.3,1.5,3.1,3,4.9,4.4,4.5,6.9,8.5,3.8,2,2,2,1,2.5
30,大里,2,一氧化碳,CO,ppm,2001-07-26,0.7,0.7,0.7,0.6,0.5,0.6,0.7,1.1,1.4,0.7,0.5,0.6,0.6,0.5,0.6,0.7,0.7,0.8,0.9,0.8,0.9,1,0.9,0.9
30,大里,3,臭氧,O3,ppb,2001-07-26,4,1,1.9,2.2,3.1,2.4,x,5,16,21,26,23,31,36,38,30,27,20,15,14,9.3,5.6,3.5,1
30,大里,4,懸浮微粒,PM10,μg/m3,2001-07-26,26,44,26,24,27,29,31,31,41,56,24,26,37,36,38,33,31,35,40,31,26,33,44,34
30,大里,5,氮氧化物,NOx,ppb,2001-07-26,20,23,19,x,14,17,26,30,47,24,17,22,20,18,16,20,23,31,26,23,25,30,25,26
30,大里,6,一氧化氮,NO,ppb,2001-07-26,1.6,2.3,0.6,x,0.3,2.8,9.8,11,17,5.7,2.9,4.4,3.4,2.8,1.8,2.7,3.2,4.2,1.6,1.1,4,8,5.2,7.1
30,大里,7,二氧化氮,NO2,ppb,2001-07-26,18,21,18,x,13,14,16,19,30,18,14,18,17,15,15,17,20,27,24,22,21,22,20,19
30,大里,10,風速,WIND_SPEED,m/sec,2001-07-26,0.4,0.5,0.2,0.2,0.5,0.1,0.7,0.3,0.8,2.6,2.6,2.5,2.7,3.4,3,2.4,2.5,2.7,1.7,1.2,1.5,1.5,0.8,0.8
30,大里,11,風向,WIND_DIREC,degrees,2001-07-26,171,246,221,145,126,182,129,70,888,14,8,1,4,357,4,343,353,350,348,34,118,116,116,115
30,大里,14,溫度,AMB_TEMP,℃,2001-07-26,24.8,24.9,24.9,24.9,25.1,25.2,25.5,26.5,29.3,30.1,30.1,30.5,31,31.4,31.3,31.1,31.3,30.6,29.4,28.9,26.5,26.5,26.5,26.4
31,忠明,1,二氧化硫,SO2,ppb,2001-07-26,0.3,0.4,0.6,0.7,0.8,0.7,1,1.4,1.3,0.1,1,0.3,0.3,0.2,0.4,1.1,3,2.1,0.4,0.2,0.4,0.1,0.3,0.2
31,忠明,2,一氧化碳,CO,ppm,2001-07-26,1,1,0.9,0.8,0.5,0.5,0.6,0.9,0.9,0.6,0.6,0.5,0.5,0.5,0.6,0.5,0.6,0.7,0.9,0.8,0.8,0.9,1.3,1.2
31,忠明,3,臭氧,O3,ppb,2001-07-26,4.2,3.4,1.9,1.1,4.2,9,x,7.4,8.9,17,15,19,24,31,28,24,21,20,16,14,13,10,11,6.5
31,忠明,4,懸浮微粒,PM10,μg/m3,2001-07-26,20,17,17,23,30,36,36,34,36,30,40,36,25,20,11,26,26,31,31,40,25,33,46,46
31,忠明,5,氮氧化物,NOx,ppb,2001-07-26,33,42,41,x,21,15,25,34,37,17,25,21,20,16,16,17,22,20,21,21,25,27,37,38
31,忠明,6,一氧化氮,NO,ppb,2001-07-26,3.8,14,8.6,x,1.7,0.4,5.2,11,17,4.2,6.2,4.1,3.4,2,2.3,2.9,3.5,1.8,0.8,0.3,1.1,1,17,13
31,忠明,7,二氧化氮,NO2,ppb,2001-07-26,29,29,32,x,20,14,20,23,21,13,19,17,17,14,14,14,18,18,20,21,23,26,20,25
31,忠明,10,風速,WIND_SPEED,m/sec,2001-07-26,0.3,0,0.8,0.6,0.5,0.2,0.9,1.4,2.3,2.5,2.3,2.4,2.5,3.1,3.1,2.9,2.6,2.7,1.8,1.4,1.2,1,0.7,0.9
31,忠明,11,風向,WIND_DIREC,degrees,2001-07-26,71,888,342,350,23,14,27,355,358,354,341,346,356,339,334,333,337,336,339,333,5,353,25,347
31,忠明,14,溫度,AMB_TEMP,℃,2001-07-26,24.3,24.7,25.1,25.3,25.5,25.6,25.7,26.3,27.4,28.1,28.6,28.6,29,29.5,29.8,29.5,29.7,28.6,28,27.7,27.2,27.2,26.9,26.8
31,忠明,33,細懸浮微粒,PM2.5,μg/m3,2001-07-26,11,10,11,15,19,17,14,16,17,12,13,20,22,21,22,23,19,13,14,17,15,11,16,26
32,西屯,1,二氧化硫,SO2,ppb,2001-07-26,0.4,0.4,0.4,0.3,0.2,0.1,0.1,0.1,0.1,0.1,0.3,0.5,0.3,x,0.8,0.5,0.7,0.4,0.3,0.3,0.4,0.4,0.4,0.2
32,西屯,2,一氧化碳,CO,ppm,2001-07-26,1.1,1.1,0.9,0.6,0.4,0.4,0.4,0.6,0.4,0.3,0.3,0.3,0.3,x,0.2,0.2,0.2,0.3,0.3,0.3,0.3,0.3,0.3,0.3
32,西屯,3,臭氧,O3,ppb,2001-07-26,0.2,0.1,1.5,1.2,1.1,0.4,x,3.6,x,11,13,x,27,27,28,24,25,23,21,20,19,19,17,15
32,西屯,4,懸浮微粒,PM10,μg/m3,2001-07-26,31,28,45,46,41,38,30,22,29,19,x,x,x,x,24,14,20,15,54,51,39,27,19,19
32,西屯,5,氮氧化物,NOx,ppb,2001-07-26,x,x,x,x,x,x,x,x,x,x,x,x,x,x,7,6.6,6.2,8,8.4,9.6,10,9.8,11,12
32,西屯,6,一氧化氮,NO,ppb,2001-07-26,x,x,x,x,x,x,x,x,x,x,x,x,x,x,1,1.2,0.7,0.4,0.1,0.1,0.1,0.1,0,0.1
32,西屯,7,二氧化氮,NO2,ppb,2001-07-26,x,x,x,x,x,x,x,x,x,x,x,x,x,x,6,5.4,5.5,7.6,8.4,9.5,10,9.7,11,12
32,西屯,8,總碳氫化合物,THC,ppm,2001-07-26,2.8,2.9,2.6,2.5,2.4,2.2,2.2,2.4,2.1,2,2.1,2.1,1.7,x,1.8,1.8,1.8,2,2,1.9,2,2,1.9,2.1
32,西屯,9,非甲烷碳氫化合物,NMHC,ppm,2001-07-26,0.5,0.5,0.5,0.4,0.3,0.1,0.2,0.4,0.1,0.2,0.2,0.1,0,x,0,0,0,0.1,0.1,0,0.1,0.2,0,0.2
32,西屯,10,風速,WIND_SPEED,m/sec,2001-07-26,0,0.4,0.9,1,1,0.8,0.9,1.8,3.3,3.7,3.6,3.3,3.9,3.9,4.1,3.8,3.7,3.5,2.5,1.5,1.7,1.7,1,1.1
32,西屯,11,風向,WIND_DIREC,degrees,2001-07-26,999,331,358,29,41,345,4,360,360,351,347,347,351,342,345,345,341,338,349,350,8,358,343,18
32,西屯,14,溫度,AMB_TEMP,℃,2001-07-26,23.3,23.6,23.8,24,24,24,24.3,25.4,27.6,28.3,28.8,29.1,29.8,29.9,29.9,29.8,29.5,27.8,27.1,26.7,26.7,26.6,26.2,26.2
32,西屯,21,酸雨,PH_RAIN,pH,2001-07-26,5.3,0,0,0,0,0,0,0,0,0,0,x,x,0,0,0,0,0,0,0,0,0,0,0
32,西屯,22,導電度,RAIN_COND,μmho/cm,2001-07-26,11,0,0,0,0,0,0,0,0,0,0,x,x,0,0,0,0,0,0,0,0,0,0,0
32,西屯,31,甲烷,CH4,ppm,2001-07-26,2.4,2.4,2.1,2.2,2.1,2,2,2,2,1.9,1.9,2,1.7,x,1.8,1.8,1.8,1.9,1.9,1.9,1.9,1.9,1.9,1.9
32,西屯,32,降雨強度,RAIN_INT,㎜,2001-07-26,0.5,0,0,0,0,0,0,0,0,0,0,0,x,0,0,0,0,0,0,0,0,0,0,0
33,彰化,1,二氧化硫,SO2,ppb,2001-07-26,1.2,2,6.4,5.2,11,12,9.5,12,5,4.9,4.5,3.6,7.3,2.9,5.3,3,2.2,4.3,4.7,6.8,5.5,6.9,4.5,4.4
33,彰化,2,一氧化碳,CO,ppm,2001-07-26,0.4,0.4,0.6,0.7,0.7,0.6,0.6,1,1,0.8,0.7,0.5,0.4,0.5,0.5,0.4,0.5,0.8,0.9,0.8,0.9,0.9,0.6,0.6
33,彰化,3,臭氧,O3,ppb,2001-07-26,15,7.9,1.9,0.7,0.8,0.9,2.4,4.3,12,13,17,24,25,30,29,25,20,20,15,14,12,6.7,9.6,7.6
33,彰化,4,懸浮微粒,PM10,μg/m3,2001-07-26,26,14,13,14,26,35,36,51,57,47,42,35,23,22,23,26,17,11,18,18,18,27,28,31
33,彰化,5,氮氧化物,NOx,ppb,2001-07-26,12,14,25,x,51,44,41,56,30,28,27,20,23,19,25,18,20,25,31,31,35,40,31,26
33,彰化,6,一氧化氮,NO,ppb,2001-07-26,0.5,0.2,3.4,x,23,20,20,30,13,12,11,6.5,7.1,5.1,6.7,6.1,7.2,6.6,7.3,6.3,8.7,11,4.6,2.2
33,彰化,7,二氧化氮,NO2,ppb,2001-07-26,11,14,22,x,27,24,22,26,17,16,16,14,16,14,18,12,13,19,24,25,26,29,26,24
33,彰化,8,總碳氫化合物,THC,ppm,2001-07-26,2.7,x,3.4,3.7,3.6,3.4,3.4,3.7,3.2,3,3,2.8,2.7,2.8,3,2.9,2.9,2.9,3,3,3,2.9,2.8,3.1
33,彰化,9,非甲烷碳氫化合物,NMHC,ppm,2001-07-26,0.2,x,0.6,0.9,0.9,0.6,0.6,0.9,0.6,0.5,0.4,0.4,0.3,0.3,0.3,0.3,0.3,0.4,0.6,0.6,0.5,0.4,0.4,0.5
33,彰化,10,風速,WIND_SPEED,m/sec,2001-07-26,1.7,1.2,0.9,0.8,0.4,0.6,0.7,1.1,1.7,2.2,2,2.2,2.9,2.6,2.4,2.7,2.7,2.1,1.1,0.6,0.9,0.6,0.6,0.6
33,彰化,11,風向,WIND_DIREC,degrees,2001-07-26,85,103,90,87,80,42,46,50,5,4,5,360,2,3,5,7,7,2,3,349,7,1,15,47
33,彰化,14,溫度,AMB_TEMP,℃,2001-07-26,24.4,24.6,25,25.2,25.6,25.8,26.1,26.9,28.9,29.1,30.3,31,30.9,31.2,31.2,31.1,30.7,29.5,29,28.8,28.6,28.4,28.1,27.8
33,彰化,31,甲烷,CH4,ppm,2001-07-26,2.5,x,2.7,2.8,2.7,2.8,2.8,2.8,2.6,2.5,2.5,2.5,2.4,2.5,2.6,2.6,2.5,2.5,2.4,2.4,2.5,2.5,2.5,2.6
34,線西,1,二氧化硫,SO2,ppb,2001-07-26,0.9,1.3,1.2,0.6,0.1,0.7,0.7,0.5,0.8,1.2,1.1,0.5,0.2,0.1,0.1,0.1,0.2,0.2,0.3,0.5,0.7,1.2,0.4,0.2
34,線西,4,懸浮微粒,PM10,μg/m3,2001-07-26,11,22,22,21,34,34,34,34,43,35,27,27,24,24,24,21,14,10,10,10,10,22,19,16
34,線西,5,氮氧化物,NOx,ppb,2001-07-26,24,34,39,x,18,16,13,16,19,14,13,11,3.2,3.6,3.3,11,7.6,12,7.8,7.7,5.6,9.7,4.5,5.2
34,線西,6,一氧化氮,NO,ppb,2001-07-26,0.3,7.3,12,x,0.1,0.4,1.6,4.5,6.8,4.4,4.4,3.5,0.6,0.6,0.8,4.9,3.3,3.4,0.5,0.2,0.1,0.3,0.1,0.1
34,線西,7,二氧化氮,NO2,ppb,2001-07-26,23,26,27,x,18,15,12,12,13,9.3,8.2,7.1,2.6,3,2.5,5.7,4.3,8.7,7.3,7.6,5.4,9.3,4.4,5.1
34,線西,8,總碳氫化合物,THC,ppm,2001-07-26,2.2,x,2.9,2.9,2.2,2,2,2.1,1.8,1.8,x,x,x,x,x,x,x,x,x,x,x,1.6,1.6,1.8
34,線西,9,非甲烷碳氫化合物,NMHC,ppm,2001-07-26,0.2,x,0.5,0.4,0.1,0.1,0.1,0.1,0,0,x,x,x,x,x,x,x,x,x,x,x,0,0,x
34,線西,10,風速,WIND_SPEED,m/sec,2001-07-26,0,0,0.1,0.3,0.3,0.2,0.2,1.4,2.6,2.6,3.1,3.4,3.8,3.6,3.6,2.6,2.6,2.3,1.3,0.8,1,0.8,0.6,0.6
34,線西,11,風向,WIND_DIREC,degrees,2001-07-26,888,999,19,355,26,17,16,32,30,22,23,21,17,20,19,360,5,14,358,360,9,356,355,12
34,線西,14,溫度,AMB_TEMP,℃,2001-07-26,24.5,24.8,25,25.4,25.4,25.5,25.9,26.5,27.2,27.7,28.3,29.4,29.4,29.4,29.6,30.4,29.2,28.5,28.3,28.2,27.9,27.9,27.7,27.6
34,線西,31,甲烷,CH4,ppm,2001-07-26,2,x,2.5,2.5,2,1.9,1.9,2,1.8,1.7,x,x,x,x,x,x,x,x,x,x,x,1.6,1.6,1.7
35,二林,1,二氧化硫,SO2,ppb,2001-07-26,0.1,0.1,0.1,0.3,0.3,0.6,1.4,0.9,1.1,1.7,1.2,0.7,2.5,3.3,2.4,0.3,0.4,0.5,0.5,0.3,0,0,0,0
35,二林,2,一氧化碳,CO,ppm,2001-07-26,0.3,0.3,0.4,0.4,0.4,0.6,0.7,0.4,0.4,0.3,0.3,0.2,0.2,0.2,0.2,0.2,0.2,0.2,0.2,0.2,0.2,0.2,0.2,0.2
35,二林,3,臭氧,O3,ppb,2001-07-26,9.9,5.5,1.3,2.9,1.7,1.1,1.9,7.3,14,16,x,x,27,25,30,25,23,21,20,16,16,14,13,14
35,二林,4,懸浮微粒,PM10,μg/m3,2001-07-26,33,28,36,36,92,90,61,94,60,54,52,23,25,17,14,22,13,13,10,11,19,19,19,23
35,二林,5,氮氧化物,NOx,ppb,2001-07-26,10,14,23,x,24,36,46,27,15,12,x,x,9.8,11,7.1,4.1,3,2.7,2.4,4.2,x,x,6,6.2
35,二林,6,一氧化氮,NO,ppb,2001-07-26,0,0.1,2.3,x,0.2,9,19,7.4,2.6,2.8,x,x,2.9,2.3,0.6,0.1,0,0,0,0,x,x,0,0
35,二林,7,二氧化氮,NO2,ppb,2001-07-26,10,14,21,x,24,27,27,20,13,9.5,x,x,6.9,8.8,6.5,4,3,2.7,2.4,4.2,x,x,5.9,6.2
35,二林,10,風速,WIND_SPEED,m/sec,2001-07-26,0,0.6,1,1.3,1,0.9,1,1.7,1.9,2.5,3.3,3.1,3.2,3.4,3.3,3.4,3.5,2.4,1.5,0.9,0.6,0.3,0.5,0.9
35,二林,11,風向,WIND_DIREC,degrees,2001-07-26,999,101,67,76,77,79,74,55,22,23,24,24,16,9,12,351,347,349,325,329,349,325,322,345
35,二林,14,溫度,AMB_TEMP,℃,2001-07-26,24.3,24.4,24.6,24.8,25,25.2,25.5,26.9,27.4,28.9,29.9,30.7,31.3,31.4,31.2,31.2,30,28.8,28.1,27.6,27.6,27.4,27.2,27.2
36,南投,1,二氧化硫,SO2,ppb,2001-07-26,0,0,0.1,0,0,0,0,0.1,0.1,0.1,0.1,0.1,0.1,0.1,0.1,0.1,0.1,0.1,0.1,0.2,0.2,0.1,0.1,0.1
36,南投,2,一氧化碳,CO,ppm,2001-07-26,0.5,0.4,0.3,0.3,0.3,0.4,0.4,0.7,0.9,0.8,0.9,0.6,0.7,0.6,0.5,0.5,0.6,0.7,0.7,0.7,0.7,0.7,0.6,0.5
36,南投,3,臭氧,O3,ppb,2001-07-26,7.7,6.7,7.2,5.8,6.5,2.9,x,5.2,18,34,57,32,46,52,50,45,35,25,16,9.3,8.5,9.8,7.2,9.3
36,南投,4,懸浮微粒,PM10,μg/m3,2001-07-26,x,x,x,x,x,11,11,17,17,25,38,42,49,49,49,51,43,40,35,26,28,27,22,29
36,南投,5,氮氧化物,NOx,ppb,2001-07-26,14,13,9.5,x,5.9,11,15,24,24,21,25,29,21,19,17,18,21,27,29,32,31,24,21,12
36,南投,6,一氧化氮,NO,ppb,2001-07-26,0.8,0.4,0.3,x,0.1,1.7,6.4,12,8.2,3.8,2.5,7,3,2.2,1.8,1.7,2.3,3.5,2.6,2.9,4.1,2.6,1.4,0.3
36,南投,7,二氧化氮,NO2,ppb,2001-07-26,13,12,9.2,x,5.9,8.8,8.2,13,16,17,23,22,18,17,16,17,18,23,27,29,27,21,20,12
36,南投,8,總碳氫化合物,THC,ppm,2001-07-26,2.5,x,2.1,2.2,2.1,2.3,2.2,2.2,2.3,2.3,2.4,2.2,2.2,2.1,2.1,2.1,2.2,2.3,2.2,2.4,2.2,2.2,2.5,2.2
36,南投,9,非甲烷碳氫化合物,NMHC,ppm,2001-07-26,0.1,x,0,0,0,0.1,0.1,0.2,0.2,0.2,0.3,0.1,0.2,0.1,0.1,0.1,0.2,0.3,0.3,0.4,0.3,0.1,0.2,0.1
36,南投,10,風速,WIND_SPEED,m/sec,2001-07-26,0.2,0.1,0.1,0,0,0,0,0,0.9,1.5,2,1.9,2.1,2.5,2.5,2.5,2.3,1.7,1.2,0.8,0.6,0.1,0.2,0.1
36,南投,11,風向,WIND_DIREC,degrees,2001-07-26,888,143,140,141,151,151,162,888,336,325,329,323,333,322,327,324,322,316,321,310,359,888,145,160
36,南投,14,溫度,AMB_TEMP,℃,2001-07-26,23.8,23.8,23.8,23.9,24,24.1,24.4,25.5,28.9,29,30.2,31,31.5,31.5,31.6,30.7,29.8,29.5,28.8,28.1,27.8,27,26.5,26
36,南投,21,酸雨,PH_RAIN,pH,2001-07-26,0,0,0,0,0,0,0,0,0,0,0,0,0,0,0,0,0,0,0,0,0,0,0,0
36,南投,22,導電度,RAIN_COND,μmho/cm,2001-07-26,0,0,0,0,0,0,0,0,0,0,0,0,0,0,0,0,0,0,0,0,0,0,0,0
36,南投,31,甲烷,CH4,ppm,2001-07-26,2.3,x,2.1,2.2,2.1,2.2,2.1,2.1,2.1,2.1,2.1,2,2,2,2,2,2,2,1.9,2,2,2,2.2,2.2
36,南投,32,降雨強度,RAIN_INT,㎜,2001-07-26,0,0,0,0,0,0,0,0,0,0,0,0,0,0,0,0,0,0,0,0,0,0,0,0
37,斗六,1,二氧化硫,SO2,ppb,2001-07-26,2.7,4.1,1.4,0.8,0.4,0.3,0.3,1.9,2.7,2.1,x,x,4.6,2.5,2.6,3.1,4.3,3.3,1,1,1.6,2.7,3.8,3.6
37,斗六,2,一氧化碳,CO,ppm,2001-07-26,0.2,0.2,0.1,0.1,0.1,0.1,0.2,0.2,0.2,0.2,x,x,0.2,0.2,0.2,0.2,0.2,0.3,0.3,0.3,0.5,0.7,0.7,0.6
37,斗六,3,臭氧,O3,ppb,2001-07-26,9.6,2.7,7,12,11,7.8,8,9.5,20,33,x,x,61,65,64,47,32,22,19,16,11,7.2,3,1.4
37,斗六,4,懸浮微粒,PM10,μg/m3,2001-07-26,8,8,9,14,20,16,17,14,17,17,x,x,x,11,23,37,31,88,65,45,43,11,20,32
37,斗六,5,氮氧化物,NOx,ppb,2001-07-26,13,18,9.4,x,6.3,7.7,8.9,14,15,12,x,x,13,7.9,8.9,12,16,17,12,13,20,26,31,30
37,斗六,6,一氧化氮,NO,ppb,2001-07-26,1.2,2.1,0,x,0,0.2,1.1,4.3,3.7,2,x,x,1.7,0.6,0.6,1.4,2.7,1.4,0.5,0.6,0.7,2.4,2.6,2.1
37,斗六,7,二氧化氮,NO2,ppb,2001-07-26,12,16,9.3,x,6.2,7.5,7.8,9.6,11,9.6,x,x,11,7.3,8.3,10,14,15,11,12,20,24,29,28
37,斗六,14,溫度,AMB_TEMP,℃,2001-07-26,23.3,23.5,23.3,23.6,23.5,23.7,24.1,25.3,27.4,29.2,x,30.6,31.7,31.9,31.7,30.8,30.3,28.6,27.8,27.2,26.4,26,25.7,25.6
38,崙背,1,二氧化硫,SO2,ppb,2001-07-26,0.1,0.1,0.1,0.3,0.8,1.6,2.9,3.5,2.6,2.1,1.1,0.5,0.9,0.5,0.6,0.9,0.6,0.6,x,x,0.2,0.3,0.4,0.2
38,崙背,2,一氧化碳,CO,ppm,2001-07-26,0.2,0.3,0.3,0.3,0.4,0.4,0.4,0.5,0.4,0.3,0.3,0.3,0.2,0.2,0.2,0.3,0.3,0.3,x,x,0.2,0.3,0.3,0.3
38,崙背,3,臭氧,O3,ppb,2001-07-26,14,14,7.5,4.1,5.5,6.8,x,7.8,12,18,21,x,2.7,33,35,36,31,29,27,x,22,12,8.3,5.6
38,崙背,4,懸浮微粒,PM10,μg/m3,2001-07-26,15,16,14,10,21,30,32,45,45,41,40,x,x,10,10,21,23,18,49,x,44,43,24,25
38,崙背,5,氮氧化物,NOx,ppb,2001-07-26,9.7,9.8,13,x,17,17,22,24,21,18,15,5.2,5.3,3.4,2.6,3.6,3.5,3,x,x,8.2,15,17,19
38,崙背,6,一氧化氮,NO,ppb,2001-07-26,0,0,0,x,0.1,0.3,3.4,6.8,5.5,5.4,5.1,0.4,0.4,0.1,0.1,0.4,0.3,0.1,x,x,2.8,3.4,3.2,3.4
38,崙背,7,二氧化氮,NO2,ppb,2001-07-26,9.6,9.8,13,x,17,17,18,17,15,13,10,4.7,4.9,3.3,2.5,3.1,3.2,2.9,x,x,5.5,11,14,16
38,崙背,8,總碳氫化合物,THC,ppm,2001-07-26,2.4,2.4,2.6,2.5,2.4,2.4,2.3,2.3,2.2,2.1,2,x,x,1.8,1.8,1.7,1.7,1.7,1.9,x,2.1,2.3,2.3,2.5
38,崙背,9,非甲烷碳氫化合物,NMHC,ppm,2001-07-26,0.1,0.2,0,0.1,0.2,0.2,0.2,0.2,0.2,0.1,0.1,x,x,0.1,0.1,0.1,0.2,0.1,0.2,x,0.1,0.1,0.1,0.2
38,崙背,10,風速,WIND_SPEED,m/sec,2001-07-26,0.8,x,1,1.5,1.8,1.9,1.9,2.4,2.6,3.4,4.3,4.4,4.2,5.2,5.7,6.1,6,3.2,1.6,x,0.8,1,0.6,0.1
38,崙背,11,風向,WIND_DIREC,degrees,2001-07-26,333,x,304,314,340,337,328,288,277,283,283,291,310,4,8,2,2,350,331,x,342,205,221,292
38,崙背,14,溫度,AMB_TEMP,℃,2001-07-26,25.5,25.5,25.3,25.4,25.8,26.1,26.5,27.3,28.1,29.8,30.6,31.4,31.5,31,31.6,31.5,30.6,29.1,28.6,x,27.9,27.1,26.3,26.4
38,崙背,21,酸雨,PH_RAIN,pH,2001-07-26,0,0,0,0,0,0,0,0,0,0,0,x,x,0,0,0,0,0,0,x,0,0,0,0
38,崙背,22,導電度,RAIN_COND,μmho/cm,2001-07-26,0,0,0,0,0,0,0,0,0,0,0,x,x,0,0,0,0,0,0,x,0,0,0,0
38,崙背,31,甲烷,CH4,ppm,2001-07-26,2.3,2.2,2.5,2.4,2.1,2.1,2.1,2.1,2.1,2,1.9,x,x,1.7,1.6,1.6,1.5,1.5,1.7,x,2,2.2,2.2,2.3
38,崙背,32,降雨強度,RAIN_INT,㎜,2001-07-26,0,0,0,0,0,0,0,0,0,0,0,x,x,0,0,0,0,0,0,x,0,0,0,0
39,新港,1,二氧化硫,SO2,ppb,2001-07-26,0.2,0.4,1.2,0.5,0.4,1,1.1,2.3,2.5,1.7,2.4,3.3,2.5,0.3,0.2,0.1,0.5,0.6,0.2,0.6,2.8,0.8,0.6,0.9
39,新港,2,一氧化碳,CO,ppm,2001-07-26,0.3,0.3,0.3,0.3,0.3,0.4,0.4,0.5,0.4,0.4,0.3,0.4,0.3,0.2,0.2,0.2,0.2,0.3,0.3,0.3,0.3,0.3,0.3,0.3
39,新港,3,臭氧,O3,ppb,2001-07-26,12,8.2,9,12,12,13,x,13,15,26,29,27,34,38,37,43,38,32,25,18,5.8,11,9.8,8.6
39,新港,4,懸浮微粒,PM10,μg/m3,2001-07-26,13,14,12,12,12,13,15,13,23,27,27,24,33,34,23,16,12,22,24,18,18,16,18,15
39,新港,5,氮氧化物,NOx,ppb,2001-07-26,16,22,26,x,9.8,13,21,27,27,18,20,24,22,x,x,x,x,x,27,28,53,32,28,28
39,新港,6,一氧化氮,NO,ppb,2001-07-26,0.8,1.5,1.5,x,0.2,0.5,3.6,9.8,11,4.6,3.5,4.7,5.5,x,x,x,x,x,8.2,8.3,21,9.7,7.9,7.8
39,新港,7,二氧化氮,NO2,ppb,2001-07-26,16,21,25,x,9.6,12,17,17,17,14,16,19,17,x,x,x,x,x,19,20,33,22,20,21
39,新港,10,風速,WIND_SPEED,m/sec,2001-07-26,0.9,1.3,1.2,0.9,1.5,1.4,1.3,1.5,2,2.4,2.4,2.3,3,3.4,3.5,3.6,3.5,1.9,2,1.2,0.5,0.2,0.1,0.1
39,新港,11,風向,WIND_DIREC,degrees,2001-07-26,29,59,52,22,44,52,33,17,360,11,12,17,2,350,337,350,341,342,217,180,197,244,233,276
39,新港,14,溫度,AMB_TEMP,℃,2001-07-26,24.4,24.4,24.6,24.8,24.7,24.8,25.3,26.6,27.7,29.1,30.2,30.7,31.5,31.8,31.9,31.9,31,28.9,25.4,24.5,24.9,24.7,24.8,24.8
40,朴子,1,二氧化硫,SO2,ppb,2001-07-26,0.4,0.9,1,0.7,0.7,0.7,0.6,1.3,2.7,2.1,3.4,1,0.9,0.2,15,12,14,7.4,0.9,0.7,0.4,1.8,1.4,0.9
40,朴子,2,一氧化碳,CO,ppm,2001-07-26,0.3,0.3,0.3,0.3,0.3,0.3,0.3,0.3,0.3,0.4,0.3,0.3,0.3,0.3,0.3,0.3,0.4,0.4,0.3,0.3,0.3,0.4,0.4,0.4
40,朴子,3,臭氧,O3,ppb,2001-07-26,7.1,7.8,3.7,2.9,3.6,6.4,x,10,9.9,18,19,39,30,34,39,43,37,30,19,15,13,10,6.4,6.5
40,朴子,4,懸浮微粒,PM10,μg/m3,2001-07-26,16,22,24,20,20,20,19,23,28,29,35,31,38,36,28,23,22,25,29,28,16,21,14,20
40,朴子,5,氮氧化物,NOx,ppb,2001-07-26,11,11,12,x,12,11,13,14,19,16,24,7.9,9.4,5,14,12,17,11,10,9.6,10,13,17,17
40,朴子,6,一氧化氮,NO,ppb,2001-07-26,0.2,0.2,0.2,x,0,0.1,1.9,3.8,6.8,4.9,8.6,0.6,1.5,0.5,2.5,1.6,2.1,0.6,1,0.3,0.9,0.6,0.4,0.1
40,朴子,7,二氧化氮,NO2,ppb,2001-07-26,11,11,12,x,12,11,11,10,12,11,16,7.3,7.9,4.5,12,10,15,11,9.2,9.2,9.3,13,17,17
40,朴子,10,風速,WIND_SPEED,m/sec,2001-07-26,0.7,1.2,0.3,0.1,0.2,1.2,1.2,1.4,1.9,2.1,2.2,2.1,2.1,2.4,2.9,2.5,2.4,2.1,1.1,0.5,0.3,0.1,0.2,0
40,朴子,11,風向,WIND_DIREC,degrees,2001-07-26,42,51,20,360,23,33,41,28,23,20,27,25,2,359,356,337,336,888,204,154,154,160,170,109
40,朴子,14,溫度,AMB_TEMP,℃,2001-07-26,24.9,24.7,24.8,24.9,24.9,25,25.6,27,28.2,29.1,30.5,31.3,31.5,32,32.7,32.9,31.3,28.2,23.9,24.2,24.2,25,25,25.4
41,臺西,1,二氧化硫,SO2,ppb,2001-07-26,0.2,0.2,0.2,0.2,0.4,0.8,0.9,2.3,2,6.4,3,32,11,40,32,24,7.7,x,1.4,1.1,0.9,0.5,0.5,0.8
41,臺西,2,一氧化碳,CO,ppm,2001-07-26,0.3,0.3,0.3,0.2,0.3,0.3,0.4,0.4,0.6,0.5,0.4,0.4,0.4,0.3,0.2,0.2,0.2,x,0.2,0.2,0.3,0.2,0.2,0.2
41,臺西,3,臭氧,O3,ppb,2001-07-26,10,9.2,7,11,8.8,5.3,x,7.8,14,24,29,25,30,15,21,26,33,x,30,33,23,12,9.9,11
41,臺西,4,懸浮微粒,PM10,μg/m3,2001-07-26,17,13,25,21,10,29,46,49,54,44,60,x,44,10,34,56,51,30,22,31,37,25,28,34
41,臺西,5,氮氧化物,NOx,ppb,2001-07-26,7.6,7.4,8.5,x,11,16,17,20,13,20,12,24,11,42,22,23,6.6,x,3.9,3.4,5.8,8,8.7,8.1
41,臺西,6,一氧化氮,NO,ppb,2001-07-26,0.1,0,0.1,x,0.1,0.2,2.7,5.2,3,4.8,2.4,6.1,1.9,20,7.4,8.1,0.7,x,0.1,0.1,0.2,0.1,0.1,0.1
41,臺西,7,二氧化氮,NO2,ppb,2001-07-26,7.5,7.3,8.4,x,11,16,14,14,9.6,15,9.8,18,9.2,22,15,15,5.9,x,3.8,3.3,5.6,7.9,8.6,8
41,臺西,10,風速,WIND_SPEED,m/sec,2001-07-26,0.9,1.2,1.3,1.3,1.4,1.5,1.5,1.8,2.7,3,3.9,3.7,3.9,3.6,3.8,4.2,4.4,3,1,0.8,1.3,1.2,0.9,0.6
41,臺西,11,風向,WIND_DIREC,degrees,2001-07-26,73,62,49,43,45,45,49,31,22,18,19,10,17,350,351,350,347,348,345,334,888,166,180,201
41,臺西,14,溫度,AMB_TEMP,℃,2001-07-26,25.9,25.8,25.7,25.8,25.8,25.9,26.1,26.9,27.9,29.2,30.2,29.9,30.2,29.8,30.3,30,29.1,28.6,28.7,28.5,27.5,26.5,26.4,26.4
42,嘉義,1,二氧化硫,SO2,ppb,2001-07-26,4.9,1.5,1.8,1.4,0.9,3.6,4.1,3.9,4.9,4.8,4.8,2.6,2.4,4.5,1.5,1.8,1.7,0.2,0.2,0.4,1.3,1.3,1.2,1.1
42,嘉義,2,一氧化碳,CO,ppm,2001-07-26,0.6,0.6,0.5,0.6,0.5,0.5,0.7,0.9,0.7,0.7,0.7,0.7,0.6,0.5,0.5,0.5,0.6,0.9,0.8,0.8,1.6,1.5,1.5,1.3
42,嘉義,3,臭氧,O3,ppb,2001-07-26,1.9,3.5,6.3,6.5,5.5,3.2,x,11,19,23,37,47,53,37,40,40,35,18,15,9.3,3.5,1.7,1.5,1.5
42,嘉義,4,懸浮微粒,PM10,μg/m3,2001-07-26,52,56,26,26,15,34,53,70,69,69,58,50,52,64,60,60,57,57,54,27,19,37,49,82
42,嘉義,5,氮氧化物,NOx,ppb,2001-07-26,39,20,17,x,16,24,26,32,25,29,26,23,21,25,14,17,18,26,20,25,47,56,43,47
42,嘉義,6,一氧化氮,NO,ppb,2001-07-26,14,4.3,2.4,x,1.6,3.6,5.6,11,7.1,7,5.5,3.4,4.2,4.8,2.5,2.1,1.6,2.8,1.9,2.5,11,20,16,21
42,嘉義,7,二氧化氮,NO2,ppb,2001-07-26,26,15,15,x,14,20,21,21,18,22,20,20,17,20,11,15,16,23,18,22,36,36,27,27
42,嘉義,8,總碳氫化合物,THC,ppm,2001-07-26,2.2,2.3,2.1,2.3,2.3,2.2,2.1,2.2,2,2.1,2.1,2,1.9,x,x,x,x,2.1,2.1,2.2,2.7,2.7,2.8,2.8
42,嘉義,9,非甲烷碳氫化合物,NMHC,ppm,2001-07-26,0.3,0.1,0.1,0.2,0.2,0.2,0.4,0.4,0.2,0.3,0.3,0.2,0.2,x,x,x,x,0.4,0.3,0.4,0.8,0.8,0.8,0.6
42,嘉義,10,風速,WIND_SPEED,m/sec,2001-07-26,1.1,1,0.5,0.4,0.6,1.2,1.2,1,2.1,1.9,2,2.5,2.8,2.9,2.8,3.2,2.8,0.9,0.4,0.1,0.1,0,0,0
42,嘉義,11,風向,WIND_DIREC,degrees,2001-07-26,8,5,101,888,338,357,25,18,355,344,356,352,341,341,338,345,338,144,160,157,156,185,156,999
42,嘉義,14,溫度,AMB_TEMP,℃,2001-07-26,25.6,25.5,25.7,25.9,25.8,25.8,26.6,27.7,28.8,29.5,31,31.9,32.4,32.4,32.9,31.9,30.5,26,25.4,25.1,26,26.3,26.2,26.4
42,嘉義,31,甲烷,CH4,ppm,2001-07-26,1.9,2.1,2,2.1,2.2,2,1.7,1.8,1.8,1.8,1.8,1.8,1.7,x,x,x,x,1.7,1.9,1.8,1.8,1.9,2.1,2.1
43,新營,1,二氧化硫,SO2,ppb,2001-07-26,1.4,3.2,3.4,3.6,3.6,3.6,3.7,4.7,5.6,5.4,2.7,1.6,1.9,2.6,x,x,x,0.8,1.1,0.4,0.3,0.5,0.6,1.8
43,新營,2,一氧化碳,CO,ppm,2001-07-26,0.4,0.3,0.4,0.4,0.4,0.4,0.4,0.5,0.4,0.3,0.3,0.3,0.3,0.3,0.2,x,0.3,0.3,0.5,0.3,0.4,0.5,0.3,0.4
43,新營,3,臭氧,O3,ppb,2001-07-26,0.2,0.1,0.1,0.1,0.1,0.2,x,6.8,11,13,22,41,47,40,42,x,31,24,12,15,15,13,14,6.8
43,新營,4,懸浮微粒,PM10,μg/m3,2001-07-26,16,17,14,18,25,34,26,25,31,27,21,32,32,31,31,13,x,x,12,12,19,17,16,15
43,新營,5,氮氧化物,NOx,ppb,2001-07-26,25,34,42,x,43,42,45,38,38,33,27,12,9.9,14,6.1,x,x,9.7,20,14,13,16,9.2,16
43,新營,6,一氧化氮,NO,ppb,2001-07-26,3.5,7.8,17,x,19,19,22,17,18,14,8.5,1.7,0.9,2.1,0.3,x,x,0.5,1.5,0.5,0.1,0.2,0,0.3
43,新營,7,二氧化氮,NO2,ppb,2001-07-26,22,26,25,x,24,23,23,21,19,19,18,11,9,12,5.8,x,x,9.1,19,14,13,16,9.2,16
43,新營,8,總碳氫化合物,THC,ppm,2001-07-26,x,x,x,x,x,x,x,x,x,x,x,x,x,x,x,x,x,x,x,x,x,x,x,x
43,新營,9,非甲烷碳氫化合物,NMHC,ppm,2001-07-26,x,x,x,x,x,x,x,x,x,x,x,x,x,x,x,x,x,x,x,x,x,x,x,x
43,新營,10,風速,WIND_SPEED,m/sec,2001-07-26,0.9,0.7,0.1,0.3,0.4,0.4,0.6,0.9,1.5,2,2,2.7,2.5,2.8,3.5,3.3,2.6,1.7,0.8,0.6,0,0,0,0
43,新營,11,風向,WIND_DIREC,degrees,2001-07-26,13,13,336,335,339,347,6,5,21,6,358,358,350,359,354,346,310,888,245,150,999,888,212,999
43,新營,14,溫度,AMB_TEMP,℃,2001-07-26,24.6,24.4,24.3,24.4,24.3,24.3,25,26.7,28.8,28.5,29.7,31,31.8,31.5,31.7,31.4,29.3,23.3,22.3,22.7,23.7,24,24,24.2
43,新營,21,酸雨,PH_RAIN,pH,2001-07-26,0,0,0,0,0,0,0,0,0,0,0,0,0,0,0,x,0,6.9,6.6,6.6,0,0,0,0
43,新營,22,導電度,RAIN_COND,μmho/cm,2001-07-26,0,0,0,0,0,0,0,0,0,0,0,0,0,0,0,x,0,8.8,12,12,0,0,0,0
43,新營,31,甲烷,CH4,ppm,2001-07-26,x,x,x,x,x,x,x,x,x,x,x,x,x,x,x,x,x,x,x,x,x,x,x,x
43,新營,32,降雨強度,RAIN_INT,㎜,2001-07-26,0,0,0,0,0,0,0,0,0,0,0,0,0,0,0,0,0,26,0.5,0.5,0,0,0,0
44,善化,1,二氧化硫,SO2,ppb,2001-07-26,2.7,2.7,2.6,2.1,1.2,2.1,1.6,3.7,4.7,5.7,5,2,2.1,3.9,5.3,6.6,3,2.7,0.6,3.8,4.3,3.9,2.1,2.5
44,善化,2,一氧化碳,CO,ppm,2001-07-26,0.4,0.3,0.3,0.4,0.3,0.3,0.3,0.4,0.5,0.4,0.4,0.3,0.4,0.3,0.3,0.3,0.3,0.3,0.3,0.3,0.3,0.4,0.3,0.4
44,善化,3,臭氧,O3,ppb,2001-07-26,8.4,8.2,7.9,6.8,9,8.1,x,19,26,27,28,46,56,74,63,56,34,31,27,16,17,17,15,9.5
44,善化,4,懸浮微粒,PM10,μg/m3,2001-07-26,11,11,11,11,11,11,14,12,27,48,46,45,42,37,37,34,36,25,13,11,11,11,11,11
44,善化,5,氮氧化物,NOx,ppb,2001-07-26,11,9.2,8.3,x,7.1,9.4,7.9,13,18,26,24,11,8.8,10,8.4,7.8,13,9.1,8.4,17,14,7.2,6.4,10
44,善化,6,一氧化氮,NO,ppb,2001-07-26,0.8,0.9,0.4,x,0.4,2.5,2.9,4.2,5.4,8.7,7.8,2,0.9,0.6,0.7,0.5,2.1,0.5,0.3,0.4,1.5,0.1,0.1,0.4
44,善化,7,二氧化氮,NO2,ppb,2001-07-26,9.8,8.3,7.9,x,6.6,6.9,5.1,8.6,13,17,16,9.4,7.9,9.4,7.7,7.3,11,8.6,8.1,16,12,7.1,6.4,9.6
44,善化,10,風速,WIND_SPEED,m/sec,2001-07-26,0.9,0.4,0,0.3,0.4,0.4,0,0.3,1.2,1.8,1.9,2.8,2.4,3.1,4.4,4.2,5,1.9,1.9,1,0.8,0.5,0.4,0.4
44,善化,11,風向,WIND_DIREC,degrees,2001-07-26,84,75,999,87,92,58,92,888,37,9,352,358,360,315,326,327,126,45,3,98,101,87,95,113
44,善化,14,溫度,AMB_TEMP,℃,2001-07-26,23.9,23.9,24.1,24.2,24.2,24.2,24.7,26.8,28.1,29.5,30.7,31.2,31.5,31.2,31.2,30.2,26.1,22.7,22.5,22.8,23.4,23.6,23.8,23.8
45,安南,1,二氧化硫,SO2,ppb,2001-07-26,14,8.6,13,9.7,8,5.4,5.7,8.7,6.6,6.5,3.6,5.2,x,x,7.7,5.9,2,2.9,3.1,4.6,12,12,11,5.4
45,安南,2,一氧化碳,CO,ppm,2001-07-26,0.6,0.5,0.4,0.4,0.5,0.4,0.5,0.5,0.5,0.4,0.3,0.3,x,x,0.3,0.3,0.3,0.5,0.4,0.4,0.5,0.6,0.6,0.5
45,安南,3,臭氧,O3,ppb,2001-07-26,2.9,2.8,3,2.7,2.8,2.8,x,11,17,19,28,30,x,x,61,47,33,22,16,10,3.6,3.5,2.5,2.5
45,安南,4,懸浮微粒,PM10,μg/m3,2001-07-26,21,23,22,18,16,26,40,50,54,52,46,25,x,x,41,34,18,12,11,11,18,12,13,17
45,安南,5,氮氧化物,NOx,ppb,2001-07-26,45,34,26,x,37,36,29,31,29,28,16,x,x,x,6.7,6,11,26,25,32,45,40,39,30
45,安南,6,一氧化氮,NO,ppb,2001-07-26,22,14,7,x,18,19,13,12,11,8.4,3.5,x,x,x,0.6,0.5,1.2,2.4,1.1,5.7,10,10,14,9.2
45,安南,7,二氧化氮,NO2,ppb,2001-07-26,23,20,19,x,19,18,16,19,19,19,12,x,x,x,6.1,5.4,9.4,24,23,26,35,30,25,21
45,安南,10,風速,WIND_SPEED,m/sec,2001-07-26,0.9,0.6,0.1,0.2,0,0.5,0.2,1.2,1.5,2.2,2.4,2.6,x,3.9,4.5,4.3,3,1.8,1.9,1.4,1.5,0.8,0.5,1
45,安南,11,風向,WIND_DIREC,degrees,2001-07-26,96,109,106,85,73,70,90,41,40,13,12,16,x,335,340,338,888,100,18,120,121,126,137,140
45,安南,14,溫度,AMB_TEMP,℃,2001-07-26,25.3,25.2,25.3,25.4,25.3,25.1,25.8,27.3,28.8,29.4,30.6,31.4,x,31,31.1,30.4,28.3,23.8,23.8,23.7,24.1,24.7,25.4,25.3
46,臺南,1,二氧化硫,SO2,ppb,2001-07-26,9.9,4.3,4.7,7.7,7.3,6,7,6.4,4.6,4.7,2.4,2.6,3,2.9,5.1,3.3,1.1,2,2.5,4.5,2.9,1,1.9,5.9
46,臺南,2,一氧化碳,CO,ppm,2001-07-26,1.6,0.6,0.5,0.7,0.7,0.7,0.9,1.1,0.8,0.7,0.5,0.6,0.6,0.4,0.4,0.5,0.5,0.9,1,0.9,0.8,0.9,0.8,0.8
46,臺南,3,臭氧,O3,ppb,2001-07-26,5,7.2,9.2,4.8,4.5,4.4,x,19,24,23,37,47,71,75,74,42,34,23,15,10,9.9,11,7.5,6.1
46,臺南,4,懸浮微粒,PM10,μg/m3,2001-07-26,25,31,35,32,30,45,58,61,61,58,53,44,41,40,40,36,30,23,15,12,12,12,17,20
46,臺南,5,氮氧化物,NOx,ppb,2001-07-26,61,24,15,x,29,35,41,33,32,34,19,20,14,13,13,14,13,24,31,32,33,25,24,26
46,臺南,6,一氧化氮,NO,ppb,2001-07-26,35,3.4,0,x,7.8,14,19,10,9.5,9.4,3.7,2.7,0.7,0.7,0.9,1.2,0.5,0.6,1.6,3.4,5.5,2.4,4.3,6.7
46,臺南,7,二氧化氮,NO2,ppb,2001-07-26,26,20,15,x,21,21,23,23,23,25,16,17,13,12,12,13,13,24,30,28,28,23,19,19
46,臺南,8,總碳氫化合物,THC,ppm,2001-07-26,3.1,x,x,2.5,2.7,2.9,3,2.7,2.7,2.6,2.3,2.2,2.2,2.1,2,2,2.1,2.3,2.4,2.3,2.3,2.3,2.3,2.4
46,臺南,9,非甲烷碳氫化合物,NMHC,ppm,2001-07-26,0.6,x,x,0.2,0.3,0.3,0.4,0.3,0.2,0.2,0.1,0.1,0.1,0.1,0,0,0.1,0.2,0.3,0.3,0.2,0.3,0.2,0.3
46,臺南,14,溫度,AMB_TEMP,℃,2001-07-26,24.5,24.4,24.4,24.6,24.8,24.8,25.3,26.5,27.6,28.9,29.8,30.7,31.2,31.2,31,29.7,27.6,24.8,24.7,24.7,24.7,25.4,25.5,25.8
46,臺南,31,甲烷,CH4,ppm,2001-07-26,2.5,x,x,2.3,2.4,2.6,2.6,2.4,2.5,2.4,2.2,2.1,2.1,2,1.9,1.9,1.9,2.1,2.1,2,2.2,2.1,2.1,2.1
47,美濃,1,二氧化硫,SO2,ppb,2001-07-26,0,0.1,0,0,0.1,0.1,0.1,0,0,0,0,0,0,0,0,0,0,0.1,0,0,0,0,0,0
47,美濃,2,一氧化碳,CO,ppm,2001-07-26,0.3,0.3,0.3,0.3,0.3,0.3,0.4,0.3,0.3,0.3,0.3,0.3,0.3,0.3,0.3,0.3,0.4,0.5,0.5,0.4,0.4,0.4,0.3,0.3
47,美濃,3,臭氧,O3,ppb,2001-07-26,15,14,14,13,13,13,x,17,26,32,39,45,42,47,49,45,31,29,23,21,18,12,13,13
47,美濃,4,懸浮微粒,PM10,μg/m3,2001-07-26,17,25,32,27,27,20,26,27,24,28,38,34,34,30,35,36,28,23,23,16,12,12,17,13
47,美濃,5,氮氧化物,NOx,ppb,2001-07-26,4,2.6,2.1,x,2.5,3.9,6.4,4.3,3.4,3.9,3.5,3.2,2.3,2.5,5.9,4.7,14,13,15,12,9.9,8.9,6.5,5.3
47,美濃,6,一氧化氮,NO,ppb,2001-07-26,0.2,0,0,x,0.1,0.4,2.4,1.2,0.2,0.3,0.1,0,0,0,0.1,0,1,0.6,0.3,0.4,1.3,2,0.8,0.4
47,美濃,7,二氧化氮,NO2,ppb,2001-07-26,3.8,2.5,2.1,x,2.4,3.4,4,3.1,3.2,3.7,3.4,3.2,2.3,2.5,5.8,4.7,13,13,14,11,8.6,6.9,5.8,5
47,美濃,10,風速,WIND_SPEED,m/sec,2001-07-26,0.8,0.1,0.1,0.6,0.7,0,0.2,0.6,0.7,0.9,1,1.4,2.2,2.1,2.2,2.7,1.3,0.8,0.4,0.6,0.3,1,0.3,0.6
47,美濃,11,風向,WIND_DIREC,degrees,2001-07-26,7,888,888,21,18,888,30,888,220,888,265,261,243,297,888,260,337,42,278,888,320,25,320,30
47,美濃,14,溫度,AMB_TEMP,℃,2001-07-26,24.3,24.1,24.1,24.1,24,24.1,25.4,29,30.9,32.3,33.4,34.5,33,33.9,30.6,23.8,22.6,22.8,23.4,23.5,23.6,23.6,23.6,23.6
48,橋頭,1,二氧化硫,SO2,ppb,2001-07-26,0.8,0.5,0.3,0.1,0,0.4,0.6,1.8,2.6,2.3,x,x,x,x,x,4.3,0.6,1.1,1.6,1.1,0.5,0.9,1.2,2.1
48,橋頭,2,一氧化碳,CO,ppm,2001-07-26,0.9,0.6,0.6,0.6,0.6,0.6,0.7,1.1,1,0.8,0.7,0.6,x,x,x,0.5,0.9,0.6,0.7,0.6,0.5,0.5,0.5,0.5
48,橋頭,3,臭氧,O3,ppb,2001-07-26,0.4,0.6,1.9,1.1,0.7,0.8,x,8.5,25,40,39,x,x,x,x,55,33,18,14,7.5,9.8,5.5,4.9,1.9
48,橋頭,4,懸浮微粒,PM10,μg/m3,2001-07-26,12,11,11,11,11,22,23,23,28,29,27,x,x,x,70,48,36,31,11,13,15,11,15,11
48,橋頭,5,氮氧化物,NOx,ppb,2001-07-26,47,26,16,x,18,21,14,25,22,21,20,15,x,x,x,4.6,6.8,14,17,18,9,11,4.9,7.2
48,橋頭,6,一氧化氮,NO,ppb,2001-07-26,29,10,1.3,x,1.4,3.5,7.3,12,4.6,0.4,2.1,6.5,x,x,x,0.2,0,0,0,0.2,0,0,0,0.5
48,橋頭,7,二氧化氮,NO2,ppb,2001-07-26,18,15,15,x,17,18,6.6,14,18,21,18,8.9,x,x,x,4.4,6.8,14,17,18,9,11,4.9,6.7
48,橋頭,8,總碳氫化合物,THC,ppm,2001-07-26,2.6,2.5,x,2.3,2.3,2.2,2.3,2.4,2.3,2.1,2.1,x,2.2,x,x,1.5,1.6,1.9,2,2,1.9,1.9,2,2.1
48,橋頭,9,非甲烷碳氫化合物,NMHC,ppm,2001-07-26,0.1,0,x,0,0,0,0,0.1,0.1,0.1,0,x,0,x,x,0,0,0,0,0,0,0,0,0
48,橋頭,10,風速,WIND_SPEED,m/sec,2001-07-26,0.7,0.3,0.5,1,0.9,1,0.1,0.3,0.3,1.1,1.9,3.1,4.1,x,5.8,4.9,2.2,1.9,2.3,1.7,2.5,1.9,1.9,1
48,橋頭,11,風向,WIND_DIREC,degrees,2001-07-26,83,96,79,47,45,49,39,344,268,309,302,295,293,x,275,272,57,73,24,53,46,54,53,67
48,橋頭,14,溫度,AMB_TEMP,℃,2001-07-26,24.5,24.3,24.5,24.6,24.7,24.8,26.1,29.3,31.1,32.3,31.1,31.9,31.5,x,30.1,28.2,24.5,23.5,23.6,23.3,23.4,23.7,23.9,24
48,橋頭,21,酸雨,PH_RAIN,pH,2001-07-26,0,0,0,0,0,0,0,0,0,0,0,0,x,0,0,0,4,4,0,4,0,0,0,0
48,橋頭,22,導電度,RAIN_COND,μmho/cm,2001-07-26,0,0,0,0,0,0,0,0,0,0,0,0,x,0,0,0,26,26,0,53,0,0,0,0
48,橋頭,31,甲烷,CH4,ppm,2001-07-26,2.5,2.5,x,2.3,2.3,2.2,2.2,2.2,2.2,2.1,2.1,x,2.2,x,x,1.5,1.6,1.9,2,2,1.9,1.9,2,2.1
48,橋頭,32,降雨強度,RAIN_INT,㎜,2001-07-26,0,0,0,0,0,0,0,0,0,0,0,0,0,0,0,0,23,1.5,0,0.5,0,0,0,0
49,仁武,1,二氧化硫,SO2,ppb,2001-07-26,1.1,2.8,5.8,3,1.2,0.1,0.1,8.1,19,16,7.5,3,5.1,5.1,0.9,1.4,5.8,2,8.9,15,2.2,5.8,0.4,3
49,仁武,2,一氧化碳,CO,ppm,2001-07-26,0.9,0.4,0.3,0.4,0.3,0.4,0.4,0.5,1,0.9,0.6,0.5,0.4,0.4,0.4,0.3,0.4,0.4,0.5,0.4,0.4,0.7,0.5,0.4
49,仁武,3,臭氧,O3,ppb,2001-07-26,5.6,7.3,7.5,8,11,9.7,x,20,23,27,57,53,48,62,58,41,34,27,21,18,17,8.6,9,11
49,仁武,4,懸浮微粒,PM10,μg/m3,2001-07-26,18,29,33,31,33,30,23,26,26,49,67,73,82,91,82,66,35,14,12,20,32,30,33,24
49,仁武,5,氮氧化物,NOx,ppb,2001-07-26,29,18,18,x,11,8.9,8.5,33,78,83,38,37,47,32,30,31,22,20,38,32,19,47,21,16
49,仁武,6,一氧化氮,NO,ppb,2001-07-26,10,2.9,1.9,x,1.9,0.2,1.3,11,22,21,5.5,4.5,7.7,5,5,3.8,2.5,0.7,9.8,10,0.5,20,1.5,0.6
49,仁武,7,二氧化氮,NO2,ppb,2001-07-26,19,15,16,x,8.7,8.7,7.2,22,55,62,33,32,39,27,25,27,19,19,29,22,18,27,20,16
49,仁武,8,總碳氫化合物,THC,ppm,2001-07-26,3.5,3.8,3.1,3.3,3.2,3.2,3.1,3,3.4,3.3,3,2.9,2.8,2.7,2.6,2.4,2.5,2.6,3,3.1,2.8,3,2.9,2.9
49,仁武,9,非甲烷碳氫化合物,NMHC,ppm,2001-07-26,0.7,0.9,0.2,0.2,0.3,0.3,0.3,0.4,0.6,0.6,0.3,0.2,0.2,0.1,0.1,0,0.3,0.3,0.4,0.5,0.3,0.5,0.3,0.3
49,仁武,10,風速,WIND_SPEED,m/sec,2001-07-26,0.7,0.7,0.1,0.6,0.4,0.1,0,0.2,0.6,1.2,2.5,3.8,3.7,4.7,5,4.5,3.3,2.4,1.9,2.2,1.3,0.6,0.3,0.2
49,仁武,11,風向,WIND_DIREC,degrees,2001-07-26,113,117,888,89,96,135,999,160,273,276,307,304,294,297,299,304,56,77,45,61,77,888,86,888
49,仁武,14,溫度,AMB_TEMP,℃,2001-07-26,26.5,26.4,26.6,26.5,26.5,26.7,27.5,29.6,30.9,31.7,32,31.8,31.7,32,31.8,30.1,27.6,26.2,26.3,26.2,26,26.5,26.5,26.9
49,仁武,31,甲烷,CH4,ppm,2001-07-26,2.8,2.9,2.9,3.1,3,2.9,2.9,2.6,2.9,2.8,2.7,2.8,2.6,2.6,2.4,2.3,2.2,2.4,2.6,2.5,2.5,2.5,2.6,2.6
50,鳳山,1,二氧化硫,SO2,ppb,2001-07-26,5.9,7.3,7.6,2.9,1.7,3,3.3,4.4,16,14,12,9.4,7,6.1,4.1,3.3,2.9,2.1,1.9,1.8,2.8,2.7,3.3,1.4
50,鳳山,2,一氧化碳,CO,ppm,2001-07-26,1.9,1.4,1.3,1.4,1.3,1.3,1.4,1.7,2.1,2.1,1.7,1.8,1.7,1.5,1.6,1.6,1.4,1.5,1.6,1.4,1.4,1.6,1.4,1.3
50,鳳山,3,臭氧,O3,ppb,2001-07-26,7.9,7.8,8.2,7.6,9.7,11,x,33,59,63,73,93,94,97,83,59,46,38,33,21,15,12,12,13
50,鳳山,4,懸浮微粒,PM10,μg/m3,2001-07-26,35,40,49,53,51,37,41,42,43,73,80,78,77,100,93,76,61,43,34,34,35,21,24,23
50,鳳山,5,氮氧化物,NOx,ppb,2001-07-26,36,27,18,x,15,14,18,22,44,42,33,28,23,16,17,16,17,17,19,24,22,23,18,14
50,鳳山,6,一氧化氮,NO,ppb,2001-07-26,15,9.8,4.4,x,3.3,3,5.6,5.5,9.5,8.3,6.3,3.8,2.9,2.1,2.9,2.5,2.7,2.4,2.6,4.1,4,4.2,3.9,2.1
50,鳳山,7,二氧化氮,NO2,ppb,2001-07-26,21,17,14,x,12,11,12,16,35,34,27,24,20,14,15,14,15,15,16,20,18,19,14,12
50,鳳山,10,風速,WIND_SPEED,m/sec,2001-07-26,0.4,0.2,0.1,0.2,0.2,0.2,x,0.1,0.4,1.4,1.8,1.3,1.2,2.3,2,2.4,2,1.4,1.6,1,0.7,0.2,0.5,0.3
50,鳳山,11,風向,WIND_DIREC,degrees,2001-07-26,79,35,28,41,33,61,23,78,888,236,231,283,303,302,291,302,349,30,16,16,22,48,42,84
50,鳳山,14,溫度,AMB_TEMP,℃,2001-07-26,26.1,25.9,25.9,26,26,26.1,27.8,32.7,33.8,33.2,33.9,32.4,32.2,32.3,32.7,30.4,28.4,26.6,26.1,26.2,26.1,26.3,26.2,26.1
50,鳳山,33,細懸浮微粒,PM2.5,μg/m3,2001-07-26,20,30,37,35,28,33,37,37,36,48,59,56,51,63,72,59,42,41,41,29,19,26,29,22
51,大寮,1,二氧化硫,SO2,ppb,2001-07-26,1.4,1.5,2.5,7.7,3.5,4.7,2.7,4.1,5,8.9,x,41,23,9.2,8,5.1,61,31,19,6.4,14,22,12,22
51,大寮,2,一氧化碳,CO,ppm,2001-07-26,0.9,0.7,0.7,0.6,0.5,0.5,0.6,0.5,0.5,0.5,x,1,0.9,0.4,0.3,0.3,0.4,0.4,0.4,0.4,0.4,0.5,0.4,0.5
51,大寮,3,臭氧,O3,ppb,2001-07-26,0.2,0.8,0.9,0.4,0.9,0.5,x,7.8,21,59,x,62,75,80,61,39,27,21,18,17,16,11,7.2,2.1
51,大寮,4,懸浮微粒,PM10,μg/m3,2001-07-26,38,33,44,44,39,39,45,56,61,61,42,x,x,50,65,58,56,54,37,27,27,16,24,24
51,大寮,5,氮氧化物,NOx,ppb,2001-07-26,27,22,23,x,14,16,16,15,11,16,x,48,34,19,19,20,49,35,25,20,17,18,19,21
51,大寮,6,一氧化氮,NO,ppb,2001-07-26,7.4,2.5,2.9,x,0.9,2.7,4.5,4.6,1.3,0.5,x,3.1,1.5,0.4,0.7,0.2,17,9.5,2.2,0.2,0.6,0.2,0.1,0.7
51,大寮,7,二氧化氮,NO2,ppb,2001-07-26,19,19,20,x,13,13,12,11,9.4,16,x,45,32,18,18,19,32,25,23,19,16,18,19,21
51,大寮,8,總碳氫化合物,THC,ppm,2001-07-26,3.1,x,3,2.9,2.8,3,2.8,2.5,2.5,2.5,x,x,2,1.9,2,2,2.3,2.2,2.3,2.2,2.2,2.4,2.5,2.6
51,大寮,9,非甲烷碳氫化合物,NMHC,ppm,2001-07-26,0.3,x,0.2,0.2,0.3,0.3,0.3,0.1,0.1,0.2,x,x,0.2,0.1,0,0.1,0.3,0.1,0.2,0.1,0.1,0.2,0.2,0.1
51,大寮,10,風速,WIND_SPEED,m/sec,2001-07-26,0.2,0.4,0.5,0.5,0.7,0,0.1,0.1,0.4,0.5,1.5,1.9,1.6,2.3,2.6,2.4,2.6,2.5,1.9,1.6,0.8,0.6,0.7,0.4
51,大寮,11,風向,WIND_DIREC,degrees,2001-07-26,57,8,26,21,37,41,337,130,172,175,190,211,255,261,261,274,4,36,15,349,46,28,35,348
51,大寮,14,溫度,AMB_TEMP,℃,2001-07-26,25.4,25.5,25.4,25.3,25.4,25.5,26.3,28.6,29.6,31.3,32.2,31.7,32.4,32.3,31.8,29.5,27.2,24.4,24.3,24.7,24.9,25,25.2,25.2
51,大寮,31,甲烷,CH4,ppm,2001-07-26,2.8,x,2.8,2.6,2.6,2.8,2.6,2.4,2.4,2.3,x,x,1.8,1.8,1.9,1.9,2,2.1,2.1,2.1,2.1,2.2,2.3,2.4
52,林園,1,二氧化硫,SO2,ppb,2001-07-26,0.3,0.5,1.7,0.6,0.4,1.8,1.5,1.8,1.6,2,12,x,3.9,9.5,8.9,8.5,3.7,17,1.1,24,11,0.6,0.5,4.6
52,林園,2,一氧化碳,CO,ppm,2001-07-26,0.5,0.6,0.6,0.7,0.6,0.5,0.5,0.5,0.4,0.3,0.4,x,x,0.4,0.2,0.2,0.3,0.4,0.4,0.4,0.4,0.4,0.5,0.6
52,林園,3,臭氧,O3,ppb,2001-07-26,15,8.2,2.1,1.8,1.4,2.4,x,12,24,35,64,106,85,95,72,50,48,30,31,21,24,21,14,8.5
52,林園,4,懸浮微粒,PM10,μg/m3,2001-07-26,39,48,66,63,46,46,27,18,38,37,37,32,12,x,15,37,56,43,35,25,15,35,28,38
52,林園,5,氮氧化物,NOx,ppb,2001-07-26,12,16,20,x,19,15,16,19,10,5.6,11,x,x,7.7,5.6,6.2,6.8,25,12,27,12,10,15,19
52,林園,6,一氧化氮,NO,ppb,2001-07-26,0,0.2,1.2,x,3.7,2.4,5,6.7,1.9,0.9,1.1,x,x,0.6,0.6,0.5,0.5,3.7,0.5,6.5,0.3,0.4,0.6,0.8
52,林園,7,二氧化氮,NO2,ppb,2001-07-26,12,16,19,x,16,13,10,13,8.1,4.7,10,x,x,7.1,5,5.7,6.3,21,12,20,12,10,15,18
52,林園,8,總碳氫化合物,THC,ppm,2001-07-26,2.4,x,4.3,3.2,3.3,3.2,3.1,2.8,2,1.8,1.8,x,x,x,1.7,1.8,1.9,2.2,2.1,2.6,2,2.2,2.4,2.7
52,林園,9,非甲烷碳氫化合物,NMHC,ppm,2001-07-26,0.3,x,1.3,0.1,0.1,0.1,0.1,0.1,0.1,0,0.1,x,x,x,0,0,0,0.1,0,0.4,0.1,0.1,0.1,0.2
52,林園,10,風速,WIND_SPEED,m/sec,2001-07-26,0.3,0.6,1.3,1.5,2.3,1.5,1,0.6,0.8,1.2,2.3,3.1,3.4,4.1,3.8,3.1,2.8,4,3.1,3.1,2.1,1.5,1.4,1.1
52,林園,11,風向,WIND_DIREC,degrees,2001-07-26,150,23,41,36,39,44,41,130,175,193,207,209,227,246,241,247,250,1,16,2,30,29,32,26
52,林園,14,溫度,AMB_TEMP,℃,2001-07-26,26.3,26.1,25.7,25.5,25.5,25.5,26.1,28.9,30.5,31.3,31.6,31.6,31.9,32,31.6,29.5,28.9,26.8,25.1,25.7,25.4,25.3,25.3,25.5
52,林園,31,甲烷,CH4,ppm,2001-07-26,2.1,x,3,3.1,3.2,3.1,3,2.7,1.9,1.7,1.8,x,x,x,1.7,1.8,1.9,2.1,2.1,2.2,1.9,2.1,2.3,2.5
52,林園,33,細懸浮微粒,PM2.5,μg/m3,2001-07-26,38,15,24,22,38,23,17,15,27,26,26,28,x,82,75,28,24,39,17,12,10,29,17,10
53,楠梓,1,二氧化硫,SO2,ppb,2001-07-26,1.4,0.9,0.9,1.2,0.9,1,1.3,1.9,3,3.2,4,3,5.6,6.1,2.1,4.1,0.5,0.7,0.6,0.9,0.8,2.7,1.1,1.6
53,楠梓,2,一氧化碳,CO,ppm,2001-07-26,0.7,0.4,0.3,0.3,0.3,0.3,0.5,0.4,0.6,0.6,0.5,0.4,0.4,0.3,0.3,0.3,0.3,0.4,0.4,0.4,0.3,0.4,0.4,0.4
53,楠梓,3,臭氧,O3,ppb,2001-07-26,1.2,1.6,1.7,1.3,1.3,1.2,x,6.9,26,51,50,54,71,80,65,47,33,19,15,13,8.7,2.7,2.1,1.6
53,楠梓,4,懸浮微粒,PM10,μg/m3,2001-07-26,21,32,19,27,27,25,23,60,57,42,42,76,77,65,59,22,10,10,15,15,15,28,20,22
53,楠梓,5,氮氧化物,NOx,ppb,2001-07-26,57,34,30,x,29,27,36,27,24,21,20,17,16,12,11,15,18,26,26,24,25,34,32,36
53,楠梓,6,一氧化氮,NO,ppb,2001-07-26,33,12,7.1,x,15,14,22,12,4.2,1,1.1,0.6,0.1,0.1,0,0,0.1,0.8,0.6,0.8,1.8,7,9.6,16
53,楠梓,7,二氧化氮,NO2,ppb,2001-07-26,24,22,23,x,14,14,14,15,20,20,19,17,16,12,11,15,17,25,25,23,23,27,23,20
53,楠梓,8,總碳氫化合物,THC,ppm,2001-07-26,2.7,2.2,2.2,2.3,2.3,2.3,2.3,2.2,2.4,2.6,2.5,2.4,2.9,2.4,2.4,2.3,2,2,2.1,2,2,2.2,2.3,2.2
53,楠梓,9,非甲烷碳氫化合物,NMHC,ppm,2001-07-26,0.3,0.1,0,0,0,0.1,0.1,0.1,0.2,0.4,0.2,0.3,0.8,0.2,0.3,0.3,0,0.1,0.1,0,0,0.1,0.1,0
53,楠梓,10,風速,WIND_SPEED,m/sec,2001-07-26,0.2,0.2,0,0.3,0.3,0.3,0,0.1,0.2,0.6,1.6,1.7,2.5,3.1,3.2,1.8,2.6,1.4,1,1.2,1.1,0.7,0.3,0.1
53,楠梓,11,風向,WIND_DIREC,degrees,2001-07-26,66,83,999,47,42,38,888,351,888,295,280,306,286,267,285,283,54,60,43,53,43,50,52,23
53,楠梓,14,溫度,AMB_TEMP,℃,2001-07-26,25.1,25.1,25.3,25.2,25.1,25.1,26.2,28.5,30,30.9,30.7,31.8,31.9,31.4,30.6,28.7,24.5,24,24.1,23.7,24,24.3,24.7,24.9
53,楠梓,31,甲烷,CH4,ppm,2001-07-26,2.4,2.2,2.2,2.2,2.2,2.2,2.2,2.1,2.2,2.2,2.2,2.1,2.1,2.2,2.1,2,2,2,2,2,2,2.1,2.2,2.1
54,左營,1,二氧化硫,SO2,ppb,2001-07-26,9.9,4.9,2.8,3.4,4.4,4.8,4.2,5.2,5.6,8.1,9.3,4.9,4.8,6.1,2.9,4.9,12,18,6.1,28,24,9.7,23,7.1
54,左營,2,一氧化碳,CO,ppm,2001-07-26,2.5,1.4,0.8,0.8,0.7,0.8,1,1.1,0.8,0.7,0.8,x,0.6,0.5,0.5,0.5,0.5,1.1,0.9,1.1,1.2,1.1,1.3,1
54,左營,3,臭氧,O3,ppb,2001-07-26,5.1,4.7,6,5.1,4.9,4.4,x,22,27,42,x,76,74,85,83,68,39,12,20,6.7,4.1,6.3,4.5,5
54,左營,4,懸浮微粒,PM10,μg/m3,2001-07-26,36,43,43,33,32,25,28,31,40,48,53,x,x,84,68,37,36,11,19,19,19,23,17,19
54,左營,5,氮氧化物,NOx,ppb,2001-07-26,105,71,28,x,28,30,27,32,29,27,26,x,10,7.9,7,9.1,33,60,35,x,153,x,88,41
54,左營,6,一氧化氮,NO,ppb,2001-07-26,76,46,6.2,x,6.7,8.9,8.9,10,9.1,5.3,3.7,x,2,1.8,1.8,1.6,8.2,19,3.9,x,116,x,55,13
54,左營,7,二氧化氮,NO2,ppb,2001-07-26,29,25,22,x,21,21,18,21,20,22,23,x,8.2,6.2,5.2,7.5,25,41,31,x,37,x,33,28
54,左營,8,總碳氫化合物,THC,ppm,2001-07-26,3.6,3.2,x,3,3.2,2.8,2.8,2.8,2.4,2.4,x,x,x,x,1.8,2,2.3,2.9,2.6,2.7,3,2.9,4,2.6
54,左營,9,非甲烷碳氫化合物,NMHC,ppm,2001-07-26,1.2,0.7,x,0.6,0.5,0.4,0.5,0.4,0.2,0.2,x,x,x,x,0,0.1,0.3,0.7,0.4,0.4,0.7,0.7,1.7,0.4
54,左營,10,風速,WIND_SPEED,m/sec,2001-07-26,x,0,x,0.2,0.5,x,0,0.1,0.4,1,2.3,3.2,x,x,0,2,3.2,1.2,1.9,0.6,0.3,0.1,x,x
54,左營,11,風向,WIND_DIREC,degrees,2001-07-26,0,0,x,359,360,x,342,353,329,320,312,305,x,x,0,359,42,91,48,79,73,45,x,x
54,左營,14,溫度,AMB_TEMP,℃,2001-07-26,25,25,25,25,25,25,26.1,27.5,29.1,29.4,30,29.8,29.6,27.9,x,x,x,25.2,24.8,24.6,24.8,25,25.2,25.6
54,左營,31,甲烷,CH4,ppm,2001-07-26,2.4,2.4,x,2.4,2.7,2.4,2.3,2.4,2.1,2.1,x,x,x,x,1.8,1.9,2,2.2,2.2,2.3,2.3,2.2,2.3,2.2
56,前金,1,二氧化硫,SO2,ppb,2001-07-26,18,13,8.8,7.2,6.5,5.4,3.9,3.3,2,3.1,5.5,4.6,5.2,3.3,1.1,1,5.8,x,4.5,8.7,24,26,19,6.2
56,前金,2,一氧化碳,CO,ppm,2001-07-26,1.7,1.7,1.2,1,0.9,1,0.9,0.8,0.8,0.6,0.6,0.7,0.7,0.6,0.6,0.7,0.8,x,1.4,1,1.3,1.2,1.3,0.8
56,前金,3,臭氧,O3,ppb,2001-07-26,4.7,4,3.4,3.3,2.8,3.9,x,30,36,47,78,90,91,93,81,74,49,x,15,9.1,2.6,2.6,2.5,3.5
56,前金,4,懸浮微粒,PM10,μg/m3,2001-07-26,41,42,49,41,31,36,36,35,42,33,31,34,56,70,66,62,50,41,x,x,38,42,34,37
56,前金,5,氮氧化物,NOx,ppb,2001-07-26,111,89,88,x,55,35,28,18,18,12,10,12,12,7.6,5.8,7.7,26,47,47,37,94,101,77,36
56,前金,6,一氧化氮,NO,ppb,2001-07-26,84,62,63,x,36,13,8.1,3.3,3.1,1.3,0.1,0.1,0.4,0,0,0,2.7,6.1,5.5,3.7,55,65,43,7.1
56,前金,7,二氧化氮,NO2,ppb,2001-07-26,27,28,25,x,20,22,20,15,14,11,10,12,12,7.6,5.8,7.6,23,41,41,33,39,36,35,29
56,前金,10,風速,WIND_SPEED,m/sec,2001-07-26,0.1,0.1,0.2,0.1,0,0,0.1,0.1,0.5,0.7,1.6,2.6,2,2.9,3.7,2.1,1.9,1.2,1.3,1.3,0.6,0.4,0.2,0.2
56,前金,11,風向,WIND_DIREC,degrees,2001-07-26,337,2,343,357,354,3,354,342,321,348,324,329,324,270,281,260,337,43,7,11,349,6,3,27
56,前金,14,溫度,AMB_TEMP,℃,2001-07-26,25.9,26.2,25.9,25.9,25.8,25.9,26.6,28.6,29.5,30.7,31.1,30.9,31.3,30.5,30.2,29,28.2,26.4,26.3,26,26.3,26.5,26.6,26.7
57,前鎮,1,二氧化硫,SO2,ppb,2001-07-26,7.6,5.9,5.7,7.5,4.7,9,9.2,22,18,22,8.7,4.8,11,5.8,2.1,4.2,3.8,0.1,0.7,9.9,5.9,1.9,2.4,0.7
57,前鎮,4,懸浮微粒,PM10,μg/m3,2001-07-26,43,38,41,40,38,36,41,45,66,66,73,73,80,75,68,56,47,48,45,53,48,43,36,26
57,前鎮,5,氮氧化物,NOx,ppb,2001-07-26,87,62,46,x,38,38,49,81,43,41,20,16,16,9.2,8.6,12,16,38,37,57,49,49,49,35
57,前鎮,6,一氧化氮,NO,ppb,2001-07-26,58,35,22,x,14,15,22,34,12,14,2.4,0.4,0.8,0.3,0.3,0.1,0.2,4.6,2.4,12,14,13,16,8.1
57,前鎮,7,二氧化氮,NO2,ppb,2001-07-26,30,27,25,x,24,23,27,47,31,27,18,15,15,8.9,8.4,11,16,33,35,44,35,36,33,27
57,前鎮,8,總碳氫化合物,THC,ppm,2001-07-26,3.2,x,2.8,2.9,2.5,2.8,2.9,3,2.1,2.4,2.1,2.2,2.1,1.9,1.8,1.8,2,2.2,2.5,2.6,2.4,2.4,2.5,2.3
57,前鎮,9,非甲烷碳氫化合物,NMHC,ppm,2001-07-26,1.1,x,0.6,0.8,0.5,0.7,0.8,0.8,0.2,0.4,0.1,0.1,0.1,0.1,0,0,0.1,0.4,0.6,0.6,0.5,0.6,0.6,0.4
57,前鎮,14,溫度,AMB_TEMP,℃,2001-07-26,25.5,25.7,25.4,25.5,25.4,25.6,26.6,28.4,28.3,30.3,31,30.9,31.5,31,30.6,29.4,28.8,26.1,26.4,26.4,26.5,26.8,26.9,27
57,前鎮,31,甲烷,CH4,ppm,2001-07-26,2.1,x,2.2,2.1,2,2.1,2.1,2.1,2,2,2,2.2,2,1.8,1.8,1.8,1.9,1.9,2,1.9,1.9,1.9,1.9,1.9
58,小港,1,二氧化硫,SO2,ppb,2001-07-26,3.4,17,3.6,8.7,7.3,3.1,6.5,15,28,40,27,12,7,7.7,5.2,5.8,4.4,2.9,2.8,x,2.8,3,2.7,1.6
58,小港,2,一氧化碳,CO,ppm,2001-07-26,1.1,0.8,0.8,0.7,0.7,0.6,0.8,1.2,0.8,0.6,0.5,0.5,0.5,0.4,0.4,0.4,0.5,0.9,0.8,x,0.8,0.8,0.7,0.6
58,小港,3,臭氧,O3,ppb,2001-07-26,1.3,1.4,0.5,0.3,0.7,1.3,x,10,16,29,44,78,88,87,61,53,47,26,18,x,7.3,6.9,5.9,5
58,小港,4,懸浮微粒,PM10,μg/m3,2001-07-26,42,40,33,32,31,40,41,49,49,57,73,72,69,68,62,46,48,37,28,40,x,x,37,21
58,小港,5,氮氧化物,NOx,ppb,2001-07-26,51,40,41,x,29,23,36,55,70,65,45,23,13,12,6.6,12,16,28,33,x,x,x,34,32
58,小港,6,一氧化氮,NO,ppb,2001-07-26,21,13,16,x,8.8,6.9,17,19,19,9.7,3.2,0.3,0,0,0,0,0,0,0.6,x,x,x,8.8,7.9
58,小港,7,二氧化氮,NO2,ppb,2001-07-26,30,26,25,x,20,16,19,36,50,56,42,23,13,12,6.6,12,16,28,32,x,x,x,25,24
58,小港,8,總碳氫化合物,THC,ppm,2001-07-26,2.6,2.7,2.9,2.7,2.9,3.2,2.6,2.7,2.8,2.5,2.2,2.2,2.2,2.1,1.9,2,2.1,2.4,2.3,x,2,2,2.6,2.6
58,小港,9,非甲烷碳氫化合物,NMHC,ppm,2001-07-26,0.5,0.5,0.4,0.4,0.4,0.2,0.2,0.5,0.5,0.4,0.3,0.2,0.2,0.2,0.1,0.2,0.2,0.4,0.4,x,0.3,0.4,0.5,0.3
58,小港,10,風速,WIND_SPEED,m/sec,2001-07-26,0.7,1,1,1.5,1.1,1,1.3,0.6,2.1,1.9,2.7,3.1,3.4,3.6,3.9,3.6,3.3,2.7,2.1,1.9,1.3,1.8,1.8,1.3
58,小港,11,風向,WIND_DIREC,degrees,2001-07-26,32,9,16,35,37,41,28,55,227,233,226,250,258,266,271,278,290,40,34,26,32,36,34,29
58,小港,14,溫度,AMB_TEMP,℃,2001-07-26,26.4,26.2,26,25.9,25.9,25.9,26.7,28.4,29,29.7,30.7,31.4,31.5,31.7,31.1,29.6,29.1,26.8,26.2,26.5,26.6,26.4,26.3,26.1
58,小港,21,酸雨,PH_RAIN,pH,2001-07-26,0,0,0,0,0,0,0,0,0,0,0,0,0,0,0,0,0,x,x,0,0,0,0,0
58,小港,22,導電度,RAIN_COND,μmho/cm,2001-07-26,0,0,0,0,0,0,0,0,0,0,0,0,0,0,0,0,0,x,x,0,0,0,0,0
58,小港,31,甲烷,CH4,ppm,2001-07-26,2,2.2,2.5,2.3,2.5,3,2.4,2.2,2.2,2.1,1.9,2,2,1.9,1.8,1.8,1.9,2,2,x,1.7,1.6,2.2,2.3
58,小港,32,降雨強度,RAIN_INT,㎜,2001-07-26,0,0,0,0,0,0,0,0,0,0,0,0,0,0,0,0,0,0,x,0,0,0,0,0
59,屏東,1,二氧化硫,SO2,ppb,2001-07-26,1.3,0.9,0.6,0.4,0.4,0.3,0.5,0.6,0.9,2,5.1,15,14,x,x,2.2,0.1,0,0,0,0,0,0,0
59,屏東,2,一氧化碳,CO,ppm,2001-07-26,0.9,0.6,0.5,0.4,0.4,0.4,0.5,0.6,0.7,0.6,0.5,0.9,0.8,x,0.4,0.6,0.5,0.5,0.6,0.4,0.6,0.6,0.6,0.5
59,屏東,3,臭氧,O3,ppb,2001-07-26,2.8,3.3,3,3.2,4.4,3.9,x,11,41,59,74,123,95,x,100,53,27,23,18,19,9.4,6.1,5.2,4.1
59,屏東,4,懸浮微粒,PM10,μg/m3,2001-07-26,39,40,40,32,26,26,26,33,38,47,49,45,82,47,x,x,16,11,11,11,11,11,17,26
59,屏東,5,氮氧化物,NOx,ppb,2001-07-26,30,19,17,x,12,12,15,16,16,13,12,26,29,x,x,18,19,21,24,19,24,25,21,17
59,屏東,6,一氧化氮,NO,ppb,2001-07-26,7.7,2.1,2.4,x,1.1,1.9,5.1,6.4,1.8,0.4,0.3,0.4,0.7,x,x,0.1,0.4,0.6,1.1,0.8,2.2,3.5,3.7,2.8
59,屏東,7,二氧化氮,NO2,ppb,2001-07-26,23,17,14,x,11,9.8,10,9.8,14,12,12,25,28,x,x,18,19,20,23,18,22,21,18,14
59,屏東,8,總碳氫化合物,THC,ppm,2001-07-26,2.7,2.6,2.7,2.7,2.4,2.3,2.3,2.2,2.2,2.2,2.1,2.5,2.5,x,x,1.6,1.5,1.5,2.2,2.3,2.4,2.4,2.4,2.3
59,屏東,9,非甲烷碳氫化合物,NMHC,ppm,2001-07-26,0.4,0.2,0.1,0,0,0,0,0.1,0.3,0.2,0.1,0.3,0.4,x,x,0.1,0.2,0.2,0.3,0.2,0.2,0.3,0.2,0.1
59,屏東,10,風速,WIND_SPEED,m/sec,2001-07-26,0.5,0.3,0.3,0.5,0.6,0.5,0.2,0.2,0.4,0.8,0.9,1.8,2.6,2.6,3.4,1.2,2.3,1.8,1.5,1.2,0.8,0.8,0.7,0.3
59,屏東,11,風向,WIND_DIREC,degrees,2001-07-26,36,325,330,342,22,352,331,45,294,272,264,222,257,262,264,15,6,358,341,327,349,350,23,326
59,屏東,14,溫度,AMB_TEMP,℃,2001-07-26,25.2,25,25,25,25.1,25.1,25.4,27.7,29.3,29.9,31.1,31.3,30.8,30.8,30.6,27.5,24.3,23.4,23.8,23.7,24.3,24.4,24.6,24.6
59,屏東,31,甲烷,CH4,ppm,2001-07-26,2.3,2.4,2.6,2.7,2.3,2.2,2.3,2.1,2,2,2,2.2,2.1,x,x,1.4,1.3,1.3,2,2.1,2.2,2.2,2.2,2.2
60,潮州,1,二氧化硫,SO2,ppb,2001-07-26,0.6,0.4,0.3,0.3,0.3,0.1,0.1,0.2,0.7,1.5,2.6,15,7.3,6.7,5.8,5,10,1.9,0.8,0.4,0.5,0.5,0.7,0.6
60,潮州,2,一氧化碳,CO,ppm,2001-07-26,0.5,0.4,0.4,0.4,0.4,0.3,0.3,0.3,0.3,0.3,0.3,0.7,0.4,0.4,0.4,0.2,0.4,0.4,0.4,0.4,0.4,0.4,0.5,0.5
60,潮州,3,臭氧,O3,ppb,2001-07-26,2,2.3,2.9,4.8,4.9,5.3,x,12,27,40,58,119,100,92,69,52,36,39,33,21,18,15,8.9,5.8
60,潮州,4,懸浮微粒,PM10,μg/m3,2001-07-26,37,42,43,46,44,45,42,56,52,32,32,33,57,57,56,53,66,68,60,58,39,35,34,30
60,潮州,5,氮氧化物,NOx,ppb,2001-07-26,14,11,9.3,x,8.9,7.1,7.1,6.4,9,7.9,7.5,19,12,11,9.1,9.2,21,19,13,16,17,18,21,20
60,潮州,6,一氧化氮,NO,ppb,2001-07-26,1,0,0,x,0.5,0.4,1.3,1.3,1.7,0.9,0.3,0.3,0.3,0.3,0.3,0.2,0.3,1.2,0.3,0.6,0.6,0.7,1,1
60,潮州,7,二氧化氮,NO2,ppb,2001-07-26,13,11,9.3,x,8.4,6.7,5.8,5.1,7.3,7,7.2,19,12,11,8.8,8.9,21,18,13,16,17,17,20,19
60,潮州,10,風速,WIND_SPEED,m/sec,2001-07-26,0.5,0.1,0.6,0.1,0.6,0,0,0,0.5,0.8,1.1,1.9,2.3,2.3,3.1,1.8,1.2,1.9,0.7,1.1,x,0.1,0.3,0.5
60,潮州,11,風向,WIND_DIREC,degrees,2001-07-26,102,345,14,8,29,73,999,130,199,290,235,219,230,220,211,214,226,355,334,335,344,350,336,355
60,潮州,14,溫度,AMB_TEMP,℃,2001-07-26,25.3,25.4,25.3,25.3,25.1,25,25.4,27.3,29.6,31.2,32,32,32.5,33,32.1,29.7,29,26.7,26.1,25.5,25.6,25.6,25.3,25.3
61,恆春,1,二氧化硫,SO2,ppb,2001-07-26,0,0,0,0,0,0,0,0,0.1,0.1,0.1,0,0.1,0.1,0,1,1.8,0.7,0.1,0.1,0,0,0.1,0
61,恆春,2,一氧化碳,CO,ppm,2001-07-26,0.2,0.2,0.2,0.2,0.2,0.2,0.2,0.2,0.2,0.2,0.2,0.2,0.2,0.2,0.2,0.3,0.3,0.2,0.2,0.2,0.2,0.2,0.2,0.2
61,恆春,3,臭氧,O3,ppb,2001-07-26,6.1,6,5.7,5.8,5.9,6.4,x,6.8,8.5,10,12,13,11,11,11,32,43,19,8.7,7.9,8.9,8.7,7.5,6.7
61,恆春,4,懸浮微粒,PM10,μg/m3,2001-07-26,12,12,12,16,17,15,14,13,12,16,42,45,34,27,17,12,18,22,21,20,17,15,22,20
61,恆春,5,氮氧化物,NOx,ppb,2001-07-26,0.6,0.6,0.8,x,0.1,0,0.1,0.3,0.3,0,0,0,0,0,0,1.2,1.6,0.5,0,0.1,0,0,0,0.1
61,恆春,6,一氧化氮,NO,ppb,2001-07-26,0,0,0,x,0,0,0,0,0,0,0,0,0,0,0,0,0,0,0,0,0,0,0,0
61,恆春,7,二氧化氮,NO2,ppb,2001-07-26,0.6,0.6,0.8,x,0.1,0,0.1,0.3,0.3,0,0,0,0,0,0,1.2,1.6,0.5,0,0.1,0,0,0,0.1
61,恆春,10,風速,WIND_SPEED,m/sec,2001-07-26,3.3,2.9,3.1,3.3,2.6,2.9,2.8,3.5,4.4,4.2,3.5,4.4,3.5,2.6,3,1.6,0.6,2.1,1.8,2.3,2.1,2,1.8,2.2
61,恆春,11,風向,WIND_DIREC,degrees,2001-07-26,29,21,19,29,24,31,8,13,18,25,51,78,46,71,72,888,173,19,19,25,30,36,33,15
61,恆春,14,溫度,AMB_TEMP,℃,2001-07-26,25.1,25.3,25.2,25.1,25.1,25.2,26.8,29,29.6,29.9,31.2,31.8,32.6,32.6,33.4,31.6,31.5,28.8,27.4,26.8,26.5,26.4,26.2,26
61,恆春,21,酸雨,PH_RAIN,pH,2001-07-26,0,0,0,0,0,0,0,0,0,0,0,0,0,0,0,0,0,0,0,0,0,0,0,0
61,恆春,22,導電度,RAIN_COND,μmho/cm,2001-07-26,0,0,0,0,0,0,0,0,0,0,0,0,0,0,0,0,0,0,0,0,0,0,0,0
61,恆春,32,降雨強度,RAIN_INT,㎜,2001-07-26,0,0,0,0,0,0,0,0,0,0,0,0,0,0,0,0,0,0,0,0,0,0,0,0
62,臺東,1,二氧化硫,SO2,ppb,2001-07-26,0.2,0.1,0.1,0,0,0.1,0.1,0.1,0.2,0.1,0.1,0.1,0.1,0,0.1,0.1,0.3,0.2,0.1,0.1,0.1,0.1,0.1,0
62,臺東,2,一氧化碳,CO,ppm,2001-07-26,0.5,x,0.3,0.3,0.3,0.4,0.5,0.5,0.6,0.5,0.5,0.4,0.4,0.4,0.4,0.5,0.7,0.6,0.5,0.6,0.5,0.6,0.5,0.4
62,臺東,3,臭氧,O3,ppb,2001-07-26,0.4,0.9,1.5,2.3,2.3,1.6,2.3,6.1,11,12,13,15,15,15,17,16,12,8.6,5.2,1.5,0.8,0.8,0.7,0.8
62,臺東,4,懸浮微粒,PM10,μg/m3,2001-07-26,17,12,24,23,17,15,15,14,15,12,11,11,11,11,11,11,14,14,20,22,27,35,26,18
62,臺東,5,氮氧化物,NOx,ppb,2001-07-26,11,7.4,5.5,x,4.2,6.2,9.2,9.8,12,11,11,8.3,8.4,8.3,7.8,11,17,14,13,17,15,16,12,7.7
62,臺東,6,一氧化氮,NO,ppb,2001-07-26,5.6,2.6,1.2,x,0.8,2.1,5.5,6,7.3,7.2,6.1,4.6,4.4,4.4,3.6,4.8,7.3,6.1,5.1,8.6,8.7,10,7.1,3.7
62,臺東,7,二氧化氮,NO2,ppb,2001-07-26,5.1,4.8,4.4,x,3.4,4,3.7,3.8,5.1,3.7,4.6,3.7,4,3.9,4.2,5.9,9.2,8.2,8,7.9,6,5.3,4.7,3.9
62,臺東,8,總碳氫化合物,THC,ppm,2001-07-26,2.2,x,2.3,2.3,2.3,2.3,2.4,2.1,2,1.9,1.9,2,1.9,1.9,x,2,2.1,2.1,2,2.1,2.1,2.1,2.1,2.1
62,臺東,9,非甲烷碳氫化合物,NMHC,ppm,2001-07-26,0,x,0,0,0,0,0,0,0,0,0,0,0,0,x,0,0.1,0.1,0,0,0,0,x,x
62,臺東,10,風速,WIND_SPEED,m/sec,2001-07-26,0.8,0.6,0.9,1,0.6,0.6,0.9,1,1.5,2.1,2.3,3,2.9,2,1.9,2,1.4,1,0.8,1.2,1.4,1.3,1.1,1.1
62,臺東,11,風向,WIND_DIREC,degrees,2001-07-26,322,326,324,344,336,328,338,349,55,75,78,75,80,75,80,71,54,12,6,335,326,327,321,327
62,臺東,14,溫度,AMB_TEMP,℃,2001-07-26,27.1,27,27,27.1,27.1,27,28.1,31.5,32.6,32.3,31.7,31.8,31.8,32,31.8,30.6,30.1,29.8,29.1,28.2,27.7,27.6,27.6,27.4
62,臺東,21,酸雨,PH_RAIN,pH,2001-07-26,0,0,0,0,0,0,0,0,0,0,0,0,0,0,0,0,0,0,0,6.1,0,0,0,0
62,臺東,22,導電度,RAIN_COND,μmho/cm,2001-07-26,0,0,0,0,0,0,0,0,0,0,0,0,0,0,0,0,0,0,0,7.9,0,0,0,0
62,臺東,31,甲烷,CH4,ppm,2001-07-26,2.2,x,2.3,2.3,2.3,2.3,2.4,2.1,2,1.9,1.9,2,1.9,1.9,x,2,2,2,2,2.1,2.1,2.1,2.1,2.1
62,臺東,32,降雨強度,RAIN_INT,㎜,2001-07-26,0,0,0,0,0,0,0,0,0,0,0,0,0,0,0,0,0,0,0,1,0,0,0,0
63,花蓮,1,二氧化硫,SO2,ppb,2001-07-26,0.1,0.1,0.1,0.1,0.1,0.5,0.5,0.6,0.7,1.9,0.9,x,x,0.3,0.5,0.4,0.4,0.5,0.5,1.2,0.8,0.7,0.4,0.7
63,花蓮,2,一氧化碳,CO,ppm,2001-07-26,0.5,0.3,0.3,0.3,0.3,0.3,0.4,0.5,0.5,0.5,0.4,x,x,0.3,0.4,0.4,0.5,0.7,0.6,1.1,0.8,0.6,0.4,0.6
63,花蓮,3,臭氧,O3,ppb,2001-07-26,0,0,0,0,0,0,x,0.8,1.7,5.2,9.6,x,x,12,9.7,9.8,7.2,4.8,3.4,0.5,0.2,0.2,0.2,0
63,花蓮,4,懸浮微粒,PM10,μg/m3,2001-07-26,27,22,15,17,17,17,17,15,21,18,16,x,x,x,x,x,13,13,13,19,16,16,22,21
63,花蓮,5,氮氧化物,NOx,ppb,2001-07-26,9.6,7.4,5.6,x,7,9.6,8.3,12,15,14,7.3,x,x,5.4,7.8,7.3,9.3,17,15,36,25,19,13,22
63,花蓮,6,一氧化氮,NO,ppb,2001-07-26,4.3,2.9,1.7,x,3.1,5.6,5,8.1,9.3,7.3,3.4,x,x,1.8,3.1,2,3.4,7.7,4.8,23,13,9.5,4.9,13
63,花蓮,7,二氧化氮,NO2,ppb,2001-07-26,5.3,4.4,3.9,x,3.9,4,3.2,4,5.3,6.4,3.9,x,x,3.6,4.7,5.3,5.9,9.4,9.8,13,12,9.4,8.5,8.9
63,花蓮,8,總碳氫化合物,THC,ppm,2001-07-26,2.1,x,2.1,2,2.1,2.1,2,2.1,2,2,x,x,x,x,x,x,x,2.2,2.1,2.7,2.5,2.5,2.3,2.5
63,花蓮,9,非甲烷碳氫化合物,NMHC,ppm,2001-07-26,0,x,0,0,0.1,0.1,0.1,0.1,0.1,0.1,x,x,x,x,x,x,x,0.3,0.3,0.7,0.5,0.4,0.2,0.4
63,花蓮,10,風速,WIND_SPEED,m/sec,2001-07-26,1.6,1.6,2.1,1.6,1.5,1.9,1.9,1.6,1.3,1.6,2.8,3.1,3.1,2.8,2.4,1.9,1.8,1,0.7,0.8,0.5,1.5,1.3,0.9
63,花蓮,11,風向,WIND_DIREC,degrees,2001-07-26,225,232,224,236,235,235,223,219,218,142,132,142,119,132,140,136,145,888,888,302,251,245,227,289
63,花蓮,14,溫度,AMB_TEMP,℃,2001-07-26,27,26.7,26.4,26.1,26.1,26.1,27.2,28.5,29.3,31.5,33.1,33.6,34,33,x,31.5,31.5,30.6,29.9,29.5,29.2,29,28.5,28.5
63,花蓮,21,酸雨,PH_RAIN,pH,2001-07-26,0,0,0,0,0,0,0,0,0,0,0,0,0,x,0,0,0,0,0,0,0,0,0,0
63,花蓮,22,導電度,RAIN_COND,μmho/cm,2001-07-26,0,0,0,0,0,0,0,0,0,0,0,0,0,x,0,0,0,0,0,0,0,0,0,0
63,花蓮,31,甲烷,CH4,ppm,2001-07-26,2.1,x,2,2,2,2,2,2,1.9,1.9,x,x,x,x,x,x,x,1.9,1.9,2,2,2.1,2.1,2.1
63,花蓮,32,降雨強度,RAIN_INT,㎜,2001-07-26,0,0,0,0,0,0,0,0,0,0,0,0,0,x,0,0,0,0,0,0,0,0,0,0
64,陽明,1,二氧化硫,SO2,ppb,2001-07-26,0.4,0.2,0.7,0.7,2,1,0.6,0.7,2.5,1.9,2.8,4.2,5.8,4.5,2.9,4.3,3.9,0.6,0.1,0.1,0.1,0.1,0.6,2.1
64,陽明,2,一氧化碳,CO,ppm,2001-07-26,0.1,0.2,0.2,0.3,0.3,0.3,0.3,0.3,0.3,0.3,0.3,0.3,0.3,0.3,0.3,0.3,0.3,0.3,0.2,0.2,0.2,0.2,0.3,0.7
64,陽明,3,臭氧,O3,ppb,2001-07-26,8.6,8.1,25,35,21,20,x,33,24,33,36,36,40,45,46,29,24,14,9.2,6.7,6.2,6,4.2,1.8
64,陽明,4,懸浮微粒,PM10,μg/m3,2001-07-26,13,13,12,18,18,16,16,17,14,12,12,12,14,12,12,12,12,12,12,12,13,13,13,13
64,陽明,5,氮氧化物,NOx,ppb,2001-07-26,2.7,2.5,3.3,x,8.4,8.6,5.3,3.2,7.3,7.6,6.5,6.2,6,6,5.8,4.8,5,4.6,4.7,5.3,5.1,4.8,11,31
64,陽明,6,一氧化氮,NO,ppb,2001-07-26,0.3,0.4,0.7,x,0.2,0.1,0,0.1,1.3,0.8,0.7,0.5,0.3,0.2,0.3,0.4,0.5,0.4,0.1,0.2,0.2,0,0.4,4.3
64,陽明,7,二氧化氮,NO2,ppb,2001-07-26,2.3,2.1,2.6,x,8.2,8.5,5.3,3.1,6,6.8,5.9,5.7,5.7,5.7,5.5,4.3,4.5,4.1,4.6,5.1,4.9,4.7,11,27
64,陽明,10,風速,WIND_SPEED,m/sec,2001-07-26,1.3,0,1,1,0.9,1.1,0.3,1.6,1.9,0.3,1.9,1.6,2.5,2.8,2,3.4,2.8,3.8,3.5,4,2,3.1,1.4,0.6
64,陽明,11,風向,WIND_DIREC,degrees,2001-07-26,200,0,260,310,150,210,190,350,350,50,170,150,190,200,170,160,180,190,170,180,190,170,160,180
64,陽明,14,溫度,AMB_TEMP,℃,2001-07-26,21.7,21.5,21.9,22,21.7,21.6,22.3,23.7,25.3,25.1,26.8,26.5,26.6,26.7,27.6,26.3,24.5,23.7,22.9,22.3,22,21.6,21.8,22.1
64,陽明,21,酸雨,PH_RAIN,pH,2001-07-26,0,0,0,0,0,0,0,0,0,0,0,0,0,0,0,0,0,0,0,0,0,0,0,0
64,陽明,22,導電度,RAIN_COND,μmho/cm,2001-07-26,0,0,0,0,0,0,0,0,0,0,0,0,0,0,0,0,0,0,0,0,0,0,0,0
64,陽明,32,降雨強度,RAIN_INT,㎜,2001-07-26,0,0,0,0,0,0,0,0,0,0,0,0,0,0,0,0,0,0,0,0,0,0,0,0
64,陽明,38,相對濕度,RH,percent,2001-07-26,92,88,90,93,93,95,92,92,90,83,82,82,81,83,82,85,86,88,90,91,92,92,94,95
65,宜蘭,1,二氧化硫,SO2,ppb,2001-07-26,0.9,8.6,2.9,0.9,1,6.1,9,8.6,4.1,3.3,2.1,1.5,1.1,1.3,1.5,1.1,1.4,0.8,0.7,0.7,0.9,0.5,2.2,2.9
65,宜蘭,2,一氧化碳,CO,ppm,2001-07-26,0.3,0.3,0.3,0.3,0.3,0.3,0.4,0.5,0.6,0.4,0.4,0.3,0.3,0.3,0.3,0.3,0.4,0.4,0.4,0.5,0.4,0.5,0.4,0.3
65,宜蘭,3,臭氧,O3,ppb,2001-07-26,2.1,1.6,1.5,1.6,1.5,x,4.5,6.1,9.5,13,13,15,19,18,20,27,25,26,22,15,14,9.1,4.6,4.2
65,宜蘭,4,懸浮微粒,PM10,μg/m3,2001-07-26,21,25,28,15,21,30,37,38,34,53,35,39,39,23,22,22,52,66,51,34,19,12,24,22
65,宜蘭,5,氮氧化物,NOx,ppb,2001-07-26,12,15,13,x,14,14,21,22,24,16,22,13,8.4,9.1,7.4,6.2,10,8.5,7.5,10,9.4,13,14,11
65,宜蘭,6,一氧化氮,NO,ppb,2001-07-26,2.3,5.4,3.8,x,5.7,6.2,13,12,12,7.3,12,5.9,2.7,2.9,2.1,1.2,2.1,1.1,0.4,0.9,0.9,2.8,4.1,2.6
65,宜蘭,7,二氧化氮,NO2,ppb,2001-07-26,9.5,9.2,8.9,x,7.8,7.3,8,9.8,12,8.6,10,6.8,5.7,6.2,5.3,5,8.3,7.4,7.2,9.4,8.5,10,9.4,7.9
65,宜蘭,10,風速,WIND_SPEED,m/sec,2001-07-26,0,0,0,0.1,0.2,0.1,0.2,0,0.3,0.6,2.2,2.3,2.2,2.1,1.9,2.5,2.1,1.9,1,1.2,0.5,0.7,0,0.2
65,宜蘭,11,風向,WIND_DIREC,degrees,2001-07-26,292,289,320,305,254,301,311,999,65,70,83,87,85,79,81,87,77,70,63,35,28,332,260,310
65,宜蘭,14,溫度,AMB_TEMP,℃,2001-07-26,27.3,27.1,27,26.6,26.7,26.5,26.9,28,29,30.6,31.6,31.7,31.1,30.6,30.8,30.6,29.7,29.2,28.7,28.5,28.6,28.4,28.2,27.7
66,冬山,1,二氧化硫,SO2,ppb,2001-07-26,0.4,0.1,0.1,0.3,0.2,0.9,1.5,28,19,12,7.8,3.3,1.5,1.4,1.9,3.8,2.3,11,6.5,1.7,1.5,1,1,1.6
66,冬山,2,一氧化碳,CO,ppm,2001-07-26,0.4,0.1,0.8,1.4,0.3,0.3,0.4,3.1,0.8,0.3,0.4,0.2,0.1,0.1,0.1,0.4,0.5,0.3,0.4,0.5,0.5,0.5,0.4,2.3
66,冬山,3,臭氧,O3,ppb,2001-07-26,0,0,0,0,0,0,x,0,0.1,1.6,2.9,4.9,5.1,5.8,15,6.6,2.7,0.9,2.2,2.9,1.3,1.1,1.8,0.2
66,冬山,4,懸浮微粒,PM10,μg/m3,2001-07-26,23,25,22,18,24,18,20,23,43,44,41,36,30,22,17,20,25,24,24,29,24,34,30,25
66,冬山,5,氮氧化物,NOx,ppb,2001-07-26,11,8.8,10,x,13,20,24,50,48,32,32,16,12,13,10,21,18,24,30,23,22,19,14,16
66,冬山,6,一氧化氮,NO,ppb,2001-07-26,3.5,2.3,3.9,x,5.3,12,17,39,34,22,20,7.8,6.4,6.4,3.4,12,10,13,18,10,10,8.8,5.2,7.7
66,冬山,7,二氧化氮,NO2,ppb,2001-07-26,7.3,6.5,6.4,x,7.3,7.3,7.7,11,14,10,12,7.7,5.5,6.5,7,9.1,8,10,13,13,12,11,8.8,8
66,冬山,8,總碳氫化合物,THC,ppm,2001-07-26,1.9,x,2.1,2.2,2.1,2.3,2.4,2,2,2,2,1.9,1.8,1.8,1.8,1.9,1.8,2,2.1,2.3,2.4,2.4,2.1,2
66,冬山,9,非甲烷碳氫化合物,NMHC,ppm,2001-07-26,0.1,x,0.1,0.1,0.1,0.1,0.2,0.1,0.1,0.1,0.1,0,0,0,0.1,0.1,0.1,0.1,0.1,0.2,0.2,0.2,0.2,0.1
66,冬山,10,風速,WIND_SPEED,m/sec,2001-07-26,0.1,0.2,0,0.1,0.1,0,0,0.4,0.4,0.8,1.8,3,3.5,3.4,3.2,3,1.1,1.5,1,1.1,0.9,0.5,0.4,0.1
66,冬山,11,風向,WIND_DIREC,degrees,2001-07-26,206,273,199,888,261,888,214,105,70,96,82,90,89,83,97,110,160,141,888,259,272,268,253,167
66,冬山,14,溫度,AMB_TEMP,℃,2001-07-26,26.9,26.3,26.2,26.2,26,25.9,26.7,28,29,31.2,31.5,30.5,30.7,30.5,30.7,31.5,31.7,30.8,29.6,28.9,28.2,27.8,27.8,27.6
66,冬山,21,酸雨,PH_RAIN,pH,2001-07-26,0,0,0,0,0,0,0,0,0,0,0,0,0,0,0,0,0,0,0,0,0,0,0,0
66,冬山,22,導電度,RAIN_COND,μmho/cm,2001-07-26,0,0,0,0,0,0,0,0,0,0,0,0,0,0,0,0,0,0,0,0,0,0,0,0
66,冬山,31,甲烷,CH4,ppm,2001-07-26,1.8,x,2,2,2.1,2.2,2.2,1.9,1.9,1.9,1.9,1.9,1.8,1.8,1.8,1.8,1.8,1.9,2,2.1,2.2,2.2,1.9,1.9
66,冬山,32,降雨強度,RAIN_INT,㎜,2001-07-26,0,0,0,0,0,0,0,0,0,0,0,0,0,0,0,0,0,0,0,0,0,0,0,0
67,三重,1,二氧化硫,SO2,ppb,2001-07-26,8.5,6.7,7.6,12,11,13,13,10,8.3,9,8.9,8.3,9,9,8.7,7.4,9.8,15,16,22,25,20,20,15
67,三重,2,一氧化碳,CO,ppm,2001-07-26,3.1,1.7,1.8,1.9,1.9,2.1,2.6,4.1,x,3,2.4,2.1,2.2,2.7,3.1,2.4,4.4,5.7,5.4,5.1,5.4,5,5.4,3.2
67,三重,4,懸浮微粒,PM10,μg/m3,2001-07-26,62,58,50,47,47,47,47,61,55,59,60,67,77,81,81,87,71,72,78,95,95,95,92,96
67,三重,5,氮氧化物,NOx,ppb,2001-07-26,147,106,x,161,131,119,190,239,176,178,178,146,161,167,181,157,240,281,255,249,276,245,243,183
67,三重,6,一氧化氮,NO,ppb,2001-07-26,127,90,x,140,114,102,168,208,127,125,116,76,87,89,106,98,181,218,176,186,220,205,190,128
67,三重,7,二氧化氮,NO2,ppb,2001-07-26,20,16,x,21,17,17,22,31,49,54,62,70,73,77,75,59,59,63,80,63,56,40,53,55
67,三重,8,總碳氫化合物,THC,ppm,2001-07-26,3.6,3.3,3,3.2,3,3.3,3.2,3.3,3.4,3,3,2.7,2.7,2.7,2.7,2.5,3.4,4.6,4.7,4.9,x,x,4.6,3.6
67,三重,9,非甲烷碳氫化合物,NMHC,ppm,2001-07-26,1.1,0.8,0.6,0.7,0.6,0.8,0.8,1,0.8,0.5,0.7,0.4,0.4,0.5,0.5,0.4,1.2,2.3,2.4,2.5,x,x,2.1,1.1
67,三重,14,溫度,AMB_TEMP,℃,2001-07-26,29.1,28.9,28.8,28.4,28,28,28.8,29.6,30.4,31.5,32.3,32.1,31.8,32.2,33.4,32.2,31.6,31.5,31.3,30.6,30.3,29.9,29.8,29.6
67,三重,31,甲烷,CH4,ppm,2001-07-26,2.5,2.5,2.5,2.5,2.4,2.5,2.5,2.4,2.6,2.4,2.3,2.3,2.2,2.2,2.2,2.1,2.2,2.3,2.3,2.4,x,x,2.6,2.4
67,三重,33,細懸浮微粒,PM2.5,μg/m3,2001-07-26,24,43,31,23,26,31,30,26,31,38,38,45,46,47,46,31,42,41,41,51,48,46,55,46
68,中壢,1,二氧化硫,SO2,ppb,2001-07-26,3.1,2.1,3.3,4.5,4.4,3.5,3.6,5.2,5.2,4.7,8.5,9.4,5.4,4.8,4.5,4.3,4.7,5.5,6.1,7.5,6.9,8.7,5.7,7.3
68,中壢,2,一氧化碳,CO,ppm,2001-07-26,1.6,0.9,0.7,0.5,0.5,1.3,2,3.3,1.9,1,1.1,1.3,1.1,1.1,1,0.9,0.9,1.3,2,2.6,3.2,3.7,2.3,1.9
68,中壢,4,懸浮微粒,PM10,μg/m3,2001-07-26,37,25,28,23,27,18,25,32,33,23,38,47,56,39,37,42,42,59,59,41,59,32,72,102
68,中壢,5,氮氧化物,NOx,ppb,2001-07-26,57,31,35,x,30,45,98,134,85,50,66,70,53,50,46,45,43,49,70,111,122,136,77,63
68,中壢,6,一氧化氮,NO,ppb,2001-07-26,36,16,16,x,9.5,24,70,100,46,16,18,20,13,20,13,10,12,15,25,58,56,71,27,22
68,中壢,7,二氧化氮,NO2,ppb,2001-07-26,21,15,18,x,20,22,29,34,39,34,48,50,40,30,33,35,31,34,45,53,65,65,49,40
68,中壢,8,總碳氫化合物,THC,ppm,2001-07-26,2.3,2.4,2.8,x,2.9,3,2.9,3.3,x,2.2,2.3,2.2,2.2,2.3,2.5,2.6,x,x,2.1,2.3,3,3.3,2.6,2.5
68,中壢,9,非甲烷碳氫化合物,NMHC,ppm,2001-07-26,0.2,0.4,0.7,0.6,1,1,1,1.3,x,0.1,0.2,0.2,0.2,0.3,0.4,0.6,x,x,0.2,0.4,1,1.2,0.5,0.4
68,中壢,14,溫度,AMB_TEMP,℃,2001-07-26,24.9,25,25.1,25.6,25.9,25.8,26,26.5,27.6,28.8,29.6,30.1,30,29.5,28.9,28.3,28.3,28.2,28,27.5,27.1,27.3,27.1,27.1
68,中壢,31,甲烷,CH4,ppm,2001-07-26,2.1,2,2.1,x,2,2,2,2,x,2.1,2.1,2.1,2,2,2.1,1.9,x,x,1.9,1.9,2,2.1,2.1,2.1
69,竹山,1,二氧化硫,SO2,ppb,2001-07-26,0.6,0.6,0.8,0.5,0.9,0.3,0.3,0.5,0.6,0.4,0.8,1.6,2.8,1.5,1,0.8,1,1.7,1.3,0.5,1.2,3.4,0.8,1.9
69,竹山,2,一氧化碳,CO,ppm,2001-07-26,0.5,0.3,0.3,0.3,0.3,0.3,0.4,0.4,0.4,0.4,0.4,0.5,0.3,0.3,0.3,0.4,0.4,0.4,0.4,0.4,0.5,0.4,0.4,0.4
69,竹山,3,臭氧,O3,ppb,2001-07-26,2.3,2.4,1,2.1,0.4,0,x,0.1,5,23,50,62,63,67,67,55,55,38,24,20,8.2,5.4,1.6,0.8
69,竹山,4,懸浮微粒,PM10,μg/m3,2001-07-26,19,19,14,22,18,19,21,19,20,21,20,27,31,38,33,42,42,42,42,33,16,16,19,24
69,竹山,5,氮氧化物,NOx,ppb,2001-07-26,12,9.3,11,x,10,12,12,13,13,8.1,7.7,13,9.9,7.5,7.3,13,9.3,14,15,11,16,12,13,10
69,竹山,6,一氧化氮,NO,ppb,2001-07-26,0.4,0,0.3,x,0.8,1.6,3.4,5.4,5.5,1.6,0.4,0.6,0.5,0.1,0.1,0.3,0.2,0.2,0.4,0.3,0.7,0.4,0.9,0.2
69,竹山,7,二氧化氮,NO2,ppb,2001-07-26,11,9.2,11,x,9.5,10,8.5,7.1,7.8,6.5,7.3,13,9.4,7.4,7.2,13,9.1,14,15,10,15,12,12,10
69,竹山,10,風速,WIND_SPEED,m/sec,2001-07-26,0.3,0.1,0.1,0.1,0.1,0,0.3,0.3,0.3,0.6,0.9,1.4,1.8,2.2,1.7,1.1,1.7,1.1,2,1.3,0.6,0.3,0.2,0.1
69,竹山,11,風向,WIND_DIREC,degrees,2001-07-26,888,357,331,3,219,999,347,5,1,8,6,4,5,3,6,8,8,355,211,216,240,246,229,340
69,竹山,14,溫度,AMB_TEMP,℃,2001-07-26,24.4,24.4,24.4,24.5,24.5,24.6,24.9,25.8,28.6,30,30.4,31.1,32.3,32.3,32,30,30.6,29.7,27.9,26.9,27,26.7,26.6,26.5
70,永和,1,二氧化硫,SO2,ppb,2001-07-26,x,x,x,0,1,x,0.1,0.9,x,x,15,12,4.7,4.7,10,3.4,1,5.2,7.7,13,8.6,7.8,4.2,4.5
70,永和,2,一氧化碳,CO,ppm,2001-07-26,1,0.6,0.4,0.5,0.7,0.8,1.6,3.7,2.6,1.9,1.6,1.3,2.9,3.1,2,1.3,2.2,2.7,3.1,3.1,2.5,2.8,2.3,1.5
70,永和,3,臭氧,O3,ppb,2001-07-26,0.1,0.1,0,0,0.2,0.1,x,2.3,4.2,8.2,11,19,30,31,18,11,11,22,9.4,2.2,1.5,4.1,8.6,8.5
70,永和,4,懸浮微粒,PM10,μg/m3,2001-07-26,33,31,25,24,19,26,26,26,25,29,39,40,34,58,85,74,62,61,70,84,91,87,95,83
70,永和,5,氮氧化物,NOx,ppb,2001-07-26,37,27,16,x,42,31,58,126,87,76,70,60,103,114,80,45,78,93,101,133,107,103,80,60
70,永和,6,一氧化氮,NO,ppb,2001-07-26,28,20,9.7,x,31,23,50,111,64,44,37,25,35,41,30,21,41,33,45,71,55,58,40,20
70,永和,7,二氧化氮,NO2,ppb,2001-07-26,9,7.4,6.7,x,10,7.5,8.6,15,24,32,33,36,68,73,51,25,37,60,56,62,52,45,39,40
70,永和,8,總碳氫化合物,THC,ppm,2001-07-26,2.3,2.2,3.6,2,2.4,2,2.4,3.4,4.9,3,2.5,2.4,3.1,3.1,2.8,2.1,2.7,3.5,3.7,3.5,3.3,3.5,2.9,2.7
70,永和,9,非甲烷碳氫化合物,NMHC,ppm,2001-07-26,0.3,0.2,1.5,0,0.1,0,0.4,1.2,2.7,0.6,0.2,0.2,0.8,0.8,0.5,0.1,0.5,1.3,1.4,1.3,1.1,1.2,0.7,0.4
70,永和,10,風速,WIND_SPEED,m/sec,2001-07-26,0.9,0.9,0.8,0.8,0.8,0.9,0.8,0.9,1,1.1,1.6,1.6,1.1,1.1,1.5,1.2,1.1,1.2,1.2,1.4,1.2,1.3,1.3,1.2
70,永和,11,風向,WIND_DIREC,degrees,2001-07-26,200,202,999,224,248,189,999,70,87,92,70,61,45,999,62,75,999,244,253,238,233,239,233,270
70,永和,14,溫度,AMB_TEMP,℃,2001-07-26,27.9,27.7,27.4,27.2,27,26.9,27.3,28.1,28.8,30.1,31.5,32.1,31.7,31.9,32.1,32,31.5,30.4,30,29.3,29.2,29,28.8,28.5
70,永和,31,甲烷,CH4,ppm,2001-07-26,2,1.9,2.1,2,2.3,2,2.1,2.2,2.2,2.4,2.3,2.2,2.3,2.3,2.3,2.1,2.1,2.2,2.2,2.2,2.2,2.3,2.2,2.3
71,復興,1,二氧化硫,SO2,ppb,2001-07-26,8.5,6.4,5.5,5.8,5.1,8.4,15,23,20,19,3.1,1.5,1.5,0.9,0.7,0,0.1,0.4,3.9,15,11,7.5,5.3,1.5
71,復興,2,一氧化碳,CO,ppm,2001-07-26,1.7,1.3,1.1,1.4,1,1,2.2,2.3,1.1,0.5,0.6,0.7,0.6,0.7,0.6,0.7,1.2,1.9,2.8,2.4,2.2,2.4,1.9,0.9
71,復興,4,懸浮微粒,PM10,μg/m3,2001-07-26,31,34,35,41,40,40,39,75,105,99,77,81,83,92,85,70,68,87,90,89,89,72,62,61
71,復興,5,氮氧化物,NOx,ppb,2001-07-26,63,52,47,61,x,38,86,94,58,43,30,28,25,26,24,27,36,61,80,109,82,83,62,36
71,復興,6,一氧化氮,NO,ppb,2001-07-26,30,22,22,36,x,16,55,41,19,12,2.6,0.9,1.2,1.6,1.7,1.3,8.1,22,33,63,45,46,31,11
71,復興,7,二氧化氮,NO2,ppb,2001-07-26,33,30,25,25,x,22,30,53,39,30,28,27,24,25,22,25,28,39,47,46,37,36,32,25
71,復興,8,總碳氫化合物,THC,ppm,2001-07-26,3.4,3.2,x,3.5,2.8,3.1,3.9,3.7,2.7,2.3,2.2,2.3,2.1,1.9,1.9,2.1,2.6,2.9,3.7,3.3,3.1,3.5,3,2.4
71,復興,9,非甲烷碳氫化合物,NMHC,ppm,2001-07-26,1,0.7,x,1.1,0.3,0.7,1.4,1.2,0.5,0.3,0.1,0.1,0.1,0,0.1,0.1,0.4,0.7,1.4,1.1,0.9,1.2,0.7,0.3
71,復興,14,溫度,AMB_TEMP,℃,2001-07-26,26.3,26.3,26,26.2,26.2,26.2,27,28.4,29,29.6,30.6,31,31.4,30.8,30.3,29.5,28.8,26.2,26.4,26.5,26.6,26.9,26.9,26.8
71,復興,31,甲烷,CH4,ppm,2001-07-26,2.4,2.5,x,2.4,2.4,2.4,2.5,2.5,2.2,2.1,2.1,2.3,2,1.9,1.8,2,2.2,2.3,2.3,2.2,2.1,2.3,2.3,2.1
72,埔里,1,二氧化硫,SO2,ppb,2001-07-26,1.5,x,0.5,0.1,0.4,0,x,x,0.2,1.7,1.6,1.5,1.5,1.3,1.4,1.1,0.6,0.6,1,0.5,0.1,0,x,0.5
72,埔里,2,一氧化碳,CO,ppm,2001-07-26,0.6,0.6,x,0.5,0.5,0.6,0.6,0.8,0.9,0.9,0.6,0.5,0.5,0.5,0.5,0.6,0.6,0.6,1,0.8,1,0.8,0.8,0.7
72,埔里,3,臭氧,O3,ppb,2001-07-26,11,7.5,11,11,8,5.1,x,7,11,26,30,34,44,49,47,42,19,12,6.9,5.8,2.7,3.1,2.6,2.2
72,埔里,4,懸浮微粒,PM10,μg/m3,2001-07-26,43,42,37,35,21,20,22,24,35,60,92,81,73,64,50,37,40,31,28,35,32,27,27,23
72,埔里,5,氮氧化物,NOx,ppb,2001-07-26,11,11,7.1,6,x,7.1,8.6,12,15,18,7.9,9.1,9,8.7,12,9.7,11,10,19,16,20,15,10,10
72,埔里,6,一氧化氮,NO,ppb,2001-07-26,1.2,0.7,0.3,0,x,0,0.8,1.6,3.4,3.9,1.9,2.3,1.8,1.6,2.1,1.2,3,1.4,6.7,2.8,8,3.7,0.7,1
72,埔里,7,二氧化氮,NO2,ppb,2001-07-26,9.4,9.9,6.3,5.7,x,6.7,7.4,9.4,11,14,5.5,6.6,6.9,6.9,9.5,8.3,7.8,8.2,12,13,12,11,8.8,8.3
72,埔里,8,總碳氫化合物,THC,ppm,2001-07-26,x,x,x,x,2.1,2.3,2.5,2.5,2.4,2.2,1.8,1.7,1.7,1.8,1.8,1.8,1.7,1.8,2.1,2.2,2.4,2.2,2.1,2
72,埔里,9,非甲烷碳氫化合物,NMHC,ppm,2001-07-26,x,x,x,x,0,0.1,0,0.1,0.1,0.2,0,0,0,0.1,0.1,0.1,0.1,0.1,0.2,0.1,0.2,0.1,0.1,0.1
72,埔里,10,風速,WIND_SPEED,m/sec,2001-07-26,0.5,0.5,0.3,0.7,0.4,0.7,0.4,0.7,0.6,1.1,2.2,2.4,1.9,1.4,0.9,0.7,1.3,0.5,0.6,0.6,0.8,0.6,0.7,0.5
72,埔里,11,風向,WIND_DIREC,degrees,2001-07-26,257,250,281,209,266,220,282,251,278,70,239,264,239,264,134,174,244,197,185,198,202,207,213,238
72,埔里,14,溫度,AMB_TEMP,℃,2001-07-26,22.9,23,23,23.1,23.1,23.1,23.5,24.2,25.1,26.9,29.2,29.2,29.2,29.9,28.5,26.6,24.2,24.2,24.1,23.8,23.7,23.5,23.5,23.3
72,埔里,31,甲烷,CH4,ppm,2001-07-26,x,x,x,x,2.1,2.2,2.5,2.4,2.3,2.1,1.7,1.7,1.7,1.7,1.7,1.7,1.6,1.7,2,2.1,2.2,2.1,2,1.9
75,馬祖,1,二氧化硫,SO2,ppb,2001-07-26,0,0,0,0,0,0,0,0,0,0,0,0,0,0,0,0,0,0,0,0,0,0,0,0
75,馬祖,2,一氧化碳,CO,ppm,2001-07-26,0.1,0.1,0.1,0.1,0.1,0.1,0.1,0.1,0.1,0.1,0.1,0.1,0.1,0.1,0.1,0.1,0.2,0.2,0.1,0.2,0.2,0.2,0.1,0.1
75,馬祖,3,臭氧,O3,ppb,2001-07-26,13,16,22,26,20,23,x,21,23,27,37,40,50,50,47,51,48,34,30,37,26,25,31,27
75,馬祖,4,懸浮微粒,PM10,μg/m3,2001-07-26,9,11,13,14,14,11,9,7,3,x,x,3,5,7,9,9,9,10,12,12,11,9,7,5
75,馬祖,5,氮氧化物,NOx,ppb,2001-07-26,2.6,2.2,2,x,2.6,1.9,3.4,3.9,2.8,3.2,1.9,1,1.7,1.1,0.8,0.7,4.7,4.1,4.2,2.9,5.9,2.6,1.1,1.3
75,馬祖,6,一氧化氮,NO,ppb,2001-07-26,0,0,0,x,0.2,0.2,0.4,1.2,1.2,1.1,0.5,0.3,0.3,0.2,0.2,0.2,0.8,0.8,0.4,0.1,0.3,0.1,0.2,0.2
75,馬祖,7,二氧化氮,NO2,ppb,2001-07-26,2.6,2.2,2,x,2.3,1.7,3,2.7,1.6,2.1,1.4,0.7,1.4,0.9,0.6,0.5,3.9,3.4,3.9,2.8,5.6,2.4,0.9,1.1
75,馬祖,10,風速,WIND_SPEED,m/sec,2001-07-26,2,0.8,0.3,0.2,0.2,0.1,0.5,2,3.5,2.4,2.6,2.4,2.8,3.5,3.7,3.2,0.5,0.9,0.6,0.8,0.5,0.8,1.9,2.2
75,馬祖,11,風向,WIND_DIREC,degrees,2001-07-26,46,32,67,108,282,48,69,53,55,57,57,56,48,49,39,37,888,56,347,326,322,7,19,22
75,馬祖,14,溫度,AMB_TEMP,℃,2001-07-26,26.2,25.9,25.9,26,25.7,25.7,25.6,26.1,27.2,27.1,27.9,28.5,28.5,28.5,28.3,28,28.1,26.1,24.7,25.7,25.4,24.9,25,24.9
75,馬祖,21,酸雨,PH_RAIN,pH,2001-07-26,0,0,0,0,0,0,0,0,0,0,0,0,0,0,0,0,0,4.4,4.5,0,0,0,0,0
75,馬祖,22,導電度,RAIN_COND,μmho/cm,2001-07-26,0,0,0,0,0,0,0,0,0,0,0,0,0,0,0,0,0,20,16,0,0,0,0,0
75,馬祖,32,降雨強度,RAIN_INT,㎜,2001-07-26,0,0,0,0,0,0,0,0,0,0,0,0,0,0,0,0,0,12,1,0,0,0,0,0
