SiteId,SiteName,ItemId,ItemName,ItemEngName,ItemUnit,MonitorDate,MonitorValue00,MonitorValue01,MonitorValue02,MonitorValue03,MonitorValue04,MonitorValue05,MonitorValue06,MonitorValue07,MonitorValue08,MonitorValue09,MonitorValue10,MonitorValue11,MonitorValue12,MonitorValue13,MonitorValue14,MonitorValue15,MonitorValue16,MonitorValue17,MonitorValue18,MonitorValue19,MonitorValue20,MonitorValue21,MonitorValue22,MonitorValue23
1,基隆,1,二氧化硫,SO2,ppb,2015-01-23,1.7,1.5,1.4,1.4,1.3,1.3,1.5,2.3,3.3,4.1,3.7,3.6,3.2,3.3,3.6,3.4,3.3,2.8,2.4,2.3,2.4,2.2,1.8,1.7
1,基隆,2,一氧化碳,CO,ppm,2015-01-23,0.59,0.51,0.48,0.48,0.45,0.5,0.69,1.55,2.06,0.52,0.44,0.44,0.45,0.42,0.45,0.47,0.49,0.72,1.13,1.07,0.77,0.94,0.95,0.81
1,基隆,3,臭氧,O3,ppb,2015-01-23,24,25,26,22,22,17,8.5,3.1,8,46,52,55,55,58,58,60,58,40,18,19,35,27,15,16
1,基隆,4,懸浮微粒,PM10,μg/m3,2015-01-23,48,43,44,44,45,44,47,63,64,46,52,50,49,48,57,59,59,60,63,56,53,55,53,51
1,基隆,5,氮氧化物,NOx,ppb,2015-01-23,17,12,9.6,10,8.6,11,29,84,91,12,8,8,8.9,8.9,11,11,12,25,48,47,28,37,40,33
1,基隆,6,一氧化氮,NO,ppb,2015-01-23,0.6,0.7,0.5,0.4,0.6,0.9,7.7,52,52,2.1,1.2,1.1,1.2,1.2,1.4,1.2,0.9,1.4,5.1,6.4,2,3.7,2.9,2.7
1,基隆,7,二氧化氮,NO2,ppb,2015-01-23,17,11,9.1,9.6,8,10,21,32,38,10,6.8,6.9,7.7,7.7,9.7,10,11,24,42,41,26,33,37,31
1,基隆,8,總碳氫化合物,THC,ppm,2015-01-23,2.1,2.1,2.1,2.2,2.1,2.2,2.2,2.6,2.9,2,1.9,1.9,1.9,1.9,1.9,1.9,1.9,2.1,2.4,2.4,2.3,2.3,2.3,2.3
1,基隆,9,非甲烷碳氫化合物,NMHC,ppm,2015-01-23,0.15,0.13,0.11,0.13,0.13,0.17,0.2,0.48,0.72,0.1,0.07,0.07,0.07,0.05,0.05,0.05,0.07,0.19,0.38,0.34,0.28,0.29,0.31,0.27
1,基隆,10,風速,WIND_SPEED,m/sec,2015-01-23,0.5,0.5,0.5,0.5,0.4,0.5,0.6,0.5,2,2.6,3.3,3.4,3.1,3.9,3,2.2,1.8,1.2,0.5,1.1,1.4,0.7,0.7,0.6
1,基隆,11,風向,WIND_DIREC,degrees,2015-01-23,270,288,288,313,286,306,286,171,90,78,84,74,80,80,80,88,83,79,329,79,83,317,285,338
1,基隆,14,溫度,AMB_TEMP,℃,2015-01-23,10.5,10.1,9.6,9.2,8.9,8.6,8.6,9.5,12.4,16.5,17.4,17.8,18.6,19,19.1,18.8,18.1,17.1,15.6,15.3,15.8,15.3,13.6,13.1
1,基隆,31,甲烷,CH4,ppm,2015-01-23,2,2,2,2.1,2,2,2,2.1,2.2,1.9,1.9,1.8,1.9,1.9,1.9,1.9,1.9,1.9,2,2.1,2,2,2,2
1,基隆,33,細懸浮微粒,PM2.5,μg/m3,2015-01-23,40,35,36,37,38,37,40,52,43,32,38,37,36,36,43,45,44,46,51,44,41,45,43,43
1,基隆,38,相對濕度,RH,percent,2015-01-23,86,87,89,90,90,91,91,89,78,56,52,53,50,48,49,53,57,61,69,71,68,71,82,85
1,基隆,143,小時風速值,WS_HR,m/sec,2015-01-23,0.3,0.4,0.4,0.3,0.4,0.3,0.4,0.3,0.3,2.3,3.2,3.4,3,3.5,2.5,2.7,2.6,1.6,0.4,0.9,1.1,0.8,0.6,0.3
1,基隆,144,小時風向值,WD_HR,degrees,2015-01-23,295,285,283,280,278,299,283,257,130,82,78,79,80,80,85,83,85,89,96,89,87,82,272,278
2,汐止,1,二氧化硫,SO2,ppb,2015-01-23,15,19,13,13,11,11,9.5,9,8.9,7.7,x,4.5,3.9,3.8,3.7,3.5,3.5,3.7,3.7,3.3,3.3,3.8,3.3,2.9
2,汐止,2,一氧化碳,CO,ppm,2015-01-23,0.67,0.54,0.5,0.49,0.48,0.53,0.71,0.81,0.97,0.73,x,0.46,0.44,0.41,0.41,0.43,0.5,0.61,0.67,0.74,0.79,0.85,0.78,0.7
2,汐止,3,臭氧,O3,ppb,2015-01-23,6.3,16,14,11,13,5,2.3,3.8,5.3,22,43,47,51,53,53,53,49,36,30,23,18,6.3,9.6,8.5
2,汐止,4,懸浮微粒,PM10,μg/m3,2015-01-23,81,72,67,62,57,57,57,62,79,87,75,62,60,55,55,61,64,67,70,68,67,65,62,59
2,汐止,5,氮氧化物,NOx,ppb,2015-01-23,40,26,24,25,24,34,58,78,100,60,x,x,13,13,14,18,22,31,37,42,46,63,54,49
2,汐止,6,一氧化氮,NO,ppb,2015-01-23,3.9,1.3,1.3,2.9,3,7.6,28,47,62,27,x,x,3,3,2.9,3,2.4,2.2,3.3,3.9,6.6,17,14,12
2,汐止,7,二氧化氮,NO2,ppb,2015-01-23,36,24,22,23,21,27,30,31,38,33,x,x,10,9.8,11,15,19,29,33,38,39,46,40,37
2,汐止,10,風速,WIND_SPEED,m/sec,2015-01-23,2,1.7,1.7,2.4,1.5,1.7,1.5,2,1.6,2.7,2.4,2.4,2.5,2,1.7,1.7,1.3,1.8,1,1,1.1,1.3,1.1,0.9
2,汐止,11,風向,WIND_DIREC,degrees,2015-01-23,74,76,76,80,72,81,83,74,108,67,65,66,97,85,64,75,81,39,78,29,73,107,68,75
2,汐止,14,溫度,AMB_TEMP,℃,2015-01-23,10.2,9.6,9.4,9.1,8.8,8.7,8.7,9,11.3,15.6,17.5,18.5,19.3,19.9,20.2,19.8,18.7,17.3,16.3,15.5,14.5,13.5,13,12.4
2,汐止,33,細懸浮微粒,PM2.5,μg/m3,2015-01-23,47,45,41,36,35,36,38,38,40,47,44,36,33,30,31,34,36,40,41,41,40,40,38,38
2,汐止,38,相對濕度,RH,percent,2015-01-23,82,83,84,84,85,85,85,84,78,61,50,46,43,39,37,41,50,57,62,65,69,75,78,80
2,汐止,143,小時風速值,WS_HR,m/sec,2015-01-23,1.6,1.9,1.8,1.7,1.6,1.9,1,2.1,1.2,1.3,x,1.7,1.9,2.3,1.7,1.6,1.1,1.1,1,0.5,0.6,0.6,0.6,0.5
2,汐止,144,小時風向值,WD_HR,degrees,2015-01-23,77,78,80,80,79,81,81,77,83,61,x,68,76,95,71,88,79,49,49,46,64,93,73,92
3,萬里,1,二氧化硫,SO2,ppb,2015-01-23,2.1,1.2,1.2,1.5,1.5,1.8,2.2,2.8,3,4.5,3.9,3.7,3.6,3.2,3.2,3.1,3.4,3.3,3.3,2.2,1.9,1.6,1.5,1.3
3,萬里,2,一氧化碳,CO,ppm,2015-01-23,0.36,0.37,0.4,0.41,0.41,0.42,0.46,0.51,0.55,0.49,0.42,0.41,0.39,0.38,0.37,0.37,0.4,0.42,0.52,0.47,0.44,0.41,0.4,0.38
3,萬里,3,臭氧,O3,ppb,2015-01-23,37,36,35,34,34,33,31,27,26,47,54,58,60,62,65,67,65,59,30,29,33,36,39,38
3,萬里,4,懸浮微粒,PM10,μg/m3,2015-01-23,54,51,55,59,56,54,57,64,64,71,75,76,75,66,62,66,71,70,70,66,56,54,57,56
3,萬里,5,氮氧化物,NOx,ppb,2015-01-23,4.6,3.9,3.9,3.1,3.1,3.4,6.2,12,16,13,7.2,6.5,6.1,5.5,5.9,6.9,7.5,11,21,14,11,9,7.5,5.8
3,萬里,6,一氧化氮,NO,ppb,2015-01-23,1.1,0.8,0.9,0.6,0.7,0.7,0.8,1.9,3.6,3,1.5,1.5,1.3,1,1,1,1,0.9,1.4,1.2,0.9,0.9,0.8,0.7
3,萬里,7,二氧化氮,NO2,ppb,2015-01-23,3.5,3,3,2.6,2.4,2.6,5.4,10,12,9.9,5.7,5,4.9,4.5,4.9,5.9,6.5,9.9,19,13,10,8.1,6.6,5.1
3,萬里,10,風速,WIND_SPEED,m/sec,2015-01-23,4.7,4.2,3.6,4.3,4.4,5,4.6,4.3,1.7,2.9,4.1,4.6,5.6,5.7,6.1,5.2,2.5,1.9,2.5,3.5,4.6,4.8,4.9,5.2
3,萬里,11,風向,WIND_DIREC,degrees,2015-01-23,210,214,214,212,210,211,213,211,171,97,67,72,69,67,57,69,115,165,193,196,210,209,209,210
3,萬里,14,溫度,AMB_TEMP,℃,2015-01-23,9.3,9.2,9,8.8,8.8,8.7,8.9,9.6,11.8,15.2,16.1,16.4,16.7,16.9,17.3,17.4,17.5,17.1,14.4,12.7,12.1,11.9,12,11.8
3,萬里,21,酸雨,PH_RAIN,pH,2015-01-23,0,0,0,0,0,0,0,0,0,0,0,0,0,0,0,0,0,0,0,0,0,0,0,0
3,萬里,22,導電度,RAIN_COND,μmho/cm,2015-01-23,0,0,0,0,0,0,0,0,0,0,0,0,0,0,0,0,0,0,0,0,0,0,0,0
3,萬里,32,降雨強度,RAIN_INT,㎜,2015-01-23,0,0,0,0,0,0,0,0,0,0,0,0,0,0,0,0,0,0,0,0,0,0,0,0
3,萬里,33,細懸浮微粒,PM2.5,μg/m3,2015-01-23,35,34,33,33,34,36,37,41,40,38,38,36,37,35,33,34,33,35,37,40,38,37,34,32
3,萬里,38,相對濕度,RH,percent,2015-01-23,86,87,87,87,87,86,86,85,79,62,58,58,57,59,62,62,61,63,76,83,84,84,84,84
3,萬里,143,小時風速值,WS_HR,m/sec,2015-01-23,3.9,3.8,4,4.4,4.3,4.5,4.7,4.4,2.8,2,3.8,4.5,5,5.8,5.7,5.2,3.2,1.5,2.4,3.4,4.4,4.5,4.6,4.8
3,萬里,144,小時風向值,WD_HR,degrees,2015-01-23,211,214,213,212,212,212,212,211,197,102,73,72,73,71,62,63,84,120,198,201,210,210,209,209
4,新店,1,二氧化硫,SO2,ppb,2015-01-23,3.8,2.5,2,1.7,1.6,1.7,1.7,2.4,3,4.1,4.6,x,x,x,3.5,3.2,3.3,3.2,3.2,3.3,3.3,3.3,3.5,3.4
4,新店,2,一氧化碳,CO,ppm,2015-01-23,0.48,0.44,0.42,0.4,0.41,0.42,0.52,0.81,0.79,0.76,0.58,x,x,x,0.52,0.56,0.57,0.76,0.92,0.91,0.81,1.01,0.96,1.04
4,新店,3,臭氧,O3,ppb,2015-01-23,41,41,38,36,35,35,26,19,24,32,47,x,x,x,55,55,55,45,35,34,34,24,24,21
4,新店,4,懸浮微粒,PM10,μg/m3,2015-01-23,78,72,64,61,57,51,49,53,60,71,79,71,61,,59,61,65,64,62,64,66,70,67,64
4,新店,5,氮氧化物,NOx,ppb,2015-01-23,11,8.2,6.7,7.1,6.6,7.3,18,33,30,30,16,x,x,x,x,18,17,26,35,36,32,45,41,46
4,新店,6,一氧化氮,NO,ppb,2015-01-23,1,1.2,1.1,1,0.8,1.1,2.6,9.1,8.9,8.3,3.5,x,x,x,x,2.4,2.4,2.7,3.9,5,3.4,6.1,5.3,8.2
4,新店,7,二氧化氮,NO2,ppb,2015-01-23,9.9,7.1,5.7,6.1,5.8,6.3,15,24,21,22,13,x,x,x,x,15,15,23,31,31,29,39,36,38
4,新店,10,風速,WIND_SPEED,m/sec,2015-01-23,3,2.2,2.4,2.4,2.3,1.5,1.7,1.7,1.5,1.9,1.4,2.8,2.9,2.6,1.7,1.6,2,1.2,1.5,1.5,1.4,0.5,0.8,0.5
4,新店,11,風向,WIND_DIREC,degrees,2015-01-23,156,148,184,157,166,154,143,197,191,95,103,80,102,100,83,88,104,138,99,90,75,153,164,97
4,新店,14,溫度,AMB_TEMP,℃,2015-01-23,11.3,11,10.7,10.4,10.2,10.1,10.2,10.8,12.3,15.2,17.8,19.3,20.1,20.6,20.7,20.5,19.3,17.8,16.9,16.5,16.2,15.9,15.7,15.4
4,新店,33,細懸浮微粒,PM2.5,μg/m3,2015-01-23,52,46,44,42,40,38,39,44,48,50,50,47,42,,39,40,42,44,44,42,44,44,43,44
4,新店,38,相對濕度,RH,percent,2015-01-23,72,73,73,73,73,72,70,68,64,57,46,38,35,34,34,34,45,53,57,58,59,59,60,61
4,新店,143,小時風速值,WS_HR,m/sec,2015-01-23,2.6,2.2,2.2,2.2,1.9,1.5,1.7,1.6,1.6,1.4,1.6,1.8,2,1.8,1.4,1.1,1.9,1.3,1,1.4,1.3,0.7,0.8,0.4
4,新店,144,小時風向值,WD_HR,degrees,2015-01-23,152,166,178,163,155,157,143,169,192,134,84,94,103,98,99,83,114,100,101,107,83,131,161,141
5,土城,1,二氧化硫,SO2,ppb,2015-01-23,5.5,4.9,4.3,4.2,4.3,4.4,4.3,4.5,4.9,5.4,4.8,4.4,4.2,3.9,4,4.1,3.9,3.9,3.8,3.5,3.6,3.5,3.3,2.7
5,土城,2,一氧化碳,CO,ppm,2015-01-23,0.48,0.44,0.43,0.42,0.4,0.41,0.48,0.68,0.67,0.67,0.56,0.52,0.47,0.45,0.44,0.48,0.58,0.73,0.93,0.9,0.92,0.9,0.76,0.78
5,土城,3,臭氧,O3,ppb,2015-01-23,49,48,46,45,46,43,41,36,36,33,46,52,55,57,59,56,52,43,35,35,30,30,34,14
5,土城,4,懸浮微粒,PM10,μg/m3,2015-01-23,86,81,72,66,70,68,65,65,67,73,78,71,62,60,57,55,56,65,70,76,81,73,67,68
5,土城,5,氮氧化物,NOx,ppb,2015-01-23,15,14,13,12,9.7,11,12,16,18,25,16,12,11,10,11,13,19,25,32,31,34,32,25,42
5,土城,6,一氧化氮,NO,ppb,2015-01-23,1.3,1.5,1.3,1.1,1,1.1,1.1,1.6,2.8,5.5,3.6,2.3,2.1,1.9,1.8,1.9,1.8,1.4,1.5,1.5,1.6,1.5,1.5,9.3
5,土城,7,二氧化氮,NO2,ppb,2015-01-23,13,12,12,11,8.7,10,11,15,15,20,12,10,9.1,8.6,8.8,11,17,24,30,29,32,31,23,33
5,土城,8,總碳氫化合物,THC,ppm,2015-01-23,2,2,2,2,2,2,2,2.1,2.1,2.1,2.1,2.1,2,2,2,2,2.1,2.2,2.3,2.3,2.4,2.3,2.2,2.1
5,土城,9,非甲烷碳氫化合物,NMHC,ppm,2015-01-23,0.07,0.07,0.07,0.07,0.06,0.07,0.1,0.17,0.17,0.17,0.14,0.14,0.11,0.11,0.11,0.12,0.17,0.24,0.28,0.28,0.33,0.3,0.2,0.2
5,土城,10,風速,WIND_SPEED,m/sec,2015-01-23,0.9,0.9,1.1,1.1,0.8,1.1,1.1,1.6,2,2,2.4,2,2.1,2.4,2.1,0.9,1.2,1.1,1.5,1.9,1.4,1.2,1.1,1.4
5,土城,11,風向,WIND_DIREC,degrees,2015-01-23,188,125,131,138,217,139,258,114,203,218,204,225,243,152,133,151,161,317,304,280,265,251,239,170
5,土城,14,溫度,AMB_TEMP,℃,2015-01-23,13,12.8,12.7,12.5,12.3,12.3,12.3,12.5,13.6,15.4,17.6,18.9,20.1,20.5,20.6,20.6,19.9,18.4,17.3,16.7,16.4,16.1,15.9,13.6
5,土城,31,甲烷,CH4,ppm,2015-01-23,1.9,1.9,1.9,1.9,1.9,1.9,1.9,1.9,1.9,2,1.9,1.9,1.9,1.9,1.9,1.9,1.9,1.9,2,2,2,2,2,1.9
5,土城,33,細懸浮微粒,PM2.5,μg/m3,2015-01-23,46,41,39,41,42,39,37,37,40,43,45,43,37,33,33,32,32,38,42,48,49,49,49,41
5,土城,38,相對濕度,RH,percent,2015-01-23,62,61,60,59,59,57,56,55,55,53,48,43,35,34,33,33,40,51,56,59,59,59,59,67
5,土城,143,小時風速值,WS_HR,m/sec,2015-01-23,0.6,0.2,0.3,0.2,0.5,0.4,0.3,0.2,0.1,0.2,0.4,0.3,0.4,0.3,0.1,0.6,0.4,0.4,0.3,0.5,0.1,0.3,0.3,0.8
5,土城,144,小時風向值,WD_HR,degrees,2015-01-23,155,157,133,132,152,151,132,242,6.5,189,226,230,216,220,208,152,167,157,288,297,172,275,288,172
6,板橋,1,二氧化硫,SO2,ppb,2015-01-23,4.1,4.4,3.5,3.5,3.6,3.3,3.6,4.5,5.1,5.4,4.6,4.8,4.6,4.3,4.4,5.1,5.9,4.7,4.3,4.1,4.1,4,4.1,3.8
6,板橋,2,一氧化碳,CO,ppm,2015-01-23,0.62,0.51,0.43,0.42,0.43,0.45,0.54,0.94,1.12,0.9,0.64,0.65,0.56,0.51,0.54,0.6,0.7,0.94,1.11,0.97,1.14,1.18,1.49,1.37
6,板橋,3,臭氧,O3,ppb,2015-01-23,37,39,40,35,35,32,17,11,12,26,39,42,49,50,49,46,40,30,25,29,15,14,4.6,5.9
6,板橋,4,懸浮微粒,PM10,μg/m3,2015-01-23,89,82,73,65,62,61,60,64,72,83,86,79,67,56,60,66,71,75,77,78,78,76,77,82
6,板橋,5,氮氧化物,NOx,ppb,2015-01-23,20,15,11,9.4,10,13,30,47,58,45,x,x,20,19,23,26,33,43,44,37,53,57,74,68
6,板橋,6,一氧化氮,NO,ppb,2015-01-23,1.8,1.7,1.7,0.5,0.5,0.5,4.2,13,22,14,x,x,4,3.9,4.2,3.9,3.9,4.4,4.2,2.2,3.9,5.9,13,11
6,板橋,7,二氧化氮,NO2,ppb,2015-01-23,18,13,9.5,8.9,9.6,13,26,34,36,31,x,x,16,15,19,23,29,39,40,35,49,51,60,57
6,板橋,8,總碳氫化合物,THC,ppm,2015-01-23,2.2,2.2,2.1,2.1,2.1,2.1,2.2,2.4,2.4,2.4,2.2,2.2,2.1,2.1,2.1,2.2,2.2,2.3,2.4,2.3,2.5,2.5,2.7,2.7
6,板橋,9,非甲烷碳氫化合物,NMHC,ppm,2015-01-23,0.19,0.15,0.13,0.15,0.14,0.12,0.17,0.34,0.42,0.36,0.17,0.19,0.15,0.14,0.15,0.18,0.22,0.31,0.34,0.28,0.38,0.39,0.49,0.46
6,板橋,10,風速,WIND_SPEED,m/sec,2015-01-23,1.1,1.2,1.1,0.8,1.3,1.3,1.3,1.6,1.4,3,3.8,2.8,2.3,2.9,2.3,2.7,2.9,2,2,1.8,2.1,2,2.2,1.4
6,板橋,11,風向,WIND_DIREC,degrees,2015-01-23,100,106,111,73,111,118,66,71,84,75,63,67,71,78,100,63,71,68,71,56,51,53,33,53
6,板橋,14,溫度,AMB_TEMP,℃,2015-01-23,12.4,12,11.8,11.3,11.2,11.2,11.1,11.3,12.7,15.3,17,18.4,19.4,20.1,20.2,19.8,19,18.2,17.1,16.5,16.2,16,15.7,15.6
6,板橋,21,酸雨,PH_RAIN,pH,2015-01-23,0,0,0,0,0,0,0,0,0,0,0,0,0,0,0,0,0,0,0,0,0,0,0,0
6,板橋,22,導電度,RAIN_COND,μmho/cm,2015-01-23,0,0,0,0,0,0,0,0,0,0,0,0,0,0,0,0,0,0,0,0,0,0,0,0
6,板橋,31,甲烷,CH4,ppm,2015-01-23,2,2,2,2,2,2,2,2,2,2,2,2,2,2,2,2,2,2,2,2,2.1,2.1,2.2,2.2
6,板橋,32,降雨強度,RAIN_INT,㎜,2015-01-23,0,0,0,0,0,0,0,0,0,0,0,0,0,0,0,0,0,0,0,0,0,0,0,0
6,板橋,33,細懸浮微粒,PM2.5,μg/m3,2015-01-23,45,43,37,36,38,36,36,38,40,41,43,41,37,35,34,33,36,41,44,47,47,43,45,48
6,板橋,38,相對濕度,RH,percent,2015-01-23,63,63,62,62,62,59,59,60,57,52,48,44,38,33,32,37,43,47,54,57,58,58,59,60
6,板橋,143,小時風速值,WS_HR,m/sec,2015-01-23,1.1,1,1.5,0.9,0.9,1.1,0.8,1.1,1.1,2.2,2.8,2.4,2.3,2.2,1.8,2.5,2.4,1.7,1.9,2.1,1.9,2,1.9,1.9
6,板橋,144,小時風向值,WD_HR,degrees,2015-01-23,109,110,120,82,105,111,89,69,86,80,72,72,71,74,85,60,67,72,64,58,55,53,43,40
7,新莊,1,二氧化硫,SO2,ppb,2015-01-23,3.8,3.3,3.2,2.6,2.6,2.7,2.7,3.6,4.3,5.1,4.8,4.3,3.9,3.5,3.4,4.7,5.6,4.3,3.1,3,2.8,2.7,3,3
7,新莊,2,一氧化碳,CO,ppm,2015-01-23,0.66,0.49,0.49,0.97,0.43,0.61,0.64,1.08,1.41,0.86,0.58,0.54,0.53,0.49,0.47,0.49,0.62,0.78,0.97,1.08,0.93,0.99,1.56,1.25
7,新莊,3,臭氧,O3,ppb,2015-01-23,34,36,35,28,32,25,17,13,16,31,41,46,50,51,51,50,44,40,28,22,28,24,6.4,1.9
7,新莊,4,懸浮微粒,PM10,μg/m3,2015-01-23,92,79,67,65,64,62,59,65,76,83,81,72,66,62,62,70,75,76,76,77,77,76,82,89
7,新莊,5,氮氧化物,NOx,ppb,2015-01-23,23,16,16,24,11,27,36,47,57,37,22,19,18,19,21,23,31,30,39,44,38,40,72,71
7,新莊,6,一氧化氮,NO,ppb,2015-01-23,1.4,1.1,2.2,6,1.2,7.7,9.8,12,17,9.7,4.9,4.4,3.2,3.7,4.7,4.2,5.9,2.3,2.5,2.8,2.4,2,15,14
7,新莊,7,二氧化氮,NO2,ppb,2015-01-23,22,15,14,18,10,20,27,34,40,27,18,15,14,15,16,19,26,28,37,41,36,38,57,57
7,新莊,10,風速,WIND_SPEED,m/sec,2015-01-23,1,1,1.2,1.1,1,1.2,1.6,1.5,2.1,5.2,5.6,5.1,4.3,4.6,4.2,4.2,3.8,3.6,2.7,3.2,2,2.4,1.5,1.6
7,新莊,11,風向,WIND_DIREC,degrees,2015-01-23,99,118,87,91,49,51,77,79,71,80,62,69,77,60,59,49,62,75,67,44,39,33,358,15
7,新莊,14,溫度,AMB_TEMP,℃,2015-01-23,12,11.7,11.4,10.8,10.5,10.4,10.2,11.1,12.9,15.8,17.4,18.7,19.5,20.2,20.4,20,18.9,17.7,16.9,16.1,15.8,15.4,14.8,14.1
7,新莊,33,細懸浮微粒,PM2.5,μg/m3,2015-01-23,54,47,42,43,42,37,38,42,48,52,51,45,42,41,39,37,37,40,46,50,48,48,48,49
7,新莊,38,相對濕度,RH,percent,2015-01-23,68,68,67,70,71,70,70,67,62,54,49,46,44,40,38,41,48,53,57,60,61,62,64,67
7,新莊,143,小時風速值,WS_HR,m/sec,2015-01-23,0.5,0.6,1.1,0.7,0.6,1,0.9,0.9,1.8,4,5,5,4.4,4.8,4.3,4.2,3.9,3.8,3.1,2.7,2.4,2.1,1.6,1
7,新莊,144,小時風向值,WD_HR,degrees,2015-01-23,123,111,98,77,67,70,36,88,75,79,70,69,74,61,59,48,55,66,73,50,43,36,23,24
8,菜寮,1,二氧化硫,SO2,ppb,2015-01-23,4.6,4.2,3.2,3,2.7,2.8,3.6,5.1,5.7,5.2,4.8,4.3,4,3.9,4,6.2,6.8,5.5,3.8,3.4,3.4,3.4,3.4,3.1
8,菜寮,2,一氧化碳,CO,ppm,2015-01-23,0.68,0.65,0.52,0.52,0.49,0.54,0.8,0.99,1.19,0.71,0.58,0.55,0.52,0.51,0.49,0.54,0.6,0.79,0.97,0.99,0.98,1.04,1.04,1
8,菜寮,3,臭氧,O3,ppb,2015-01-23,24,21,28,28,27,23,12,13,15,32,39,41,44,44,45,41,38,32,23,18,17,15,12,11
8,菜寮,4,懸浮微粒,PM10,μg/m3,2015-01-23,84,78,71,66,64,60,62,75,82,88,82,68,62,57,55,59,66,70,70,71,71,70,70,72
8,菜寮,5,氮氧化物,NOx,ppb,2015-01-23,34,29,18,16,13,17,37,43,54,27,18,17,16,18,17,24,26,31,40,45,46,48,51,51
8,菜寮,6,一氧化氮,NO,ppb,2015-01-23,3.4,2.9,2.8,1.3,0.8,1.9,5.3,7.7,14,6.2,3.7,3.4,3.2,3.4,2.8,3.7,2.8,1.8,2.4,2.3,2.2,2.5,2.8,3.3
8,菜寮,7,二氧化氮,NO2,ppb,2015-01-23,31,26,15,15,12,15,32,36,40,21,14,14,13,14,14,20,23,29,37,43,44,46,48,48
8,菜寮,10,風速,WIND_SPEED,m/sec,2015-01-23,1.5,1.7,1.5,1.9,1.7,1.5,1.7,2.6,2.8,3.6,3.9,4,3,3.4,3.1,3.4,3,2.6,3.3,2.1,1.8,1.7,1.1,1.1
8,菜寮,11,風向,WIND_DIREC,degrees,2015-01-23,129,144,137,147,157,155,94,86,91,85,82,82,76,83,59,69,69,71,88,66,83,76,63,78
8,菜寮,14,溫度,AMB_TEMP,℃,2015-01-23,12.9,12.3,11.9,11.7,11.4,11.1,11.4,12.1,13.8,15.9,17.1,18.1,19,19.8,20,19.4,18.4,17.4,16.8,16.4,16.2,16,15.8,15.7
8,菜寮,33,細懸浮微粒,PM2.5,μg/m3,2015-01-23,44,43,40,38,36,38,45,46,48,47,39,37,32,29,31,34,38,43,48,47,43,44,44,45
8,菜寮,38,相對濕度,RH,percent,2015-01-23,61,65,67,67,68,68,65,62,57,50,46,43,41,39,37,43,48,53,56,57,58,59,59,59
8,菜寮,143,小時風速值,WS_HR,m/sec,2015-01-23,2.1,1.6,1.7,1.8,1.6,1.7,1.3,2,2.3,3.6,3.6,3.4,3.2,3.1,2.9,3,3,2.6,2.6,2,1.6,1.5,1.3,1
8,菜寮,144,小時風向值,WD_HR,degrees,2015-01-23,121,137,146,136,151,151,115,89,85,87,85,76,73,75,63,66,72,75,84,73,80,73,68,68
9,林口,1,二氧化硫,SO2,ppb,2015-01-23,3.7,3.6,3,2.7,2.3,2.4,2.5,3,4.6,5.1,4.4,4,3.6,3.5,4.1,7.1,9.5,9.8,8.3,7.6,7.4,7.4,7.1,6.5
9,林口,2,一氧化碳,CO,ppm,2015-01-23,0.67,0.49,0.42,0.41,0.42,0.41,0.45,0.68,1.01,0.68,0.5,0.47,0.46,0.43,0.41,0.41,0.5,0.62,0.69,0.66,0.59,0.62,0.63,0.61
9,林口,3,臭氧,O3,ppb,2015-01-23,35,44,46,44,42,40,36,24,19,37,47,50,55,58,59,57,53,44,39,39,44,38,40,40
9,林口,4,懸浮微粒,PM10,μg/m3,2015-01-23,94,76,70,66,64,62,62,68,81,89,82,78,72,62,65,71,72,75,78,76,72,71,66,62
9,林口,5,氮氧化物,NOx,ppb,2015-01-23,25,13,9.2,6.7,6.5,6.2,9.6,28,53,32,17,16,14,12,13,14,17,26,28,25,20,23,23,21
9,林口,6,一氧化氮,NO,ppb,2015-01-23,0.9,0.8,0.8,0.7,0.8,0.8,0.9,3.7,15,8.3,3.6,3.1,2.8,2.2,2.1,1.9,1.7,1.5,1.5,1.2,1.2,1,1,0.9
9,林口,7,二氧化氮,NO2,ppb,2015-01-23,24,13,8.5,6,5.7,5.4,8.8,24,38,23,13,13,11,9.7,11,12,16,25,27,24,19,23,22,20
9,林口,10,風速,WIND_SPEED,m/sec,2015-01-23,1.6,1.4,1.4,1.3,1.7,1.5,1.8,1.7,3.1,4,3.7,3.6,3.9,3.2,3.4,3.4,3,2.6,2.8,2.5,2.3,1.9,1.6,1.7
9,林口,11,風向,WIND_DIREC,degrees,2015-01-23,112,114,103,116,105,100,109,114,95,96,99,88,74,74,58,66,65,81,90,97,95,92,106,96
9,林口,14,溫度,AMB_TEMP,℃,2015-01-23,10.1,9.8,9.6,9.3,8.9,8.8,8.8,9.7,11.6,13.9,15.3,16.6,17.4,18.4,18.3,18.3,17.3,15.8,14.7,14.1,13.8,13.5,13.4,13.3
9,林口,33,細懸浮微粒,PM2.5,μg/m3,2015-01-23,62,53,47,45,43,44,43,42,53,65,57,45,42,,39,40,39,43,48,48,49,50,47,47
9,林口,38,相對濕度,RH,percent,2015-01-23,78,78,77,78,80,78,77,75,70,61,56,52,51,47,47,48,54,62,66,69,70,71,71,71
9,林口,143,小時風速值,WS_HR,m/sec,2015-01-23,1.1,1.3,1.2,1.5,1.3,1.7,1.4,1.5,2.4,3.8,3.8,3.7,3.4,3.1,3.2,2.9,2.7,2.1,2.4,2.4,1.9,1.8,1.6,1.4
9,林口,144,小時風向值,WD_HR,degrees,2015-01-23,109,109,111,108,109,100,94,110,98,92,93,83,88,72,60,68,72,72,85,92,96,92,96,92
10,淡水,1,二氧化硫,SO2,ppb,2015-01-23,2.7,2.8,2.5,2.5,2.5,2.8,3.3,4,5.1,6.1,7.2,,,2.3,7.2,6.4,5.7,5.3,5.2,4.3,4.2,4.1,3.8,3.5
10,淡水,2,一氧化碳,CO,ppm,2015-01-23,0.73,0.65,0.58,0.54,0.51,0.52,0.7,0.99,1.06,0.77,0.54,,,0.39,0.37,0.36,0.35,0.44,0.55,0.39,0.41,0.4,0.41,0.46
10,淡水,3,臭氧,O3,ppb,2015-01-23,25,26,27,25,26,21,11,7.8,13,32,42,,,37,52,53,54,47,42,53,51,50,49,44
10,淡水,4,懸浮微粒,PM10,μg/m3,2015-01-23,86,83,79,73,68,65,64,65,78,88,x,,,,48,54,55,54,62,65,61,60,59,56
10,淡水,5,氮氧化物,NOx,ppb,2015-01-23,21,19,21,16,14,18,32,50,54,31,17,,,3.9,7.4,13,7.7,11,17,7,7,8.3,7.9,11
10,淡水,6,一氧化氮,NO,ppb,2015-01-23,2.1,1.8,2.8,0.8,1.1,1.2,5.5,15,16,6.8,2.8,,,0.4,0.9,2.9,0.9,0.9,1.1,1,0.9,1,0.9,0.8
10,淡水,7,二氧化氮,NO2,ppb,2015-01-23,19,18,18,15,13,16,27,36,38,24,14,,,3.5,6.6,10,6.8,9.7,16,6,6.1,7.3,7.1,9.9
10,淡水,33,細懸浮微粒,PM2.5,μg/m3,2015-01-23,44,41,39,36,33,34,33,35,41,40,x,,,,26,29,29,26,27,29,31,30,31,33
11,士林,1,二氧化硫,SO2,ppb,2015-01-23,3.3,3.5,3.4,3.5,3.5,4,4,4.5,5,4.5,4.6,4.1,4.2,4.8,5.6,5.6,6.1,4.9,3.2,2.8,2.6,2.7,2.4,2.2
11,士林,2,一氧化碳,CO,ppm,2015-01-23,0.49,0.45,0.48,0.45,0.44,0.46,0.52,0.78,0.76,0.53,0.51,0.48,0.47,0.45,0.45,0.45,0.5,0.55,0.59,0.58,0.59,0.6,0.64,0.55
11,士林,3,臭氧,O3,ppb,2015-01-23,46,49,44,47,47,42,34,25,35,47,48,52,53,54,54,55,52,48,45,45,44,41,37,40
11,士林,4,懸浮微粒,PM10,μg/m3,2015-01-23,77,75,77,86,75,61,58,71,83,73,62,46,44,47,56,60,56,59,64,63,60,62,61,58
11,士林,5,氮氧化物,NOx,ppb,2015-01-23,13,9,11,7.2,7.4,11,18,36,29,16,17,16,16,16,17,17,22,25,24,23,23,25,29,22
11,士林,6,一氧化氮,NO,ppb,2015-01-23,2.5,2.5,2,1.4,1.3,1.9,2.4,5.6,5.5,3.3,4,3.3,3.7,3.6,3.3,2.6,2.8,2.4,2.2,1.9,1.6,2.2,2.8,2.1
11,士林,7,二氧化氮,NO2,ppb,2015-01-23,11,6.5,8.9,5.8,6.1,8.7,16,30,24,13,13,13,13,13,14,15,19,22,22,21,22,23,26,20
11,士林,10,風速,WIND_SPEED,m/sec,2015-01-23,1.5,1.6,1.2,2.6,1.4,1.7,1.6,1.7,3.6,3.9,2.5,3.5,2.9,2.2,2.9,2.3,2.7,2.4,2,1.2,1.2,0.9,0.9,1
11,士林,11,風向,WIND_DIREC,degrees,2015-01-23,127,141,125,122,124,137,142,130,112,99,103,111,85,65,71,77,74,91,97,104,83,66,96,63
11,士林,14,溫度,AMB_TEMP,℃,2015-01-23,11.9,11.7,11.6,11.3,11.6,11.5,11.2,12.3,14.3,16.1,17.3,18.2,18.9,19.3,19.6,19,18.3,17.2,16.5,16.2,16,15.8,15.7,15.5
11,士林,33,細懸浮微粒,PM2.5,μg/m3,2015-01-23,44,38,40,48,45,39,39,41,47,44,46,38,38,35,36,34,38,38,40,41,42,40,38,37
11,士林,38,相對濕度,RH,percent,2015-01-23,65,65,67,66,63,64,66,62,57,52,48,46,46,45,46,48,52,57,58,59,60,59,59,59
11,士林,143,小時風速值,WS_HR,m/sec,2015-01-23,1.2,1.8,1.5,1.9,1.8,1.3,1.8,1.7,2.3,3,2.7,3.1,2.3,2,1.9,2,2.1,2.1,1.8,1.2,1.1,0.9,0.9,1.1
11,士林,144,小時風向值,WD_HR,degrees,2015-01-23,128,132,133,125,119,127,135,132,122,97,102,105,91,72,65,81,75,90,93,91,98,73,71,78
12,中山,1,二氧化硫,SO2,ppb,2015-01-23,3.6,4.2,3.8,3.7,4.1,4.2,4.8,5.3,5.7,5.2,4.8,4.2,3.9,3.8,3.8,5.6,5.7,4.8,3.9,3.8,3.4,3.4,3.3,2.8
12,中山,2,一氧化碳,CO,ppm,2015-01-23,0.86,0.84,0.62,0.54,0.52,0.58,1.01,1.2,1.25,1.07,0.78,0.71,0.67,0.66,0.68,0.76,0.79,1.22,1.35,1.25,1.06,1.11,1.28,1.19
12,中山,3,臭氧,O3,ppb,2015-01-23,23,21,36,40,36,31,8.3,7.1,12,24,34,39,42,43,42,37,37,20,14,11,14,13,8.6,10
12,中山,4,懸浮微粒,PM10,μg/m3,2015-01-23,103,105,101,101,100,87,82,83,84,96,97,99,99,90,88,84,84,84,85,87,93,96,95,95
12,中山,5,氮氧化物,NOx,ppb,2015-01-23,42,40,22,13,14,18,67,77,70,58,38,31,30,31,32,43,42,68,74,75,64,63,72,64
12,中山,6,一氧化氮,NO,ppb,2015-01-23,4.8,5.2,2,1.1,1,1.6,27,33,26,23,11,8.3,8,7.2,7.2,9.6,7.7,18,20,20,12,11,16,12
12,中山,7,二氧化氮,NO2,ppb,2015-01-23,37,35,20,12,13,16,40,44,44,36,27,23,22,24,25,33,34,50,54,55,52,51,55,52
12,中山,8,總碳氫化合物,THC,ppm,2015-01-23,2.4,2.5,2.3,2.2,2.2,2.3,2.5,2.4,2.4,2.2,2.1,2.1,2.1,2.1,2.1,2.1,2.1,2.3,2.4,2.3,2.3,2.3,2.4,2.4
12,中山,9,非甲烷碳氫化合物,NMHC,ppm,2015-01-23,0.24,0.29,0.15,0.13,0.15,0.16,0.28,0.32,0.33,0.26,0.18,0.17,0.16,0.16,0.17,0.2,0.21,0.34,0.39,0.34,0.27,0.28,0.32,0.28
12,中山,10,風速,WIND_SPEED,m/sec,2015-01-23,1.2,1.6,1.7,1.8,1.6,1.5,1.3,2.3,3.3,3.6,2.6,2.7,3.1,2.1,2.7,2,2.1,2.3,2.4,1.5,1.8,1.6,1.8,1.3
12,中山,11,風向,WIND_DIREC,degrees,2015-01-23,82,93,136,115,150,103,97,127,126,101,92,104,74,98,82,85,84,97,123,116,129,114,125,115
12,中山,14,溫度,AMB_TEMP,℃,2015-01-23,13.2,12.9,13,12.5,12.3,12.2,12,12.5,14,16.3,17.5,18.5,19.3,20,20.2,19.9,19.1,18.2,17.3,16.9,16.7,16.5,16.4,16.2
12,中山,31,甲烷,CH4,ppm,2015-01-23,2.1,2.3,2.2,2.1,2.1,2.1,2.2,2.1,2.1,2,1.9,1.9,1.9,1.9,1.9,1.9,1.9,2,2,2,2,2,2,2.1
12,中山,33,細懸浮微粒,PM2.5,μg/m3,2015-01-23,44,52,45,46,39,43,46,48,55,44,38,35,39,37,33,32,35,37,42,47,47,45,48,46
12,中山,38,相對濕度,RH,percent,2015-01-23,68,69,66,68,68,68,69,68,62,55,51,48,46,43,40,45,50,56,60,61,62,63,63,63
12,中山,143,小時風速值,WS_HR,m/sec,2015-01-23,1.3,1.1,1.5,1.6,1.8,1.7,1.1,1.9,2.5,2.5,2.4,2.2,2.1,1.9,1.5,1.2,1.8,1.7,1.5,1.6,1.6,1.5,1.2,1.1
12,中山,144,小時風向值,WD_HR,degrees,2015-01-23,102,82,112,117,136,120,92,121,124,111,106,93,87,83,85,84,78,90,104,112,123,116,118,117
13,萬華,1,二氧化硫,SO2,ppb,2015-01-23,4.2,3.2,2.6,2.6,2.4,2.7,3.1,4.2,6.2,5.5,x,3.6,4.1,3.6,3.8,4.7,6,4.5,3.8,3.8,3.8,3.8,3.5,3.2
13,萬華,2,一氧化碳,CO,ppm,2015-01-23,0.72,0.54,0.5,0.47,0.48,0.49,0.64,1.21,1.4,0.83,x,0.63,0.61,0.54,0.6,0.62,0.72,0.82,0.92,0.92,0.85,0.97,1.04,0.9
13,萬華,3,臭氧,O3,ppb,2015-01-23,29,38,35,38,34,34,19,3.9,8.6,x,x,36,40,44,40,39,32,23,19,17,18,12,10,15
13,萬華,4,懸浮微粒,PM10,μg/m3,2015-01-23,79,69,65,66,56,57,50,60,69,80,,87,72,65,58,58,56,59,71,75,70,62,62,68
13,萬華,5,氮氧化物,NOx,ppb,2015-01-23,27,16,14,9.3,10,11,32,85,97,48,x,x,32,26,34,35,46,55,54,56,53,63,64,51
13,萬華,6,一氧化氮,NO,ppb,2015-01-23,2,1.1,0.8,0.8,0.9,0.9,4.7,40,48,14,x,x,7.3,5.1,6.8,6,7.3,9.4,8.3,8.3,6.9,11,12,6
13,萬華,7,二氧化氮,NO2,ppb,2015-01-23,25,14,13,8.5,9.1,9.8,27,45,49,34,x,x,25,21,27,29,39,46,46,47,46,51,52,45
13,萬華,10,風速,WIND_SPEED,m/sec,2015-01-23,1.3,1.2,1.6,1.2,1.1,1.4,0.8,0.9,3.5,3.8,3.9,3,2.6,3.1,2.4,2.7,2.6,2.6,3,2.8,2.9,2,1.9,1.6
13,萬華,11,風向,WIND_DIREC,degrees,2015-01-23,166,174,164,172,169,169,163,101,102,92,79,96,93,95,86,92,99,92,100,107,106,102,104,98
13,萬華,14,溫度,AMB_TEMP,℃,2015-01-23,12.6,12.3,11.7,11.6,11.2,11.2,11.7,12.4,14.2,15.9,17.2,18.4,19.4,20,20.2,19.7,18.8,17.9,17.1,16.5,16.3,16.1,16.1,16
13,萬華,33,細懸浮微粒,PM2.5,μg/m3,2015-01-23,48,37,33,35,38,39,39,44,46,50,,43,49,39,44,36,43,40,40,45,49,53,48,50
13,萬華,38,相對濕度,RH,percent,2015-01-23,66,65,68,68,69,68,65,63,57,52,48,45,42,37,36,39,47,52,56,59,59,60,60,59
13,萬華,143,小時風速值,WS_HR,m/sec,2015-01-23,1,1.3,1.3,0.9,1.1,0.8,0.8,0.7,1.7,3.5,3.1,2.9,2.6,2.7,2,1.9,2.1,2.5,3,2.6,2.3,2,1.9,1.6
13,萬華,144,小時風向值,WD_HR,degrees,2015-01-23,170,169,170,156,170,162,164,149,99,103,90,97,91,94,89,83,88,96,101,102,105,100,101,101
14,古亭,1,二氧化硫,SO2,ppb,2015-01-23,3.8,2.9,2.8,2.5,2.7,2.8,3.4,4.4,5.3,5.3,4.6,4.3,3.9,x,3.9,4.2,4.1,3.7,3.5,3.2,3.3,3.3,3.3,3.1
14,古亭,2,一氧化碳,CO,ppm,2015-01-23,0.61,0.52,0.48,0.47,0.47,0.52,0.71,0.95,1.12,0.76,0.63,0.59,0.51,x,0.51,0.55,0.62,0.68,0.78,0.72,0.82,1.07,1.33,1.32
14,古亭,3,臭氧,O3,ppb,2015-01-23,32,35,36,33,34,30,16,16,21,30,37,42,47,50,49,44,43,40,35,34,25,17,7.2,4.3
14,古亭,4,懸浮微粒,PM10,μg/m3,2015-01-23,70,64,62,56,59,56,68,65,73,81,80,75,59,,64,63,70,68,79,83,84,74,73,72
14,古亭,5,氮氧化物,NOx,ppb,2015-01-23,22,14,12,12,11,15,44,57,58,35,26,23,18,x,18,26,28,27,31,30,40,53,74,70
14,古亭,6,一氧化氮,NO,ppb,2015-01-23,1.9,1.4,1.5,2.1,2.2,2.2,15,22,24,9.5,6.8,5.8,4.1,x,3.5,3.5,3.4,3,2.6,2.2,3.4,8.2,19,16
14,古亭,7,二氧化氮,NO2,ppb,2015-01-23,20,13,11,10,8.4,12,29,35,33,26,19,17,14,x,14,22,25,24,29,28,36,45,54,55
14,古亭,8,總碳氫化合物,THC,ppm,2015-01-23,2.2,2.2,2.1,2.2,2.1,2.1,2.2,2.3,2.3,2.1,2.1,2.1,2.1,x,2.1,2.1,2.1,2.1,2.1,2.1,2.2,2.4,2.5,2.6
14,古亭,9,非甲烷碳氫化合物,NMHC,ppm,2015-01-23,0.12,0.09,0.09,0.09,0.09,0.1,0.15,0.2,0.26,0.16,0.12,0.13,0.12,x,0.13,0.13,0.14,0.15,0.17,0.15,0.21,0.28,0.38,0.43
14,古亭,10,風速,WIND_SPEED,m/sec,2015-01-23,1.6,2,1.5,1.4,2,1.3,1.8,2.4,2.6,3.8,3.1,3.3,3.4,3.7,2.3,2.3,3.1,2.5,2.4,1.9,1.7,1.3,1.6,1.5
14,古亭,11,風向,WIND_DIREC,degrees,2015-01-23,53,74,49,53,57,42,40,123,48,87,87,82,88,109,73,63,108,96,88,89,90,97,115,111
14,古亭,14,溫度,AMB_TEMP,℃,2015-01-23,12,11.5,11.2,10.9,10.6,10.7,11,12.2,14.4,16.3,17.7,18.9,19.9,20.4,20.7,20,19.3,18,17,16.5,16.3,16,15.8,15.3
14,古亭,31,甲烷,CH4,ppm,2015-01-23,2.1,2.1,2,2.1,2,2,2,2.1,2,2,2,2,1.9,x,1.9,1.9,2,2,2,2,2,2.1,2.1,2.2
14,古亭,33,細懸浮微粒,PM2.5,μg/m3,2015-01-23,56,47,46,46,40,46,41,52,46,53,43,45,37,,42,33,45,42,49,48,56,58,49,45
14,古亭,38,相對濕度,RH,percent,2015-01-23,72,73,74,75,75,74,71,67,59,54,51,48,41,38,37,40,46,54,60,62,63,64,65,67
14,古亭,143,小時風速值,WS_HR,m/sec,2015-01-23,1.4,1.6,1.7,1.4,1.8,1.2,1.3,1.6,1.9,3,2.8,2.7,3.2,3.1,2.7,1.9,2.6,2.5,2.1,2,1.8,1.6,1.3,1.2
14,古亭,144,小時風向值,WD_HR,degrees,2015-01-23,55,65,63,55,65,64,53,81,104,85,81,86,99,101,99,67,88,93,86,78,87,92,109,117
15,松山,1,二氧化硫,SO2,ppb,2015-01-23,2.7,5.6,5.3,5.4,6.5,6.7,6,7.8,8.5,7.1,6.2,5.3,5,x,4.7,5.2,4,3.2,3.4,3.8,3.6,3.7,3.6,3.7
15,松山,2,一氧化碳,CO,ppm,2015-01-23,0.59,0.6,0.59,0.53,0.57,0.56,0.69,1.21,1.45,0.87,0.61,0.57,0.54,0.5,0.5,0.51,0.58,0.86,1.11,1.25,1.16,1.35,1.5,1.49
15,松山,3,臭氧,O3,ppb,2015-01-23,32,23,22,24,19,22,11,3.6,6.6,21,40,44,49,50,50,51,47,30,15,5.8,5,2.5,3.2,3.1
15,松山,4,懸浮微粒,PM10,μg/m3,2015-01-23,80,70,67,65,62,57,56,66,78,85,85,75,68,62,,66,70,71,79,83,88,81,64,57
15,松山,5,氮氧化物,NOx,ppb,2015-01-23,24,26,27,20,22,20,45,97,107,59,27,25,21,17,18,20,26,44,62,81,80,97,102,97
15,松山,6,一氧化氮,NO,ppb,2015-01-23,1.4,1.2,1.3,1.2,1.1,1.2,12,57,61,21,6.1,5.4,3.8,3.1,2.9,2.8,2.4,4.8,9.1,22,24,40,47,45
15,松山,7,二氧化氮,NO2,ppb,2015-01-23,23,25,26,19,20,19,33,40,47,38,21,19,17,14,15,17,24,39,53,59,56,56,56,52
15,松山,8,總碳氫化合物,THC,ppm,2015-01-23,2.2,2.1,2.2,2.2,2.2,2.1,2.2,2.5,2.4,2.2,2,2,2,2,2,2,2,2.1,2.3,2.4,2.4,2.5,2.6,2.6
15,松山,9,非甲烷碳氫化合物,NMHC,ppm,2015-01-23,0.12,0.14,0.18,0.18,0.18,0.15,0.2,0.37,0.42,0.25,0.15,0.13,0.11,0.12,0.11,0.1,0.14,0.24,0.32,0.38,0.36,0.43,0.46,0.45
15,松山,10,風速,WIND_SPEED,m/sec,2015-01-23,1.5,1,1.3,1.7,0.9,1.8,1.2,1.5,1.7,2.4,2.9,3.5,2.6,2.4,2.7,2.5,2,1.6,1.6,1.5,1.5,1.3,1.4,1.1
15,松山,11,風向,WIND_DIREC,degrees,2015-01-23,65,67,73,77,53,72,70,66,77,69,57,59,71,52,55,47,53,65,56,60,61,64,75,73
15,松山,14,溫度,AMB_TEMP,℃,2015-01-23,11.1,10.8,10.6,10.2,10,9.9,10.2,10.4,12.2,15,16.6,17.9,18.9,19.6,19.6,19.1,18.4,17.4,16.4,15.6,14.9,14.3,14.2,13.8
15,松山,31,甲烷,CH4,ppm,2015-01-23,2,2,2,2,2,2,2,2.1,2,2,1.9,1.9,1.9,1.9,1.9,1.9,1.9,1.9,2,2,2,2.1,2.1,2.1
15,松山,33,細懸浮微粒,PM2.5,μg/m3,2015-01-23,46,46,39,42,33,35,36,42,42,48,47,43,39,39,,41,38,38,44,41,46,45,53,45
15,松山,36,二氧化碳,CO2,ppm,2015-01-23,432,436,437,434,436,434,437,453,453,434,423,421,419,x,419,419,420,426,435,444,447,456,460,465
15,松山,38,相對濕度,RH,percent,2015-01-23,70,72,72,73,74,73,70,71,65,55,48,45,41,36,35,38,45,51,56,61,63,67,68,69
15,松山,143,小時風速值,WS_HR,m/sec,2015-01-23,1.4,1.3,1.1,1.6,1.1,1.6,1.4,1.5,1.6,1.9,2.2,2.5,2.1,1.7,2,2.2,2,1.2,1.3,1.4,1.3,1.2,1.2,1
15,松山,144,小時風向值,WD_HR,degrees,2015-01-23,69,67,67,76,67,72,72,70,73,67,58,57,58,61,59,55,53,73,59,60,63,65,69,75
16,大同,1,二氧化硫,SO2,ppb,2015-01-23,4.3,4.4,3.8,4,3.9,4.2,4.6,7.1,8.6,6.5,5.9,5.1,4.5,4,4.1,6.4,6.9,5.9,5.9,5.2,5.3,4.8,4.5,3.7
16,大同,2,一氧化碳,CO,ppm,2015-01-23,1.15,0.85,0.78,0.66,0.74,0.83,0.83,2.12,3.78,1.69,1.15,1.04,0.87,0.73,0.94,1.1,1.28,1.68,2.27,1.7,1.87,1.77,1.75,1.41
16,大同,4,懸浮微粒,PM10,μg/m3,2015-01-23,105,95,83,85,85,85,76,77,84,98,95,87,77,72,70,73,78,83,83,80,82,81,87,82
16,大同,5,氮氧化物,NOx,ppb,2015-01-23,55,52,38,31,28,39,67,165,189,124,92,68,58,52,60,73,90,103,143,123,146,121,117,87
16,大同,6,一氧化氮,NO,ppb,2015-01-23,13,7.7,7.5,6.7,7.2,13,30,112,135,76,50,32,26,22,25,33,41,50,83,67,87,64,59,36
16,大同,7,二氧化氮,NO2,ppb,2015-01-23,42,44,30,24,21,25,37,53,55,48,42,36,32,31,35,40,49,53,59,57,60,57,57,51
16,大同,8,總碳氫化合物,THC,ppm,2015-01-23,2.5,2.6,2.5,2.5,2.4,2.4,2.5,2.9,3.5,2.6,2.4,2.3,2.2,2.1,2.2,2.3,2.4,2.6,2.8,2.6,2.7,2.7,2.6,2.5
16,大同,9,非甲烷碳氫化合物,NMHC,ppm,2015-01-23,0.32,0.29,0.24,0.21,0.21,0.23,0.25,0.68,1.33,0.54,0.35,0.33,0.24,0.17,0.26,0.29,0.38,0.56,0.73,0.52,0.58,0.54,0.5,0.39
16,大同,31,甲烷,CH4,ppm,2015-01-23,2.2,2.3,2.3,2.3,2.2,2.2,2.2,2.2,2.2,2.1,2,2,2,2,2,2,2,2,2.1,2.1,2.1,2.1,2.1,2.1
16,大同,33,細懸浮微粒,PM2.5,μg/m3,2015-01-23,47,40,38,42,40,41,37,36,39,41,46,44,39,39,36,37,35,39,41,44,41,41,45,46
17,桃園,1,二氧化硫,SO2,ppb,2015-01-23,11,9.2,9.4,8.4,3.7,5.9,5.4,6.1,5.6,6.1,4.8,4.2,3.7,3.4,3.3,3.5,4.7,5.6,6,4,3.6,3.4,3.5,3.4
17,桃園,2,一氧化碳,CO,ppm,2015-01-23,0.62,0.5,0.48,0.46,0.45,0.48,0.55,0.81,0.99,0.87,0.66,0.62,0.59,0.54,0.53,0.55,0.67,0.96,1.01,0.89,0.75,0.7,0.65,0.63
17,桃園,3,臭氧,O3,ppb,2015-01-23,40,43,42,41,38,36,33,23,25,34,41,46,51,52,49,50,43,31,28,31,34,35,37,37
17,桃園,4,懸浮微粒,PM10,μg/m3,2015-01-23,100,85,75,75,58,47,39,56,62,76,77,79,69,67,71,76,79,73,71,68,64,62,62,65
17,桃園,5,氮氧化物,NOx,ppb,2015-01-23,22,16,15,12,11,12,18,31,39,35,25,22,19,20,33,25,30,40,40,34,29,26,22,21
17,桃園,6,一氧化氮,NO,ppb,2015-01-23,1.3,1,1,1,1,1.1,1.5,4.2,8.6,7.2,5,4.4,3.5,3.8,8.8,3.9,3.1,2.7,2.5,1.8,1.5,1.3,1.2,1.1
17,桃園,7,二氧化氮,NO2,ppb,2015-01-23,20,15,14,11,9.5,11,16,27,30,27,20,18,16,16,24,21,27,37,37,32,27,25,21,20
17,桃園,8,總碳氫化合物,THC,ppm,2015-01-23,2.1,2.1,2.1,2.1,2.1,2.1,2.1,2.2,2.3,2.3,2.1,2.1,2.1,2.1,2.1,2.1,2.1,2.3,2.3,2.2,2.2,2.2,2.1,2.1
17,桃園,9,非甲烷碳氫化合物,NMHC,ppm,2015-01-23,0.16,0.12,0.12,0.13,0.13,0.13,0.13,0.2,0.27,0.26,0.16,0.15,0.14,0.11,0.12,0.13,0.19,0.29,0.3,0.23,0.17,0.17,0.14,0.12
17,桃園,10,風速,WIND_SPEED,m/sec,2015-01-23,1.3,1.4,1.7,1.8,1.9,2.7,2.5,2.7,2.9,3,2.9,2.7,2.1,2,1.8,1.9,1.7,1.5,2.3,2.2,2.6,2.3,2.5,1.9
17,桃園,11,風向,WIND_DIREC,degrees,2015-01-23,78,84,88,92,88,90,97,94,84,88,82,91,90,92,76,93,74,83,91,99,106,115,105,121
17,桃園,14,溫度,AMB_TEMP,℃,2015-01-23,10.2,10.2,9.9,9.8,9.3,9.4,9.7,10.2,12.1,14.6,16.6,18.3,19.6,20.3,20.4,19.9,18.2,16.2,15.1,14.5,14.1,13.8,13.8,13.6
17,桃園,31,甲烷,CH4,ppm,2015-01-23,2,1.9,2,2,2,2,2,2,2,2,2,2,2,1.9,1.9,1.9,2,2,2,2,2,2,2,2
17,桃園,33,細懸浮微粒,PM2.5,μg/m3,2015-01-23,58,54,48,50,41,41,36,44,42,54,58,59,52,43,39,33,39,45,49,51,49,53,49,47
17,桃園,38,相對濕度,RH,percent,2015-01-23,75,74,74,73,74,73,70,69,65,60,56,52,49,45,44,45,52,61,65,68,69,70,69,70
17,桃園,143,小時風速值,WS_HR,m/sec,2015-01-23,1.2,1.3,1.4,2.1,1.7,2.3,2.2,2.3,2.4,2.7,3,2.5,2.2,1.6,1.3,1.4,1.6,1.3,1.7,2,2.6,2.3,2.5,2.1
17,桃園,144,小時風向值,WD_HR,degrees,2015-01-23,91,84,87,92,92,92,92,96,89,86,88,91,87,83,80,81,80,77,87,94,102,115,108,108
18,大園,1,二氧化硫,SO2,ppb,2015-01-23,8.4,5.6,5.1,5.9,5,5,4.7,5.9,6,5.2,4.5,4.2,4.2,5.8,5.2,4.6,4.4,4.9,6.5,4.2,3.1,8.8,8.1,4.3
18,大園,2,一氧化碳,CO,ppm,2015-01-23,1.01,0.63,0.5,0.49,0.48,0.5,0.54,0.61,0.64,0.69,0.54,0.49,0.45,0.44,0.42,0.41,0.42,0.52,0.74,0.8,0.7,0.69,0.64,0.68
18,大園,3,臭氧,O3,ppb,2015-01-23,6.5,26,37,36,35,32,25,26,32,36,43,46,50,53,54,55,52,41,22,24,32,27,27,26
18,大園,4,懸浮微粒,PM10,μg/m3,2015-01-23,122,116,95,77,67,78,76,77,74,77,78,76,73,78,82,80,79,77,79,88,95,89,69,59
18,大園,5,氮氧化物,NOx,ppb,2015-01-23,82,36,22,22,22,25,36,42,38,38,27,25,24,22,19,18,19,30,53,44,31,34,32,29
18,大園,6,一氧化氮,NO,ppb,2015-01-23,22,2.4,1.4,1.3,1.4,1.7,6.1,9,9,9.7,6.2,5.8,5.4,4.5,4.2,3.9,3,3.8,5.9,3.1,1.2,1,1.1,1.1
18,大園,7,二氧化氮,NO2,ppb,2015-01-23,60,34,20,21,20,23,30,33,29,28,21,20,19,17,15,14,16,26,47,41,30,33,31,28
18,大園,10,風速,WIND_SPEED,m/sec,2015-01-23,2.9,3.9,3.5,3.4,3.7,2.9,3.2,4.5,5.2,6,6.1,4.7,4.4,5.5,7.3,6.5,5.4,3.5,3.2,3.2,3.3,3,2.7,2.7
18,大園,11,風向,WIND_DIREC,degrees,2015-01-23,124,105,87,90,87,89,78,89,94,87,103,106,57,44,59,60,56,91,128,142,153,151,166,177
18,大園,14,溫度,AMB_TEMP,℃,2015-01-23,11.2,11.3,11.4,11.1,10.9,10.9,11.1,12,14,15.8,17.2,18.4,19.2,18.7,18.2,17.8,17.4,16.6,16.3,15.8,15.4,15,14.7,14
18,大園,33,細懸浮微粒,PM2.5,μg/m3,2015-01-23,66,62,54,45,45,47,45,43,48,50,47,39,34,35,38,38,39,39,39,43,42,46,38,38
18,大園,38,相對濕度,RH,percent,2015-01-23,70,68,66,67,67,66,63,60,54,48,42,37,33,44,47,50,54,58,55,58,59,60,60,63
18,大園,143,小時風速值,WS_HR,m/sec,2015-01-23,2.7,3.2,3.5,3.5,3.5,3.1,3.4,3.8,4.6,5.8,5.6,4.9,4,4.9,5.9,6.4,5.4,3.7,2.9,3.1,3.2,3.1,2.8,2.4
18,大園,144,小時風向值,WD_HR,degrees,2015-01-23,125,110,94,90,88,90,83,89,93,89,96,103,77,53,53,57,59,64,109,136,149,155,158,181
19,觀音,1,二氧化硫,SO2,ppb,2015-01-23,6.1,7.4,6.8,13,16,13,12,15,12,8.4,9.9,6.9,5.7,4.1,3.7,4.3,7.9,10,13,6.6,4.3,4.1,4.9,6.6
19,觀音,2,一氧化碳,CO,ppm,2015-01-23,0.9,0.88,0.55,0.53,0.52,0.52,0.53,0.61,0.63,0.64,0.58,0.46,0.44,0.42,0.4,0.39,0.41,0.43,0.6,0.9,0.86,0.84,0.88,0.87
19,觀音,3,臭氧,O3,ppb,2015-01-23,16,15,35,30,22,26,18,20,28,36,44,56,60,61,62,62,56,46,23,19,20,23,19,15
19,觀音,4,懸浮微粒,PM10,μg/m3,2015-01-23,119,115,98,91,86,98,103,105,97,96,95,96,87,80,73,75,71,72,76,89,96,102,102,98
19,觀音,5,氮氧化物,NOx,ppb,2015-01-23,42,43,21,27,38,33,41,47,48,36,28,14,12,8.6,7.7,8.1,14,20,43,44,37,32,36,42
19,觀音,6,一氧化氮,NO,ppb,2015-01-23,1.3,1.6,0.9,0.9,0.8,0.8,2.5,5,7.7,5.5,4.6,1.5,1,0.6,0.5,0.6,0.6,0.8,1.5,1.9,1.5,1,0.9,0.9
19,觀音,7,二氧化氮,NO2,ppb,2015-01-23,40,41,20,26,37,32,39,42,40,30,23,13,11,8,7.2,7.5,13,20,41,43,35,31,35,41
19,觀音,10,風速,WIND_SPEED,m/sec,2015-01-23,2.8,3.2,3.8,3.5,3.8,3,4,4.1,5.5,4.8,4.7,3.9,4.4,4.5,5.3,4.9,5.4,3,2.2,1.9,2.5,2.5,2.3,3.1
19,觀音,11,風向,WIND_DIREC,degrees,2015-01-23,93,89,84,83,83,80,84,84,83,85,56,62,90,84,53,51,48,54,85,92,105,105,106,114
19,觀音,14,溫度,AMB_TEMP,℃,2015-01-23,10.8,10.4,11.1,11.2,11,10.6,11.2,12.1,14,16.2,17.2,17.7,18.4,18.1,18,17.8,17.4,16.8,16.1,14.9,14.3,14.4,13.9,13.7
19,觀音,21,酸雨,PH_RAIN,pH,2015-01-23,0,0,0,0,0,0,0,0,0,0,0,0,0,0,0,0,0,0,0,0,0,0,0,0
19,觀音,22,導電度,RAIN_COND,μmho/cm,2015-01-23,0,0,0,0,0,0,0,0,0,0,0,0,0,0,0,0,0,0,0,0,0,0,0,0
19,觀音,32,降雨強度,RAIN_INT,㎜,2015-01-23,0,0,0,0,0,0,0,0,0,0,0,0,0,0,0,0,0,0,0,0,0,0,0,0
19,觀音,33,細懸浮微粒,PM2.5,μg/m3,2015-01-23,66,66,62,59,58,54,51,50,48,44,45,45,46,44,44,41,41,41,40,44,44,45,45,49
19,觀音,38,相對濕度,RH,percent,2015-01-23,70,73,68,67,67,68,64,60,54,48,47,46,47,50,53,55,57,61,63,62,65,64,66,66
19,觀音,143,小時風速值,WS_HR,m/sec,2015-01-23,2.6,2.8,3.5,3.6,3.8,3.3,3.4,4,5.2,5.2,4.4,3.5,2.4,3,3.1,4.9,4.9,4.1,2.3,2.3,2,2.4,2.1,2.6
19,觀音,144,小時風向值,WD_HR,degrees,2015-01-23,93,88,88,83,84,85,82,84,85,84,66,57,77,82,77,53,52,49,82,90,97,106,104,113
20,平鎮,1,二氧化硫,SO2,ppb,2015-01-23,6.7,7.4,9.2,6.1,7.2,5.7,7.7,8.3,7.6,7,5.8,5.4,4.8,4.2,4.8,5.5,5.4,6.7,6.6,6.6,8.1,5.6,4.8,4
20,平鎮,2,一氧化碳,CO,ppm,2015-01-23,0.59,0.48,0.47,0.45,0.48,0.47,0.57,0.75,0.67,0.61,0.68,0.6,0.57,0.49,0.48,0.46,0.5,0.77,0.96,0.9,0.98,1,0.98,1.02
20,平鎮,3,臭氧,O3,ppb,2015-01-23,34,41,44,43,44,42,37,34,39,43,41,46,51,54,48,46,42,33,26,28,23,18,14,8.4
20,平鎮,4,懸浮微粒,PM10,μg/m3,2015-01-23,120,106,97,89,88,86,92,99,99,95,97,95,98,88,81,74,82,94,96,88,84,81,86,80
20,平鎮,5,氮氧化物,NOx,ppb,2015-01-23,27,18,14,13,12,11,16,24,20,18,26,22,19,18,23,23,25,35,40,34,37,42,44,46
20,平鎮,6,一氧化氮,NO,ppb,2015-01-23,1.2,1.1,1,0.6,0.4,0.2,0.5,1.8,2.6,2.3,3.6,3.1,2.6,2,2.5,2.4,1.8,1.5,1.3,1.3,1.3,1.8,1.9,2.3
20,平鎮,7,二氧化氮,NO2,ppb,2015-01-23,26,17,13,12,11,11,16,22,17,15,22,19,17,16,20,21,23,34,39,32,36,40,42,44
20,平鎮,10,風速,WIND_SPEED,m/sec,2015-01-23,2.2,2.4,2.1,2.3,2.7,2.4,2.7,3,3.3,3.9,3.5,3.2,2.6,2.4,3.5,2.9,1.6,2.1,2.6,2.3,1.8,1.8,1.7,1
20,平鎮,11,風向,WIND_DIREC,degrees,2015-01-23,93,74,94,81,93,83,77,93,91,94,42,60,49,38,299,359,28,69,99,100,109,121,118,148
20,平鎮,14,溫度,AMB_TEMP,℃,2015-01-23,11.8,11.9,11.9,11.8,11.7,11.8,11.9,12.6,13.9,15.3,16.9,18.2,19.2,19.8,19.4,18.5,17.9,17.6,16.7,15.8,15.2,14.6,14.1,13.5
20,平鎮,33,細懸浮微粒,PM2.5,μg/m3,2015-01-23,59,53,49,44,39,49,47,48,46,53,48,42,35,39,42,42,40,37,45,48,54,48,52,45
20,平鎮,38,相對濕度,RH,percent,2015-01-23,70,68,67,66,65,63,62,61,58,54,50,47,45,39,46,51,54,52,56,61,64,65,67,70
20,平鎮,143,小時風速值,WS_HR,m/sec,2015-01-23,2.3,1.7,1.7,2.3,2.1,2.5,2.1,2.4,3.3,3.6,2.7,3.1,2.1,1.5,0.7,0.7,1.4,1.6,2.3,2.5,2.4,1.9,1.7,0.9
20,平鎮,144,小時風向值,WD_HR,degrees,2015-01-23,97,83,79,91,83,88,70,87,91,92,56,54,53,41,360,8,40,73,95,100,106,119,121,132
21,龍潭,1,二氧化硫,SO2,ppb,2015-01-23,2.4,3.4,3.8,3,2.9,3,3.4,3.8,4.3,4.2,4.1,4,4.2,3.9,3.9,5.1,5,3.4,4,2.8,2.9,2.6,2.1,2
21,龍潭,2,一氧化碳,CO,ppm,2015-01-23,0.48,0.45,0.41,0.39,0.41,0.46,0.63,0.95,0.74,0.62,0.58,0.58,0.56,0.5,0.5,0.56,0.63,0.78,0.94,0.88,0.93,0.9,0.7,0.71
21,龍潭,3,臭氧,O3,ppb,2015-01-23,36,40,39,43,46,40,28,17,28,38,44,48,53,61,63,53,47,35,19,22,18,18,22,20
21,龍潭,4,懸浮微粒,PM10,μg/m3,2015-01-23,89,84,69,68,71,77,81,78,79,81,83,80,78,76,76,80,86,84,92,95,101,88,84,79
21,龍潭,5,氮氧化物,NOx,ppb,2015-01-23,13,12,13,7.6,6.9,12,27,46,34,23,x,x,17,14,14,24,28,35,50,40,52,40,31,30
21,龍潭,6,一氧化氮,NO,ppb,2015-01-23,1.3,1.5,1.3,0.5,0.2,0.3,2.7,11,8.9,5.2,x,x,3.6,2.7,2.3,3.3,3.1,2.3,4.6,4.2,14,5.3,2.3,1.9
21,龍潭,7,二氧化氮,NO2,ppb,2015-01-23,12,11,12,7.1,6.7,12,24,35,25,18,x,x,13,11,12,20,25,33,45,36,38,35,29,28
21,龍潭,10,風速,WIND_SPEED,m/sec,2015-01-23,1.1,0.8,1.4,1.7,2,1.2,1,1.5,2.8,3.7,3.4,3.2,2.8,2.2,3.2,2.8,2.6,2.2,1.8,1.5,0.6,0.7,0.7,0.5
21,龍潭,11,風向,WIND_DIREC,degrees,2015-01-23,94,74,99,62,63,57,51,54,66,53,52,51,59,63,326,15,55,53,109,67,90,117,88,195
21,龍潭,14,溫度,AMB_TEMP,℃,2015-01-23,9.8,9.2,8.9,8.8,9.2,9.2,9.6,10,11.6,13.9,15.8,17.8,19.2,20.1,20.1,18.9,18.3,17.4,16,14.5,13.7,13.2,12.9,12.5
21,龍潭,33,細懸浮微粒,PM2.5,μg/m3,2015-01-23,53,49,47,41,41,46,42,48,41,51,40,47,48,43,42,38,58,48,53,43,53,52,48,47
21,龍潭,38,相對濕度,RH,percent,2015-01-23,72,75,75,75,74,73,70,67,62,56,52,47,42,37,37,50,50,50,61,69,73,74,73,71
21,龍潭,143,小時風速值,WS_HR,m/sec,2015-01-23,0.8,0.8,1.1,1.2,1.6,1.3,0.8,1.1,2.3,3,3.3,3.1,2.3,1.3,1.4,1.5,1.2,2.2,1.2,1.3,0.9,0.5,0.7,0.4
21,龍潭,144,小時風向值,WD_HR,degrees,2015-01-23,103,90,93,76,63,59,47,50,60,58,48,53,60,34,5.6,322,34,58,74,71,82,104,110,128
22,湖口,1,二氧化硫,SO2,ppb,2015-01-23,6.7,6.7,8.1,8,7.5,7,6.2,7,7.1,6.7,6.2,5.5,5.3,6.4,5.7,6.5,5.5,5.4,5.6,6.6,6.6,5.5,3.8,3.1
22,湖口,2,一氧化碳,CO,ppm,2015-01-23,0.56,0.54,0.48,0.47,0.45,0.46,0.52,0.67,0.64,0.56,0.62,0.54,0.46,0.41,0.39,0.4,0.42,0.48,0.76,0.93,0.82,0.78,0.74,0.71
22,湖口,3,臭氧,O3,ppb,2015-01-23,40,38,36,39,42,41,35,30,41,47,48,51,58,62,64,62,60,50,28,17,19,20,18,11
22,湖口,4,懸浮微粒,PM10,μg/m3,2015-01-23,110,95,81,78,78,81,82,81,82,83,82,77,71,75,75,75,81,82,90,90,82,79,76,71
22,湖口,5,氮氧化物,NOx,ppb,2015-01-23,19,18,19,16,15,15,18,27,20,16,22,21,15,10,8,10,12,17,34,47,41,39,35,37
22,湖口,6,一氧化氮,NO,ppb,2015-01-23,1,0.8,0.9,2.1,2.5,1.9,2.2,4.6,4.3,4,4.6,5.1,3.8,2.7,2.1,2.5,2.6,2.4,3.7,4.6,3.8,3.2,2.7,3.7
22,湖口,7,二氧化氮,NO2,ppb,2015-01-23,18,18,18,14,12,13,16,23,16,12,17,16,12,7.8,5.9,7.6,8.9,14,31,43,37,36,32,34
22,湖口,10,風速,WIND_SPEED,m/sec,2015-01-23,3.2,2.5,2.6,4.4,3.3,3.2,3.3,5.3,8.1,5.7,5.2,4.3,3.2,5.8,5,5.2,3.2,2.6,1.9,2.4,3.5,2,0.6,1.5
22,湖口,11,風向,WIND_DIREC,degrees,2015-01-23,62,70,63,61,69,59,56,68,60,58,52,51,53,34,35,36,38,42,73,94,94,103,223,153
22,湖口,14,溫度,AMB_TEMP,℃,2015-01-23,12,11.7,11.4,11.5,11.7,11.8,11.5,12.2,14.5,16.4,18.2,19.9,21.4,20.8,20.2,19.8,19.1,17.8,16.7,16.4,15.8,15.1,14.1,12.9
22,湖口,33,細懸浮微粒,PM2.5,μg/m3,2015-01-23,60,49,46,41,40,43,45,43,45,41,39,41,38,34,32,34,36,39,46,48,48,53,51,46
22,湖口,38,相對濕度,RH,percent,2015-01-23,68,68,68,66,64,62,62,61,54,48,44,39,34,44,47,49,51,57,62,60,63,64,65,68
22,湖口,143,小時風速值,WS_HR,m/sec,2015-01-23,3,2.8,3.1,3.2,3.6,3.8,3.3,4.9,6.1,6.1,5.4,4.4,3,4.3,4.6,4.8,4,2.6,1.9,1.9,2.7,2.4,0.7,1.1
22,湖口,144,小時風向值,WD_HR,degrees,2015-01-23,63,65,61,62,64,61,55,60,61,60,58,54,48,36,36,37,42,38,69,88,91,103,123,144
23,竹東,1,二氧化硫,SO2,ppb,2015-01-23,0.7,2.3,2.6,2.7,2.4,2.6,2.5,3.2,3.2,3.4,4.3,5.3,5.3,5.5,5.7,6.1,6.2,5.9,5.4,5,4.4,3.9,3.6,3.3
23,竹東,2,一氧化碳,CO,ppm,2015-01-23,0.39,0.41,0.33,0.52,0.31,0.47,0.52,0.72,0.63,0.65,0.48,0.47,0.45,0.45,0.49,0.49,0.62,0.82,0.93,0.78,0.77,0.73,0.57,0.5
23,竹東,3,臭氧,O3,ppb,2015-01-23,24,22,24,15,23,15,12,11,17,18,34,48,55,66,66,60,49,30,17,26,24,23,26,25
23,竹東,4,懸浮微粒,PM10,μg/m3,2015-01-23,32,24,21,26,29,27,26,33,38,29,31,49,61,59,62,76,86,86,87,83,72,65,54,40
23,竹東,5,氮氧化物,NOx,ppb,2015-01-23,17,20,15,29,17,23,27,34,31,34,22,18,15,13,16,18,25,39,45,31,27,26,20,19
23,竹東,6,一氧化氮,NO,ppb,2015-01-23,1.3,1.5,1.2,3.2,0.8,1.7,3.3,8,8.5,10,3.9,1.7,1,0.5,0.8,0.5,0.9,0.8,1.9,1.1,0.9,0.7,0.2,0.5
23,竹東,7,二氧化氮,NO2,ppb,2015-01-23,16,18,14,26,16,21,24,26,23,23,18,16,14,13,16,17,24,38,44,30,27,26,20,19
23,竹東,10,風速,WIND_SPEED,m/sec,2015-01-23,0.8,1.1,2.5,3.2,3.2,2.7,2.2,1.6,1.9,1,1.7,2.5,1.5,2.4,3,3,1.8,0.6,2.4,0.9,1.8,1.7,1.8,1.9
23,竹東,11,風向,WIND_DIREC,degrees,2015-01-23,83,130,139,141,138,141,127,148,143,207,299,331,203,244,310,314,258,71,133,99,141,144,136,139
23,竹東,14,溫度,AMB_TEMP,℃,2015-01-23,10.4,9.8,9.3,9.2,9,8.6,8.4,9.1,11.9,14.7,17.3,18.9,20,20.8,20.8,19.6,18.9,17.9,16.1,14.8,13.9,13.1,12.4,12.1
23,竹東,33,細懸浮微粒,PM2.5,μg/m3,2015-01-23,10,8,9,8,11,9,11,13,11,9,14,27,34,29,31,43,48,50,52,50,45,40,32,25
23,竹東,38,相對濕度,RH,percent,2015-01-23,43,46,48,48,48,49,50,49,40,35,32,36,31,28,35,45,50,53,62,65,67,65,63,58
23,竹東,143,小時風速值,WS_HR,m/sec,2015-01-23,1.4,1.5,2.5,2.6,3,2.7,2,1.9,1.6,0.9,0.8,1.1,0.8,1.5,1.7,1.8,1.3,0.9,1.1,1.1,1,1.4,1.6,1.4
23,竹東,144,小時風向值,WD_HR,degrees,2015-01-23,132,135,138,140,139,140,136,139,147,186,257,325,286,255,298,308,293,307,126,130,138,144,145,138
24,新竹,1,二氧化硫,SO2,ppb,2015-01-23,2.3,2.6,3.5,3.5,3.1,3,2.8,2.7,3,4,4.6,4.8,4.2,4.2,3.4,3.6,4.4,4.6,5.6,4.7,3,2.5,2,1.6
24,新竹,2,一氧化碳,CO,ppm,2015-01-23,0.49,0.45,0.41,0.41,0.45,0.44,0.5,0.7,0.68,0.64,0.6,0.65,0.58,0.54,0.53,0.49,0.57,0.66,0.84,1.04,0.88,0.77,0.71,0.61
24,新竹,3,臭氧,O3,ppb,2015-01-23,42,44,41,41,40,40,32,25,26,30,44,51,56,58,57,60,52,40,23,8.5,15,26,27,26
24,新竹,4,懸浮微粒,PM10,μg/m3,2015-01-23,88,77,71,67,67,64,65,67,65,66,75,79,76,70,67,66,70,77,83,83,78,71,64,54
24,新竹,5,氮氧化物,NOx,ppb,2015-01-23,14,13,12,12,14,14,19,31,34,35,23,25,24,18,16,13,21,30,43,61,47,32,28,25
24,新竹,6,一氧化氮,NO,ppb,2015-01-23,0.9,0.8,0.8,0.5,0.1,0.3,0.5,2.7,5.7,7.8,4.3,3.5,3,2.2,1.7,1.2,1.1,0.9,1.3,4.2,3.5,1.8,1.2,0.7
24,新竹,7,二氧化氮,NO2,ppb,2015-01-23,13,12,11,11,13,13,19,28,29,27,19,22,21,16,14,12,20,29,42,56,44,30,27,25
24,新竹,8,總碳氫化合物,THC,ppm,2015-01-23,2.1,2.1,2.1,2.1,2,2.1,2.2,2.2,2.1,2.1,2.1,2.2,2.1,2,2,2,2.1,2.2,2.3,2.4,2.3,2.1,2.2,2.2
24,新竹,9,非甲烷碳氫化合物,NMHC,ppm,2015-01-23,0.18,0.16,0.18,0.17,0.09,0.2,0.2,0.27,0.21,0.19,0.18,0.25,0.2,0.12,0.1,0.11,0.2,0.26,0.34,0.38,0.33,0.23,0.23,0.22
24,新竹,10,風速,WIND_SPEED,m/sec,2015-01-23,1.3,1.8,1.7,1.2,1.6,1.3,1.4,1.6,1.7,2.3,2.9,2.3,1.9,1.4,1.7,2.5,1.7,2,1,1.1,1.9,1.8,1.6,1.9
24,新竹,11,風向,WIND_DIREC,degrees,2015-01-23,93,71,76,74,78,86,63,91,82,64,52,61,330,147,74,58,60,41,33,80,79,86,77,79
24,新竹,14,溫度,AMB_TEMP,℃,2015-01-23,11.8,11.6,11.2,11.2,11.5,11.3,11.1,11.3,12.7,15.6,17.8,19.2,20.1,19.9,19.3,18.9,18.6,17.9,17.1,16.8,16.1,15.6,15,14.3
24,新竹,31,甲烷,CH4,ppm,2015-01-23,1.9,1.9,1.9,1.9,2,1.9,2,1.9,1.9,1.9,1.9,2,1.9,1.9,1.9,1.9,1.9,1.9,2,2,2,1.9,1.9,1.9
24,新竹,33,細懸浮微粒,PM2.5,μg/m3,2015-01-23,53,41,36,35,35,35,38,39,39,37,42,48,46,43,43,42,42,40,45,51,51,46,39,34
24,新竹,38,相對濕度,RH,percent,2015-01-23,65,66,66,66,66,64,63,60,55,46,42,40,36,47,50,51,53,56,60,59,62,62,61,59
24,新竹,143,小時風速值,WS_HR,m/sec,2015-01-23,1.4,1.4,1.3,1.3,1.2,1.2,1.1,1.2,1.4,1.6,2.2,1.9,0.8,0.2,0.4,1.1,1.4,1.2,1.2,0.9,1.4,1.9,1.8,1.4
24,新竹,144,小時風向值,WD_HR,degrees,2015-01-23,87,69,80,74,79,73,63,78,75,69,57,61,59,104,87,68,58,47,63,71,83,84,83,83
25,頭份,1,二氧化硫,SO2,ppb,2015-01-23,1.9,2.9,2.8,3.5,3.6,3.5,3.5,3.6,3.5,4.4,4.3,5.1,5.8,5.1,4.7,4.5,5.6,7.8,8.5,5.4,4.5,2.9,2.7,2.4
25,頭份,2,一氧化碳,CO,ppm,2015-01-23,0.34,0.34,0.31,0.28,0.32,0.33,0.45,0.88,0.7,0.49,0.47,0.48,0.49,0.43,0.41,0.45,0.55,0.81,0.8,1,1.1,0.73,0.63,0.68
25,頭份,3,臭氧,O3,ppb,2015-01-23,24,27,29,37,36,38,26,7,13,35,42,49,60,63,62,58,51,30,19,7.7,4.4,14,17,5.5
25,頭份,4,懸浮微粒,PM10,μg/m3,2015-01-23,55,42,43,45,51,54,56,53,50,59,65,66,78,92,87,83,87,94,98,94,95,92,78,71
25,頭份,5,氮氧化物,NOx,ppb,2015-01-23,22,28,18,16,24,18,31,57,47,28,24,22,17,14,13,17,22,46,53,60,75,33,29,48
25,頭份,6,一氧化氮,NO,ppb,2015-01-23,0.9,0.8,0.7,1.2,1.3,1.3,2.1,24,19,7.5,5.6,4.6,3.2,2.5,2.3,2.6,2.1,4.9,3.1,5.9,24,2.7,2.1,9.5
25,頭份,7,二氧化氮,NO2,ppb,2015-01-23,22,27,17,15,23,17,29,33,28,21,18,18,14,11,11,14,20,41,50,54,50,30,27,38
25,頭份,8,總碳氫化合物,THC,ppm,2015-01-23,1.9,2,2,1.9,2,1.9,2,2.3,2.2,2,2,2,2,1.9,1.9,1.9,2,2.2,2.3,2.4,2.5,2.3,2.2,2.3
25,頭份,9,非甲烷碳氫化合物,NMHC,ppm,2015-01-23,0.08,0.12,0.09,0.09,0.11,0.09,0.14,0.27,0.21,0.13,0.13,0.13,0.11,0.06,0.06,0.08,0.15,0.29,0.33,0.38,0.41,0.25,0.2,0.23
25,頭份,10,風速,WIND_SPEED,m/sec,2015-01-23,1.5,1.8,1.1,1.8,2.4,2.1,1.1,1.7,1.1,1.9,1.7,1.3,4.1,5.2,4.7,2.6,1.4,1.6,0.8,0.8,2,1.3,1.1,1.7
25,頭份,11,風向,WIND_DIREC,degrees,2015-01-23,69,105,92,72,75,69,135,133,155,57,108,324,259,157,219,222,56,116,121,113,119,92,87,124
25,頭份,14,溫度,AMB_TEMP,℃,2015-01-23,11.5,11.1,10.4,10.8,10.7,10.5,10.1,9.4,11.3,15.8,18.2,19.9,19.3,18.7,18.6,18.5,18.6,17.8,16.7,15.9,14.7,13.5,13.3,12.7
25,頭份,31,甲烷,CH4,ppm,2015-01-23,1.8,1.9,1.9,1.9,1.9,1.9,1.9,2,1.9,1.9,1.9,1.9,1.9,1.9,1.9,1.9,1.9,1.9,2,2,2.1,2,2,2.1
25,頭份,33,細懸浮微粒,PM2.5,μg/m3,2015-01-23,26,20,22,23,26,30,32,26,20,24,28,32,38,39,38,42,45,48,51,54,56,52,45,44
25,頭份,38,相對濕度,RH,percent,2015-01-23,42,48,50,51,55,56,58,56,50,38,32,30,46,51,52,52,51,54,58,61,66,71,70,70
25,頭份,143,小時風速值,WS_HR,m/sec,2015-01-23,1.5,1.6,1.4,1.8,2,2.4,1.4,1,0.7,1.5,1,0.8,0.6,1.1,0.9,0.6,0.4,0.4,0.9,0.4,1.3,1.8,1.2,1
25,頭份,144,小時風向值,WD_HR,degrees,2015-01-23,77,86,98,78,71,70,88,113,149,65,84,77,283,216,195,165,56,48,74,65,108,116,113,114
26,苗栗,1,二氧化硫,SO2,ppb,2015-01-23,2.1,2.1,2.3,2.2,2,1.9,2.1,2.9,3.4,4.9,5.9,11,11,13,8.4,4.7,4.9,11,8.6,5.4,4.1,3.6,3,2.4
26,苗栗,2,一氧化碳,CO,ppm,2015-01-23,0.67,0.51,0.47,0.39,0.38,0.32,0.47,0.9,0.67,0.42,0.46,0.43,0.54,0.55,0.52,0.5,0.58,0.9,1.34,1.6,1.34,1.1,0.96,0.8
26,苗栗,3,臭氧,O3,ppb,2015-01-23,3.8,5.1,0.1,0.2,0.1,6.7,2,2.3,10,18,23,26,42,53,54,59,49,12,12,0.8,1,5.2,9.3,4.7
26,苗栗,4,懸浮微粒,PM10,μg/m3,2015-01-23,84,60,55,43,44,33,32,46,29,28,42,50,75,82,76,73,78,94,100,104,99,89,82,73
26,苗栗,5,氮氧化物,NOx,ppb,2015-01-23,34,31,50,35,38,24,37,66,40,26,30,39,33,29,25,16,22,66,66,81,71,52,45,47
26,苗栗,6,一氧化氮,NO,ppb,2015-01-23,3.2,3.6,19,9.3,13,4.9,12,38,17,10,10,13,7.8,5.1,5,2.4,2.4,9.9,13,26,24,13,11,11
26,苗栗,7,二氧化氮,NO2,ppb,2015-01-23,31,27,31,26,26,19,25,27,23,16,20,26,25,24,20,14,19,56,53,55,46,39,35,36
26,苗栗,10,風速,WIND_SPEED,m/sec,2015-01-23,0.7,0.5,0.6,0.6,0.7,0.6,0.6,0.6,1.2,1.1,1.6,1.8,2.8,4,4,3,1.6,1,0.5,0.5,0.9,1.8,1.3,0.8
26,苗栗,11,風向,WIND_DIREC,degrees,2015-01-23,55,12,52,37,232,340,25,228,40,81,73,47,18,283,101,10,21,322,4.5,12,202,190,64,203
26,苗栗,14,溫度,AMB_TEMP,℃,2015-01-23,9.9,9.2,8.6,8.3,7.8,7.6,7.3,7.6,9.4,11.7,14.9,17.7,19.3,18.9,18.4,17.9,17.6,16.8,16.2,15.2,14.2,13.6,13.2,12.1
26,苗栗,33,細懸浮微粒,PM2.5,μg/m3,2015-01-23,60,49,42,35,26,15,10,10,16,15,37,50,41,47,45,42,40,46,51,57,60,59,56,50
26,苗栗,38,相對濕度,RH,percent,2015-01-23,76,74,74,73,74,69,69,66,52,44,38,30,36,47,51,53,57,63,65,69,74,74,73,77
26,苗栗,143,小時風速值,WS_HR,m/sec,2015-01-23,0.4,0.5,0.4,0.4,0,0.5,0.2,0.5,0.4,0.8,0.7,0.5,0.5,0.5,0.9,0.7,0.2,0.7,0.5,0.4,0.2,0.7,0.3,0
26,苗栗,144,小時風向值,WD_HR,degrees,2015-01-23,53,49,34,43,288,182,184,213,4.5,57,48,14,16,355,58,33,355,321,37,1.9,242,185,120,22
27,三義,1,二氧化硫,SO2,ppb,2015-01-23,2.4,1.9,2.2,2.1,2.2,1.8,1.5,1.6,1.9,2.3,5.4,5.1,4.9,4.8,4.8,4.8,4.7,4.3,3.9,2.6,1.8,1.8,2.1,1.8
27,三義,2,一氧化碳,CO,ppm,2015-01-23,0.29,0.24,0.23,0.24,0.22,0.22,0.21,0.32,0.25,0.17,0.31,0.4,0.44,0.46,0.44,0.43,0.46,0.48,0.58,0.76,0.77,0.36,0.38,0.34
27,三義,3,臭氧,O3,ppb,2015-01-23,31,38,54,45,48,40,41,41,37,38,41,49,65,73,75,68,58,55,40,31,43,47,48,51
27,三義,4,懸浮微粒,PM10,μg/m3,2015-01-23,39,35,38,42,44,42,34,27,27,26,42,71,84,87,83,83,82,81,82,88,99,76,49,50
27,三義,5,氮氧化物,NOx,ppb,2015-01-23,22,15,3.9,12,6.7,8.4,2.5,2.2,6.9,7.2,19,25,25,17,13,14,18,16,23,25,11,6.2,5.9,4.6
27,三義,6,一氧化氮,NO,ppb,2015-01-23,1.5,1.3,1.4,0.9,0.8,0.8,0.7,0.9,1.9,2.7,5,5.2,4,2.1,1.7,1.6,1.6,1,0.9,1,0.6,0.7,0.9,0.8
27,三義,7,二氧化氮,NO2,ppb,2015-01-23,20,14,2.5,11,6,7.6,1.7,1.3,5,4.5,14,20,21,15,11,12,17,15,22,24,10,5.5,5,3.8
27,三義,10,風速,WIND_SPEED,m/sec,2015-01-23,3.3,3.8,3.5,3.2,3.2,1.9,1.4,1,2.6,3.3,3.3,2.6,2.7,3.2,4.7,4.6,3,2.3,1.5,0.8,1.1,1.1,1,1.5
27,三義,11,風向,WIND_DIREC,degrees,2015-01-23,33,28,38,32,23,19,36,30,191,190,194,223,188,19,41,43,31,25,23,43,16,30,27,19
27,三義,14,溫度,AMB_TEMP,℃,2015-01-23,9.8,10,12.1,10.8,10.8,8.2,6.5,7.5,12.9,16.7,18.1,19.4,20.5,20.3,18.1,17,15.9,14.4,13,11.5,10.5,9.9,9.7,9.6
27,三義,21,酸雨,PH_RAIN,pH,2015-01-23,0,0,0,0,0,0,0,0,0,0,0,0,0,0,0,0,0,0,0,0,0,0,0,0
27,三義,22,導電度,RAIN_COND,μmho/cm,2015-01-23,0,0,0,0,0,0,0,0,0,0,0,0,0,0,0,0,0,0,0,0,0,0,0,0
27,三義,32,降雨強度,RAIN_INT,㎜,2015-01-23,0,0,0,0,0,0,0,0,0,0,0,0,0,0,0,0,0,0,0,0,0,0,0,0
27,三義,33,細懸浮微粒,PM2.5,μg/m3,2015-01-23,20,16,19,18,17,19,14,9,16,9,10,26,36,41,41,42,45,49,49,57,70,49,27,30
27,三義,38,相對濕度,RH,percent,2015-01-23,45,42,32,37,36,48,56,53,42,24,36,39,38,41,52,57,63,70,77,84,84,82,82,82
27,三義,143,小時風速值,WS_HR,m/sec,2015-01-23,2.9,3.2,3.5,3.1,3.1,1.9,1.2,1.1,0.4,2.6,3.8,3,2.4,1,3.3,3.7,2.9,2.4,1.6,1.3,0.7,0.9,1,1.2
27,三義,144,小時風向值,WD_HR,degrees,2015-01-23,29,29,38,30,30,24,28,36,151,198,193,218,201,272,37,41,38,32,29,23,29,22,24,21
28,豐原,1,二氧化硫,SO2,ppb,2015-01-23,1.6,1.3,1.3,1.2,1.1,1,0.8,0.8,2.1,4.3,4.2,4.5,3.9,4.4,5.7,6.7,4.1,3.5,3.1,2.6,1.9,1.3,1.3,1
28,豐原,2,一氧化碳,CO,ppm,2015-01-23,0.29,0.23,0.18,0.16,0.2,0.19,0.22,0.38,0.88,1.49,0.8,0.91,0.84,0.64,0.54,0.54,0.53,0.68,0.56,0.56,0.54,0.51,0.49,0.46
28,豐原,3,臭氧,O3,ppb,2015-01-23,26,22,24,26,21,21,23,20,12,19,34,63,75,70,74,68,68,57,55,52,48,48,53,49
28,豐原,4,懸浮微粒,PM10,μg/m3,2015-01-23,x,23,23,20,3,3,x,x,15,19,53,65,87,83,83,82,90,88,88,73,57,60,53,51
28,豐原,5,氮氧化物,NOx,ppb,2015-01-23,9.2,7.8,6.5,6.7,8.6,8.3,8.9,14,56,75,51,34,20,23,24,25,21,28,20,18,17,16,15,13
28,豐原,6,一氧化氮,NO,ppb,2015-01-23,1.4,1.5,1.3,0.9,1.2,1.3,1.4,3.4,27,25,12,4.3,2,2.4,2.2,1.8,1.5,1.4,1.2,0.9,1.1,1.1,1,0.9
28,豐原,7,二氧化氮,NO2,ppb,2015-01-23,7.9,6.3,5.2,5.8,7.5,7.1,7.5,11,29,51,39,30,18,21,22,23,19,26,19,17,16,15,14,12
28,豐原,8,總碳氫化合物,THC,ppm,2015-01-23,1.9,1.9,1.8,1.8,1.8,1.8,1.8,1.8,2.1,2.5,2.2,2.2,1.9,1.9,1.9,2,2,2.1,1.9,1.9,1.9,1.9,1.9,1.9
28,豐原,9,非甲烷碳氫化合物,NMHC,ppm,2015-01-23,0.12,0.12,0.09,0.09,0.12,0.1,0.07,0.12,0.35,0.66,0.42,0.34,0.17,0.16,0.17,0.18,0.24,0.3,0.13,0.13,0.15,0.13,0.12,0.11
28,豐原,10,風速,WIND_SPEED,m/sec,2015-01-23,1.8,1.4,1.5,2.4,1.2,1.3,2,2,2.6,1.6,3.3,3.2,2.5,2.4,2.9,2.4,1.6,1.6,2.3,2.8,2.5,2.4,1.1,1.7
28,豐原,11,風向,WIND_DIREC,degrees,2015-01-23,81,63,77,75,57,91,89,81,197,227,203,198,238,301,314,275,67,103,119,124,101,121,85,76
28,豐原,14,溫度,AMB_TEMP,℃,2015-01-23,9.9,8.7,8.7,9.1,8.1,8.1,8.4,9,12,15,17.3,18.5,19.2,19.4,18.9,18.7,18,16.9,15.9,15,13.9,12.8,12.9,12.4
28,豐原,31,甲烷,CH4,ppm,2015-01-23,1.7,1.7,1.7,1.7,1.7,1.7,1.7,1.7,1.7,1.9,1.8,1.8,1.8,1.8,1.8,1.8,1.8,1.8,1.8,1.8,1.8,1.8,1.8,1.8
28,豐原,33,細懸浮微粒,PM2.5,μg/m3,2015-01-23,32,19,7,1,8,9,14,10,10,12,17,34,35,42,52,57,57,49,45,48,45,50,41,41
28,豐原,38,相對濕度,RH,percent,2015-01-23,54,58,51,45,50,47,40,40,36,28,28,37,34,35,42,43,44,47,54,58,61,63,61,63
28,豐原,143,小時風速值,WS_HR,m/sec,2015-01-23,1.5,1.4,1.3,1.8,1,1.4,2.2,2.2,0.5,1.5,2,3.2,2.1,2.4,2.6,2,0.8,1,2.7,2.4,2.4,2.3,1.8,1.6
28,豐原,144,小時風向值,WD_HR,degrees,2015-01-23,66,66,57,63,56,80,102,98,95,205,201,212,236,292,307,314,62,84,108,118,111,109,110,98
29,沙鹿,1,二氧化硫,SO2,ppb,2015-01-23,2.5,2.7,3.4,3.5,3.1,3.2,3.1,3.6,5.2,5.1,4.2,5,5.8,6.4,6.7,4.6,4.6,4.4,4.7,5.4,4.5,4.8,6,5.7
29,沙鹿,2,一氧化碳,CO,ppm,2015-01-23,0.26,0.34,0.35,0.44,0.28,0.32,0.43,0.87,1.22,0.59,0.34,0.47,0.49,0.53,0.5,0.44,0.48,0.6,0.69,0.75,1.13,1.64,1.92,1.64
29,沙鹿,3,臭氧,O3,ppb,2015-01-23,42,31,27,18,23,21,7.1,6.9,8.4,15,29,42,56,66,70,68,59,47,30,31,7,3.9,4.3,3
29,沙鹿,4,懸浮微粒,PM10,μg/m3,2015-01-23,43,45,53,56,49,45,51,51,59,65,51,55,70,81,88,84,86,90,88,92,104,109,108,110
29,沙鹿,5,氮氧化物,NOx,ppb,2015-01-23,9.6,14,18,21,19,18,32,60,90,51,26,24,21,19,x,x,14,24,37,37,57,82,100,91
29,沙鹿,6,一氧化氮,NO,ppb,2015-01-23,0.7,0.8,0.8,1,0.9,0.8,2.7,25,50,20,6.9,4,2.6,1.8,x,x,0.7,0.7,1.3,1.3,6.5,30,46,29
29,沙鹿,7,二氧化氮,NO2,ppb,2015-01-23,8.9,13,17,19,18,17,29,35,40,31,19,20,18,17,x,x,13,23,36,36,50,52,54,61
29,沙鹿,10,風速,WIND_SPEED,m/sec,2015-01-23,2.9,2.4,2.9,1.4,3.2,1.7,0.6,0.9,1.1,1.5,1.7,2.5,2.2,4.9,4.8,5.6,3.8,2.2,2.2,1,0.5,0.7,0.6,1.1
29,沙鹿,11,風向,WIND_DIREC,degrees,2015-01-23,32,24,340,34,40,30,119,258,212,21,330,314,316,322,321,18,23,1.5,37,304,140,144,25,157
29,沙鹿,14,溫度,AMB_TEMP,℃,2015-01-23,14,12.3,11.5,10.4,10.4,10.3,9.2,10.6,12.2,14.4,16.7,18.6,19.6,19.8,19.6,19.2,18.5,17.6,16.6,16.6,15.3,15.2,15.2,15
29,沙鹿,33,細懸浮微粒,PM2.5,μg/m3,2015-01-23,11,16,19,24,20,15,19,19,25,29,22,26,x,x,,,,,,,,,,
29,沙鹿,38,相對濕度,RH,percent,2015-01-23,25,37,41,50,45,46,51,41,44,36,29,36,38,46,49,52,55,56,60,59,67,68,67,66
29,沙鹿,143,小時風速值,WS_HR,m/sec,2015-01-23,1.4,0.9,0.9,1.2,1.9,0.7,0.7,0.9,0.9,0.8,0.8,1.1,1.9,2.6,1.5,1.6,1,0.9,1.1,0.7,0.6,0.3,0.1,0.5
29,沙鹿,144,小時風向值,WD_HR,degrees,2015-01-23,29,34,12,35,28,2.7,34,18,222,353,348,327,327,316,328,355,7.3,19,35,353,343,124,304,48
30,大里,1,二氧化硫,SO2,ppb,2015-01-23,2.9,2.2,2.3,2.4,2.2,2.2,2.2,4.9,3.9,3.9,2.9,4.8,5.5,8.2,8.1,5.9,5,4.7,5.9,7.1,5.7,5,4,4.6
30,大里,2,一氧化碳,CO,ppm,2015-01-23,0.77,0.69,0.69,0.8,0.52,0.43,0.76,1.33,0.85,0.48,0.47,0.47,0.5,0.51,0.57,0.59,0.58,0.98,1.51,1.86,1.3,1.51,1.09,1.16
30,大里,3,臭氧,O3,ppb,2015-01-23,16,16,12,5.9,9.3,13,4.4,5.2,9.9,22,36,58,70,66,65,71,70,43,21,8.2,8,5.5,25,13
30,大里,4,懸浮微粒,PM10,μg/m3,2015-01-23,98,97,78,76,77,71,47,35,43,53,54,40,48,66,91,100,61,63,97,103,117,121,122,109
30,大里,5,氮氧化物,NOx,ppb,2015-01-23,26,23,22,27,21,18,39,79,65,40,30,24,24,33,36,30,x,42,65,86,68,74,42,49
30,大里,6,一氧化氮,NO,ppb,2015-01-23,1.5,1.6,1.3,3.3,2.8,2.2,16,55,37,16,8.5,5.1,3.7,4.5,4.8,4,x,2.3,2.5,15,8,14,3.9,4.7
30,大里,7,二氧化氮,NO2,ppb,2015-01-23,24,21,21,24,18,16,23,24,28,24,21,19,20,28,32,26,x,39,63,71,60,60,38,44
30,大里,8,總碳氫化合物,THC,ppm,2015-01-23,2.5,2.4,2.5,2.6,2.4,2.2,2.4,2.7,2.2,2.1,2,2,2,1.9,2,2,2,2.2,2.5,4.4,2.7,2.8,2.5,2.9
30,大里,9,非甲烷碳氫化合物,NMHC,ppm,2015-01-23,0.54,0.37,0.48,0.47,0.33,0.26,0.41,0.65,0.41,0.34,0.3,0.25,0.21,0.19,0.25,0.2,0.22,0.38,0.61,2.43,0.78,0.86,0.59,0.89
30,大里,10,風速,WIND_SPEED,m/sec,2015-01-23,0.9,0.8,0.8,0.5,1.4,0.8,0.9,1.5,0.8,1.5,1.1,1.6,2.6,2.9,2.9,2.1,2.1,1.2,1.1,1.4,0.7,0.5,1,1.1
30,大里,11,風向,WIND_DIREC,degrees,2015-01-23,262,184,251,74,165,252,255,222,207,60,147,256,274,268,281,313,330,327,55,162,252,257,47,82
30,大里,14,溫度,AMB_TEMP,℃,2015-01-23,12.8,12.3,11.6,11.1,10.8,10.8,10.5,10.7,12.8,16,18.3,19.6,20.4,20.9,21,20.2,19.6,18.9,18.5,17.4,16.2,15.6,15.5,14.8
30,大里,31,甲烷,CH4,ppm,2015-01-23,2,2,2.1,2.1,2,1.9,2,2,1.8,1.7,1.7,1.7,1.7,1.7,1.8,1.8,1.8,1.8,1.9,1.9,1.9,1.9,1.9,2
30,大里,33,細懸浮微粒,PM2.5,μg/m3,2015-01-23,61,47,46,55,49,39,29,31,29,19,12,14,30,49,57,55,57,56,64,72,73,75,68,68
30,大里,36,二氧化碳,CO2,ppm,2015-01-23,446,446,453,465,456,443,457,472,446,431,425,423,426,430,433,430,424,430,444,459,454,463,449,459
30,大里,38,相對濕度,RH,percent,2015-01-23,71,73,76,79,77,72,75,75,59,41,29,38,41,39,39,45,47,51,50,56,62,64,63,67
30,大里,143,小時風速值,WS_HR,m/sec,2015-01-23,0.6,0.5,0.7,0.5,0.7,0.2,0.6,0.9,1,0.3,0.7,1,1.1,2.4,2.4,1.8,0.8,1.2,1.1,0.9,0.7,0.2,0.7,0.6
30,大里,144,小時風向值,WD_HR,degrees,2015-01-23,176,217,234,239,181,193,246,188,223,276,63,231,261,270,281,305,349,325,35,120,180,269,50,119
31,忠明,1,二氧化硫,SO2,ppb,2015-01-23,2.4,2.4,2.4,2.3,2.2,2,2.5,3.9,5.5,3.5,2.6,4.6,5.9,6.9,6.6,5.4,5.3,5.6,6.1,6.7,7.7,5.7,7.4,7.7
31,忠明,2,一氧化碳,CO,ppm,2015-01-23,0.38,0.3,0.29,0.2,0.25,0.59,0.68,1.03,1.74,1,0.64,0.48,0.49,0.55,0.56,0.54,0.63,0.89,1.08,1.74,1.94,1.45,2.15,2.33
31,忠明,3,臭氧,O3,ppb,2015-01-23,29,28,21,21,14,5.6,2.1,2.6,3.7,17,34,49,60,68,67,65,56,35,21,3.7,2,2.8,2,1.9
31,忠明,4,懸浮微粒,PM10,μg/m3,2015-01-23,50,35,32,21,21,31,46,50,58,54,55,59,65,85,84,103,108,117,114,117,122,127,130,133
31,忠明,5,氮氧化物,NOx,ppb,2015-01-23,20,18,21,20,23,30,42,105,144,66,36,29,27,27,27,28,31,44,56,96,128,86,157,179
31,忠明,6,一氧化氮,NO,ppb,2015-01-23,1,1.1,1.3,0.5,1.1,4.2,13,69,101,28,8.7,6.9,3.8,2.8,3.8,3.2,2.2,1.7,1.2,23,57,18,86,110
31,忠明,7,二氧化氮,NO2,ppb,2015-01-23,19,17,19,20,22,26,29,35,43,38,27,22,24,24,23,25,28,43,55,73,71,68,70,69
31,忠明,8,總碳氫化合物,THC,ppm,2015-01-23,1.9,1.9,2,2,2,2.4,2.4,2.5,2.8,2.3,2,1.9,1.9,x,x,1.9,2,2.2,2.3,3,3.2,2.6,3.3,3.5
31,忠明,9,非甲烷碳氫化合物,NMHC,ppm,2015-01-23,0.16,0.13,0.17,0.15,0.18,0.34,0.36,0.47,0.71,0.43,0.28,0.16,0.16,x,x,0.16,0.21,0.36,0.46,1.03,1.23,0.69,1.22,1.33
31,忠明,10,風速,WIND_SPEED,m/sec,2015-01-23,1.2,1.1,1.2,1.1,0.5,0.5,0.7,1,0.8,0.9,1.5,1.7,1.3,2.8,2.7,2.6,1.5,1.2,1.4,0.7,1.3,0.5,0.5,0.4
31,忠明,11,風向,WIND_DIREC,degrees,2015-01-23,51,50,51,197,52,9.1,334,238,220,94,224,144,152,300,301,298,0.9,45,40,322,196,294,0.2,29
31,忠明,14,溫度,AMB_TEMP,℃,2015-01-23,15.1,15,14.4,14,13.1,12,11.3,12.2,13.3,15.3,18.3,20.1,21.3,21.7,21.1,20.6,20.2,19.4,18.8,18.4,17.6,17.3,16.5,16.2
31,忠明,31,甲烷,CH4,ppm,2015-01-23,1.8,1.8,1.8,1.8,1.8,2,2,2,2.1,1.9,1.8,1.7,1.7,x,x,1.8,1.8,1.8,1.8,1.9,2,1.9,2.1,2.2
31,忠明,33,細懸浮微粒,PM2.5,μg/m3,2015-01-23,25,12,6,13,20,28,29,25,22,29,35,36,32,40,46,48,54,53,58,61,71,73,79,80
31,忠明,38,相對濕度,RH,percent,2015-01-23,26,26,30,31,37,54,60,48,50,37,26,33,34,34,38,42,44,47,48,50,54,55,59,60
31,忠明,143,小時風速值,WS_HR,m/sec,2015-01-23,1.2,1.5,0.5,0.6,0.6,0.2,0.5,0.2,0.7,0.3,0.4,1.4,1,1.4,2.1,1.7,0.9,0.9,1.7,0.5,0.3,0.2,0.3,0.3
31,忠明,144,小時風向值,WD_HR,degrees,2015-01-23,57,42,54,70,52,240,332,11,219,146,161,168,190,281,296,316,348,17,38,25,238,172,338,353
32,西屯,1,二氧化硫,SO2,ppb,2015-01-23,2.7,3.6,3.4,3.1,2.9,3.2,3.5,4.5,4.7,4.3,3.5,4.8,5.7,7,6.7,4.9,4.6,4.9,5.4,5.6,4.9,6.1,6,5
32,西屯,2,一氧化碳,CO,ppm,2015-01-23,0.32,0.25,0.24,0.23,0.24,0.4,0.59,1.02,1.02,0.58,0.43,0.36,0.35,0.46,0.44,0.39,0.42,0.53,0.67,1.08,1.23,1.76,1.94,2.08
32,西屯,3,臭氧,O3,ppb,2015-01-23,31,28,21,26,22,2.8,1.6,2.8,4.3,11,24,49,70,65,69,71,64,53,37,13,4.2,1.7,1.6,1.3
32,西屯,4,懸浮微粒,PM10,μg/m3,2015-01-23,58,40,33,29,29,31,47,54,53,44,39,45,53,70,80,92,88,88,90,107,118,141,148,152
32,西屯,5,氮氧化物,NOx,ppb,2015-01-23,13,14,27,x,27,52,49,94,99,67,47,26,14,21,18,14,16,x,x,64,75,138,145,134
32,西屯,6,一氧化氮,NO,ppb,2015-01-23,0.9,1.1,6.1,x,7.7,20,21,62,61,32,13,4.9,0.5,1.1,1,0.4,0,x,x,7.9,9.2,71,80,76
32,西屯,7,二氧化氮,NO2,ppb,2015-01-23,12,13,21,x,19,33,28,32,38,35,34,21,13,20,17,14,16,x,x,56,66,67,65,57
32,西屯,8,總碳氫化合物,THC,ppm,2015-01-23,2,1.9,1.9,1.9,2,2.2,2.5,2.5,2.5,2.1,2.1,2,2,2.2,2.1,1.9,2,2.1,2.2,2.4,3,4.2,4.6,3.6
32,西屯,9,非甲烷碳氫化合物,NMHC,ppm,2015-01-23,0.14,0.12,0.11,0.11,0.13,0.25,0.45,0.55,0.49,0.27,0.28,0.18,0.2,0.36,0.3,0.11,0.15,0.23,0.3,0.51,1,2.02,2.34,1.37
32,西屯,10,風速,WIND_SPEED,m/sec,2015-01-23,2.5,1.2,1.7,0.7,1.5,1.1,1,1.2,1.6,1.6,1.9,2.9,2.3,3.2,3,3.6,2.9,2.4,1.7,0.9,1.1,0.5,0.7,1.7
32,西屯,11,風向,WIND_DIREC,degrees,2015-01-23,292,89,51,103,73,224,34,321,174,173,175,196,294,294,296,311,58,58,43,327,173,318,18,19
32,西屯,14,溫度,AMB_TEMP,℃,2015-01-23,13.5,13.4,12.7,12.4,11.5,10.6,9.6,10.4,13.5,15.9,18.3,20.3,21.1,21,20.5,20,19.4,18.2,17.2,16.7,16,15.3,14.9,14
32,西屯,21,酸雨,PH_RAIN,pH,2015-01-23,0,0,0,0,0,0,0,0,0,0,0,0,0,0,0,0,0,0,0,0,0,0,0,0
32,西屯,22,導電度,RAIN_COND,μmho/cm,2015-01-23,0,0,0,0,0,0,0,0,0,0,0,0,0,0,0,0,0,0,0,0,0,0,0,0
32,西屯,31,甲烷,CH4,ppm,2015-01-23,1.8,1.8,1.8,1.8,1.9,1.9,2.1,2,2,1.9,1.8,1.8,1.8,1.8,1.8,1.8,1.8,1.8,1.9,1.9,2,2.1,2.3,2.3
32,西屯,32,降雨強度,RAIN_INT,㎜,2015-01-23,0,0,0,0,0,0,0,0,0,0,0,0,0,0,0,0,0,0,0,0,0,0,0,0
32,西屯,33,細懸浮微粒,PM2.5,μg/m3,2015-01-23,43,31,21,15,15,29,34,38,28,26,22,29,39,51,51,51,47,48,51,64,76,83,83,76
32,西屯,38,相對濕度,RH,percent,2015-01-23,35,34,35,34,37,51,68,57,44,36,28,38,39,38,42,46,49,52,57,59,62,67,70,73
32,西屯,143,小時風速值,WS_HR,m/sec,2015-01-23,0.2,0.4,0.8,0.6,1.1,0.4,0.4,0.7,0.7,1.4,1.1,2.4,1.6,2.3,2.2,1.4,1.2,1.1,1.2,0.5,0.2,0.1,0.4,0.8
32,西屯,144,小時風向值,WD_HR,degrees,2015-01-23,287,321,47,51,55,139,13,26,175,174,159,185,217,296,299,310,47,41,46,13,319,254,6.4,1.3
33,彰化,1,二氧化硫,SO2,ppb,2015-01-23,5.6,3.2,3.6,3.3,2.2,1.6,3.2,1.8,1.7,4.7,7.8,9.9,11,14,13,6.7,4.7,4.4,3.9,4.3,3.8,3.4,3.9,4.3
33,彰化,2,一氧化碳,CO,ppm,2015-01-23,0.36,0.35,0.36,0.41,0.34,0.4,0.56,0.68,0.72,0.9,0.69,0.59,0.69,0.87,0.76,0.61,0.7,1.12,1.68,1.39,1.52,2.08,1.89,1.13
33,彰化,3,臭氧,O3,ppb,2015-01-23,30,29,22,18,24,17,12,14,20,15,24,28,43,54,61,66,60,32,7.1,12,4.1,2.5,1.9,21
33,彰化,4,懸浮微粒,PM10,μg/m3,2015-01-23,57,54,46,48,47,53,44,39,30,36,49,69,78,96,113,111,102,88,104,104,105,93,96,105
33,彰化,5,氮氧化物,NOx,ppb,2015-01-23,18,18,18,21,14,15,21,22,26,56,60,52,37,34,30,21,21,40,68,54,65,80,81,43
33,彰化,6,一氧化氮,NO,ppb,2015-01-23,0.4,0.3,0,0.4,0.4,0.1,3.1,5.2,6.7,21,18,15,5.8,4.4,2.8,1.4,0.6,0.9,6,2.5,8.7,25,28,8
33,彰化,7,二氧化氮,NO2,ppb,2015-01-23,17,17,18,20,14,15,18,17,19,35,43,37,32,30,28,20,20,39,62,52,56,55,53,35
33,彰化,8,總碳氫化合物,THC,ppm,2015-01-23,2.1,2.1,2.2,2.2,2.1,2.2,2.4,2.3,2.3,2.4,2.3,2.1,2,2,2,2,2,2.2,2.7,2.6,2.8,3.1,3.1,2.5
33,彰化,9,非甲烷碳氫化合物,NMHC,ppm,2015-01-23,0.24,0.23,0.33,0.26,0.18,0.23,0.4,0.37,0.34,0.44,0.42,0.29,0.21,0.16,0.16,0.16,0.19,0.36,0.69,0.64,0.71,0.91,0.89,0.52
33,彰化,10,風速,WIND_SPEED,m/sec,2015-01-23,1.2,1.1,0.8,0.8,0.5,0.5,1,0.5,0.9,1.7,1,1.4,2.2,3,2.7,2.2,1.7,1,0.5,0.6,0.5,0.5,0.5,0.6
33,彰化,11,風向,WIND_DIREC,degrees,2015-01-23,38,57,43,28,168,354,35,28,11,34,351,266,318,309,358,352,32,29,274,41,168,24,350,189
33,彰化,14,溫度,AMB_TEMP,℃,2015-01-23,14.3,13.8,12.7,11.9,11.6,10.9,10,10.3,13,14.9,17,19,20,20.3,19.7,19.2,18.9,18.1,17.5,16.7,16.1,15.3,14.9,15
33,彰化,31,甲烷,CH4,ppm,2015-01-23,1.9,1.9,1.9,1.9,1.9,2,2,1.9,1.9,1.9,1.9,1.8,1.8,1.9,1.8,1.8,1.8,1.9,2,2,2.1,2.2,2.2,2
33,彰化,33,細懸浮微粒,PM2.5,μg/m3,2015-01-23,39,33,36,29,31,22,25,21,25,26,41,45,52,52,62,65,57,64,61,65,62,63,65,64
33,彰化,38,相對濕度,RH,percent,2015-01-23,30,31,38,45,44,50,60,58,48,45,35,34,39,44,47,50,52,56,57,58,60,63,64,63
33,彰化,143,小時風速值,WS_HR,m/sec,2015-01-23,1.2,0.9,1,0.5,0.2,0.1,0.6,0.4,0.4,0.9,0.8,0.5,1.1,1.6,1.5,1.3,0.6,0.6,0.3,0.3,0.2,0.3,0.4,0.2
33,彰化,144,小時風向值,WD_HR,degrees,2015-01-23,44,48,39,22,97,29,36,40,351,32,359,307,322,309,319,321,354,35,25,42,136,58,6.9,38
34,線西,1,二氧化硫,SO2,ppb,2015-01-23,4.1,6.4,5.6,8.7,11,8.8,5.9,6.8,11,19,16,12,13,8.7,7.4,11,7.1,5.4,5.5,6.4,5.7,7.5,6.2,3.6
34,線西,2,一氧化碳,CO,ppm,2015-01-23,0.4,0.36,0.39,0.58,0.29,0.33,0.37,0.47,0.57,0.6,0.58,0.56,0.67,0.72,0.53,0.77,0.59,0.44,0.52,0.59,0.65,0.71,0.88,0.91
34,線西,3,臭氧,O3,ppb,2015-01-23,31,28,25,19,5.3,7.9,7.2,11,11,15,29,41,54,68,70,61,57,46,31,23,17,7.7,6.6,11
34,線西,4,懸浮微粒,PM10,μg/m3,2015-01-23,68,66,62,56,49,42,43,51,57,76,94,99,97,89,82,115,115,82,84,95,99,100,114,115
34,線西,5,氮氧化物,NOx,ppb,2015-01-23,18,22,22,26,40,32,30,36,53,53,37,30,28,18,13,23,19,21,30,37,39,49,53,45
34,線西,6,一氧化氮,NO,ppb,2015-01-23,1.6,1.4,1.5,1.3,5.2,2.6,2.8,10,25,24,12,7.2,5.2,2.9,1.9,2.3,1.9,1.3,1.1,1.2,1.3,2.7,3.1,1.6
34,線西,7,二氧化氮,NO2,ppb,2015-01-23,16,20,20,24,35,29,28,26,29,29,25,22,23,15,11,21,17,20,29,36,37,47,50,43
34,線西,8,總碳氫化合物,THC,ppm,2015-01-23,2.1,2.1,2,2,2,2,2.1,2.1,2.3,2,2,2,2,1.9,1.9,2,1.9,1.9,2,2.1,2.1,2.3,2.4,2.4
34,線西,9,非甲烷碳氫化合物,NMHC,ppm,2015-01-23,0.2,0.19,0.13,0.13,0.13,0.16,0.22,0.22,0.34,0.15,0.11,0.1,0.09,0.07,0.05,0.11,0.07,0.08,0.13,0.17,0.18,0.34,0.45,0.46
34,線西,10,風速,WIND_SPEED,m/sec,2015-01-23,2.8,3,3.6,3,2,1,2.3,1.6,1.1,2.7,3.2,3.9,3.8,5.6,5.1,4.6,3.7,2.5,1.9,1.7,1.8,1.9,1.8,1.9
34,線西,11,風向,WIND_DIREC,degrees,2015-01-23,42,37,40,38,40,82,60,69,329,52,113,79,65,243,95,46,41,32,34,36,31,66,65,85
34,線西,14,溫度,AMB_TEMP,℃,2015-01-23,13.3,13.3,12.9,12.2,11,10.3,9.5,10.1,12.2,15,16.9,17.9,18.8,19,19,18.7,18.3,17.4,16.5,15.9,15.3,14.8,14.7,14.6
34,線西,31,甲烷,CH4,ppm,2015-01-23,1.9,1.9,1.9,1.9,1.9,1.9,1.9,1.9,1.9,1.9,1.9,1.9,1.9,1.9,1.8,1.9,1.8,1.8,1.9,1.9,1.9,1.9,2,2
34,線西,33,細懸浮微粒,PM2.5,μg/m3,2015-01-23,40,34,33,33,30,31,30,30,34,38,43,49,48,47,46,69,70,47,47,56,62,67,74,78
34,線西,38,相對濕度,RH,percent,2015-01-23,43,44,52,46,48,50,54,49,49,41,47,49,50,53,54,57,58,63,66,68,70,72,71,70
34,線西,143,小時風速值,WS_HR,m/sec,2015-01-23,1.9,2.7,3.2,3,2.1,1.3,1.7,2,0.6,0.6,0.9,0.7,0.9,0.5,1.4,2.8,4.1,2.6,1.8,1.2,1.6,1.5,1.7,1.6
34,線西,144,小時風向值,WD_HR,degrees,2015-01-23,41,40,40,40,39,66,69,57,41,38,52,42,57,239,76,66,42,39,35,39,32,61,70,78
35,二林,1,二氧化硫,SO2,ppb,2015-01-23,1.2,3.6,4.8,4.3,4.1,4.7,5.4,3.8,4.3,4.6,9.8,5.6,6,7.7,7.9,6.4,10,8.1,5.8,4.5,3.5,3.6,4.1,5
35,二林,2,一氧化碳,CO,ppm,2015-01-23,0.41,0.38,0.34,0.41,0.36,0.33,0.38,0.44,0.47,0.39,0.45,0.39,0.38,0.42,0.43,0.42,0.6,0.64,0.6,0.58,0.66,0.69,0.71,0.75
35,二林,3,臭氧,O3,ppb,2015-01-23,30,28,24,21,23,20,14,8.8,16,28,34,53,63,75,82,73,58,51,38,26,14,9.6,6.8,3.1
35,二林,4,懸浮微粒,PM10,μg/m3,2015-01-23,101,87,69,62,60,68,59,60,60,62,62,64,83,91,102,98,88,91,101,124,125,131,128,134
35,二林,5,氮氧化物,NOx,ppb,2015-01-23,14,14,16,17,15,16,21,31,30,24,28,15,14,14,11,12,21,21,24,29,34,33,35,40
35,二林,6,一氧化氮,NO,ppb,2015-01-23,0.8,0.9,1,0.9,0.7,1.1,1,9.2,10,6.2,6.3,2.5,1.5,1.4,0.9,1.1,1.4,1.1,1,0.9,1,1.4,1.1,1.8
35,二林,7,二氧化氮,NO2,ppb,2015-01-23,14,13,15,16,14,15,20,22,20,18,22,12,12,13,10,11,20,20,23,28,33,32,34,38
35,二林,10,風速,WIND_SPEED,m/sec,2015-01-23,1.5,2.2,2,2.1,2.1,2.8,1.9,0.9,1.6,2,2.3,2.2,2.7,3.1,4.1,4.8,2.4,1.5,1.2,1.3,1.2,1.1,0.5,1.4
35,二林,11,風向,WIND_DIREC,degrees,2015-01-23,42,37,77,58,37,213,67,86,322,29,40,305,305,307,280,213,45,50,43,37,43,47,286,318
35,二林,14,溫度,AMB_TEMP,℃,2015-01-23,11.4,10.9,10.9,10,10.2,10.3,9.6,10.1,13.2,16.8,19.2,20.6,20.9,21,20.2,19.4,18.6,17.4,16.3,15.4,14.3,13.6,13.3,12.8
35,二林,33,細懸浮微粒,PM2.5,μg/m3,2015-01-23,73,59,48,44,44,45,42,39,44,47,47,41,44,55,60,59,58,63,68,75,73,75,75,77
35,二林,38,相對濕度,RH,percent,2015-01-23,56,56,55,62,62,59,63,69,62,44,32,36,40,43,47,51,58,64,70,74,80,84,84,86
35,二林,143,小時風速值,WS_HR,m/sec,2015-01-23,1.4,2,2,2,1.7,0.2,1.1,1,0.6,0.8,0.8,0.9,1.6,1.8,1.5,0.5,0.7,0.8,0.7,1.2,1,0.6,0.7,1.1
35,二林,144,小時風向值,WD_HR,degrees,2015-01-23,42,40,56,58,44,187,53,78,1.7,332,16,328,309,307,295,109,79,43,51,41,66,30,28,323
36,南投,1,二氧化硫,SO2,ppb,2015-01-23,2,1.4,1.1,0.7,0.5,0.5,0.4,1,1.6,2.2,2.5,4.3,3.6,3.3,4.7,11,8.5,6.8,7.3,5.1,4.3,4.2,3.7,3
36,南投,2,一氧化碳,CO,ppm,2015-01-23,0.67,0.5,0.44,0.39,0.39,0.38,0.37,0.68,0.66,0.64,0.55,0.49,0.47,0.44,0.5,0.81,0.8,1.14,1.27,1.22,1.03,1.03,0.86,0.7
36,南投,3,臭氧,O3,ppb,2015-01-23,9.9,15,15,14,9.9,11,10,6.7,10,17,36,65,72,79,81,61,57,40,18,9,15,8.4,13,16
36,南投,4,懸浮微粒,PM10,μg/m3,2015-01-23,117,99,79,67,67,61,53,48,50,54,,111,108,105,114,125,127,127,128,130,123,120,119,110
36,南投,5,氮氧化物,NOx,ppb,2015-01-23,18,11,9.3,8.1,7.9,11,15,28,33,37,x,13,12,10,14,34,34,42,54,57,39,41,31,23
36,南投,6,一氧化氮,NO,ppb,2015-01-23,1.8,1.2,1.1,1.4,1.3,1.1,1.7,11,17,16,x,1.1,1.1,0.7,0.9,2.5,1.7,1.1,3,3.9,1.6,2,1.1,0.6
36,南投,7,二氧化氮,NO2,ppb,2015-01-23,17,10,8.2,6.7,6.6,10,13,17,16,21,x,12,11,9.7,13,32,33,41,51,53,38,39,30,22
36,南投,8,總碳氫化合物,THC,ppm,2015-01-23,2.1,2,2,1.9,2,2,2,2.1,2,2,2,1.9,1.9,1.9,1.9,2.1,2,2.5,2.6,2.4,2.2,2.3,2.2,2.1
36,南投,9,非甲烷碳氫化合物,NMHC,ppm,2015-01-23,0.24,0.16,0.12,0.12,0.13,0.14,0.13,0.23,0.23,0.23,0.13,0.12,0.11,0.09,0.13,0.29,0.23,0.61,0.71,0.47,0.36,0.39,0.29,0.21
36,南投,10,風速,WIND_SPEED,m/sec,2015-01-23,1,1.6,1.2,1.5,1.3,1.5,1.4,1.3,0.7,0.7,2.9,2.2,2.6,2.4,2.5,2.5,1.8,0.8,1.3,1.3,0.9,1.1,1.4,1.1
36,南投,11,風向,WIND_DIREC,degrees,2015-01-23,175,189,160,195,163,177,173,132,115,183,207,213,233,242,291,306,306,228,154,196,194,146,169,145
36,南投,14,溫度,AMB_TEMP,℃,2015-01-23,11.7,10.8,10.1,9.5,8.9,9.2,8.9,9.4,11.6,16,19.6,21.2,22.1,22.7,22.7,21.9,20.9,19.9,18.2,16.9,15.7,15,14.2,13.6
36,南投,21,酸雨,PH_RAIN,pH,2015-01-23,0,0,0,0,0,0,0,0,0,0,0,0,0,0,0,0,0,0,0,0,0,0,0,0
36,南投,22,導電度,RAIN_COND,μmho/cm,2015-01-23,0,0,0,0,0,0,0,0,0,0,0,0,0,0,0,0,0,0,0,0,0,0,0,0
36,南投,31,甲烷,CH4,ppm,2015-01-23,1.9,1.9,1.8,1.8,1.9,1.9,1.8,1.8,1.8,1.8,1.8,1.8,1.8,1.8,1.8,1.8,1.8,1.8,1.9,1.9,1.9,1.9,1.9,1.9
36,南投,32,降雨強度,RAIN_INT,㎜,2015-01-23,0,0,0,0,0,0,0,0,0,0,0,0,0,0,0,0,0,0,0,0,0,0,0,0
36,南投,33,細懸浮微粒,PM2.5,μg/m3,2015-01-23,74,56,45,38,35,35,28,23,22,22,,49,50,52,55,65,66,60,68,76,70,67,66,63
36,南投,38,相對濕度,RH,percent,2015-01-23,82,82,83,83,84,80,76,74,65,45,40,48,45,40,38,42,45,49,57,64,69,72,75,78
36,南投,143,小時風速值,WS_HR,m/sec,2015-01-23,0.8,1.1,1.3,1.3,1.4,1.1,1.4,1.3,1.2,0.5,0.6,2.6,2.3,2.1,1.4,2.6,1.5,1,0.7,1.2,1.1,0.8,1.2,0.9
36,南投,144,小時風向值,WD_HR,degrees,2015-01-23,194,192,182,194,150,183,180,148,140,99,195,211,222,244,280,299,305,287,204,191,173,188,186,149
37,斗六,1,二氧化硫,SO2,ppb,2015-01-23,2.5,4.5,4,3.5,2.9,2.7,3.9,5.2,3.9,5.2,7.2,6.3,6.9,6.1,4.9,x,6.9,7.9,6.7,3.6,2.8,2.2,2,1.9
37,斗六,2,一氧化碳,CO,ppm,2015-01-23,0.55,0.46,0.39,0.24,0.25,0.25,0.43,0.65,0.81,0.64,0.5,0.48,0.52,0.46,0.47,0.51,x,0.79,1.02,1.12,0.83,0.85,0.79,0.65
37,斗六,3,臭氧,O3,ppb,2015-01-23,26,27,23,22,18,16,8.2,8.4,17,29,30,45,69,58,x,81,77,54,21,44,45,35,30,27
37,斗六,4,懸浮微粒,PM10,μg/m3,2015-01-23,119,94,62,44,24,23,33,47,52,60,74,89,98,95,x,102,104,113,125,178,195,200,161,141
37,斗六,5,氮氧化物,NOx,ppb,2015-01-23,21,18,18,8.7,9.8,10,23,38,37,33,35,23,15,19,x,x,x,x,x,x,x,x,x,x
37,斗六,6,一氧化氮,NO,ppb,2015-01-23,2.3,2.2,2.2,1.2,0.9,1,3.3,14,11,8,8.5,3.1,1.3,1.5,x,x,x,x,x,x,x,x,x,x
37,斗六,7,二氧化氮,NO2,ppb,2015-01-23,18,16,16,7.5,8.9,9.4,20,24,26,25,26,20,13,17,x,x,x,x,x,x,x,x,x,x
37,斗六,10,風速,WIND_SPEED,m/sec,2015-01-23,0.7,0.7,0.7,0.6,0.7,0.7,0.6,0.9,0.8,1.3,1.8,2.2,2.3,x,2.1,3,1.6,0.9,1.4,1.6,1.5,0.9,1,0.9
37,斗六,11,風向,WIND_DIREC,degrees,2015-01-23,113,49,131,131,175,79,53,140,271,269,271,250,240,x,301,43,350,29,114,117,114,32,28,39
37,斗六,14,溫度,AMB_TEMP,℃,2015-01-23,13.7,13.4,12.6,11.6,11.6,10.6,10.3,11.8,15.2,17.7,20.2,21.8,22.9,23.4,23.2,22.3,21.1,20,18.8,17.3,17,16.5,15.7,14.9
37,斗六,33,細懸浮微粒,PM2.5,μg/m3,2015-01-23,87,54,34,24,21,8,16,20,32,35,36,41,35,44,x,60,63,68,61,120,133,141,94,87
37,斗六,38,相對濕度,RH,percent,2015-01-23,67,64,63,60,58,63,65,57,47,47,42,42,43,41,41,45,47,51,57,64,65,67,71,74
37,斗六,143,小時風速值,WS_HR,m/sec,2015-01-23,0.6,0.6,0.7,0.5,0.5,0.5,0.5,0.3,0.4,1,1.5,1.4,1.9,x,x,0.8,0.7,0.9,0.7,1.6,1.2,0.8,0.6,0.7
37,斗六,144,小時風向值,WD_HR,degrees,2015-01-23,105,91,56,113,154,66,48,80,170,276,278,268,252,x,x,17,353,30,82,121,113,78,72,49
38,崙背,1,二氧化硫,SO2,ppb,2015-01-23,3.2,2.4,2.9,3.4,3.3,3.4,3.7,4.7,5.3,6.4,7.4,4.9,4.7,4.7,4.9,4.4,5.3,7.6,5.3,5.1,4.6,4,3.1,3.1
38,崙背,2,一氧化碳,CO,ppm,2015-01-23,0.5,0.45,0.42,0.4,0.44,0.44,0.47,0.77,0.58,0.43,0.47,0.36,0.39,0.45,0.49,0.47,0.5,0.74,0.78,0.9,1.02,1.02,0.85,0.86
38,崙背,3,臭氧,O3,ppb,2015-01-23,22,22,22,21,18,16,9.7,6.4,12,21,30,50,61,70,72,68,59,42,32,22,17,7.5,8.2,6.4
38,崙背,4,懸浮微粒,PM10,μg/m3,2015-01-23,110,85,73,61,57,64,64,67,67,82,80,39,41,72,88,98,96,106,115,135,142,152,152,149
38,崙背,5,氮氧化物,NOx,ppb,2015-01-23,17,16,15,16,17,18,25,46,39,27,23,12,11,13,13,13,16,27,27,29,32,39,28,29
38,崙背,6,一氧化氮,NO,ppb,2015-01-23,0.2,0.2,0.2,0.5,0.5,0.6,1.9,15,13,7.8,5.3,1.4,0.9,0.2,0.2,0.3,0.6,0.5,0.3,0.6,0.5,2.6,1.3,1
38,崙背,7,二氧化氮,NO2,ppb,2015-01-23,17,16,14,16,16,18,23,31,25,20,17,11,11,12,13,13,15,27,27,29,32,37,27,28
38,崙背,10,風速,WIND_SPEED,m/sec,2015-01-23,1.8,1.6,2,1.6,1.3,1.8,1.9,1.1,1.2,2.2,2.3,1.5,2.7,2.8,3.6,3.1,2.8,2.1,1.6,1.2,1.1,1.7,1,1.8
38,崙背,11,風向,WIND_DIREC,degrees,2015-01-23,8.2,34,43,26,37,34,39,41,285,314,312,264,268,308,310,301,303,306,31,329,45,323,299,324
38,崙背,14,溫度,AMB_TEMP,℃,2015-01-23,11.6,11.4,11.2,11.2,10.4,10,10.2,11.2,12.7,14.9,17.7,19.7,20.5,20.1,19.5,19.1,18.7,17.6,16.5,16,15.7,15,13.7,13.4
38,崙背,21,酸雨,PH_RAIN,pH,2015-01-23,0,0,0,0,0,0,0,0,0,0,0,0,0,0,0,0,0,0,0,0,0,0,0,0
38,崙背,22,導電度,RAIN_COND,μmho/cm,2015-01-23,0,0,0,0,0,0,0,0,0,0,0,0,0,0,0,0,0,0,0,0,0,0,0,0
38,崙背,32,降雨強度,RAIN_INT,㎜,2015-01-23,0,0,0,0,0,0,0,0,0,0,0,0,0,0,0,0,0,0,0,0,0,0,0,0
38,崙背,33,細懸浮微粒,PM2.5,μg/m3,2015-01-23,77,66,61,50,49,52,48,46,44,48,51,x,43,51,56,67,69,77,72,81,93,114,112,115
38,崙背,38,相對濕度,RH,percent,2015-01-23,55,51,49,47,52,55,54,52,49,46,33,35,39,43,47,49,50,58,67,69,70,74,80,81
38,崙背,143,小時風速值,WS_HR,m/sec,2015-01-23,0.2,0.5,1.6,1.3,0.6,0.6,1.1,1.3,0.7,1.5,1.5,1,1.6,2.7,2.8,2.3,1.5,1.4,0.4,0.4,1,1,1,1
38,崙背,144,小時風向值,WD_HR,degrees,2015-01-23,39,339,40,37,15,355,44,37,340,302,291,272,264,292,309,306,307,307,326,22,36,349,311,316
39,新港,1,二氧化硫,SO2,ppb,2015-01-23,3.9,2.6,1.9,1.6,2.2,2.7,2.7,3.2,5.7,5.2,3.9,3.8,4.2,4.5,4.5,4,3.6,3.8,4.4,5.7,4.8,3.9,3,2.5
39,新港,2,一氧化碳,CO,ppm,2015-01-23,0.77,0.86,0.84,0.8,0.78,0.75,0.75,0.95,0.78,0.45,0.42,0.41,0.43,0.43,0.47,0.48,0.51,0.57,0.71,0.82,0.86,1.07,1.05,0.84
39,新港,3,臭氧,O3,ppb,2015-01-23,17,14,5.5,2.7,4.9,5.3,3.7,3.8,7,16,33,54,74,82,84,80,76,59,42,26,19,7.9,4.1,8.2
39,新港,4,懸浮微粒,PM10,μg/m3,2015-01-23,140,146,159,157,149,132,119,101,89,82,94,92,100,102,137,151,159,143,145,146,157,169,172,176
39,新港,5,氮氧化物,NOx,ppb,2015-01-23,30,30,32,34,32,31,36,56,67,36,22,14,12,11,13,12,13,19,26,33,34,42,46,30
39,新港,6,一氧化氮,NO,ppb,2015-01-23,1,0.9,1.4,3.7,3.5,3.3,7.6,27,38,13,5.6,2.2,1.7,1.6,1.4,1.1,1.4,1.4,1.5,1.8,1.6,3.3,7.9,2.5
39,新港,7,二氧化氮,NO2,ppb,2015-01-23,29,29,31,30,28,27,29,29,29,23,17,12,10,9.7,11,11,11,17,25,31,32,39,38,27
39,新港,10,風速,WIND_SPEED,m/sec,2015-01-23,0.6,0.6,0.5,0.9,0.7,1.7,0.9,1,1.3,1.6,1.4,1.7,3.2,3.8,4.2,3.1,2.1,1.7,1.3,1,1.1,0.7,1.1,1.4
39,新港,11,風向,WIND_DIREC,degrees,2015-01-23,75,49,151,278,350,45,56,79,281,293,289,221,278,298,291,295,303,311,310,315,11,17,287,329
39,新港,14,溫度,AMB_TEMP,℃,2015-01-23,11.5,11.3,10.1,9,9.4,9.7,9.3,9.4,11.6,15.1,17.7,19.6,21.1,21.3,20.9,19.7,19.1,17.9,16.5,15.8,14.9,14.4,14,13.1
39,新港,33,細懸浮微粒,PM2.5,μg/m3,2015-01-23,88,94,101,89,75,66,61,54,54,43,37,29,35,48,51,58,55,62,62,69,76,86,89,89
39,新港,38,相對濕度,RH,percent,2015-01-23,73,80,84,87,84,75,69,69,73,55,45,45,47,47,49,53,55,61,66,70,75,78,80,84
39,新港,143,小時風速值,WS_HR,m/sec,2015-01-23,1.1,0.5,0.3,0.3,0.2,0.3,0.5,0.7,0.2,1.5,1.8,0.6,1.9,2.9,3.5,3,1.8,1,0.5,0.5,0.7,0.4,0.4,1
39,新港,144,小時風向值,WD_HR,degrees,2015-01-23,91,72,297,215,358,41,58,73,2.9,292,291,261,254,288,293,299,302,314,320,325,331,20,316,302
40,朴子,1,二氧化硫,SO2,ppb,2015-01-23,3.6,4.4,3.3,3.6,3.1,3,3.2,3.8,5.2,5.5,3.9,4.5,5,8,8.1,7.8,4.2,4,3.3,3.4,3.5,4.2,4,3.5
40,朴子,2,一氧化碳,CO,ppm,2015-01-23,0.62,0.72,0.75,0.73,0.49,0.46,0.47,0.68,0.69,0.59,0.42,0.44,0.45,0.47,0.5,0.49,0.47,0.55,0.74,0.71,0.66,0.64,0.72,0.68
40,朴子,3,臭氧,O3,ppb,2015-01-23,28,19,12,16,17,13,11,8.4,13,19,35,56,76,74,77,76,76,62,45,35,33,29,21,18
40,朴子,4,懸浮微粒,PM10,μg/m3,2015-01-23,139,138,149,154,136,110,92,90,95,94,83,93,97,109,107,114,116,126,132,145,151,150,155,163
40,朴子,5,氮氧化物,NOx,ppb,2015-01-23,22,30,32,25,20,19,23,38,41,36,22,17,14,19,20,21,14,18,23,26,23,22,25,22
40,朴子,6,一氧化氮,NO,ppb,2015-01-23,0,0.1,1.1,2.3,1.6,1.7,2.5,14,15,13,6.2,3.7,2.8,3.1,3,2.8,2,1.7,1.8,2.3,2.1,2.1,2.1,1.9
40,朴子,7,二氧化氮,NO2,ppb,2015-01-23,22,30,31,23,18,17,20,24,25,22,16,13,11,16,17,19,12,17,21,24,21,20,23,20
40,朴子,10,風速,WIND_SPEED,m/sec,2015-01-23,1,0.5,0.8,1,1.5,1.4,1.4,1.3,1,1.7,1.8,1.8,2.5,2.5,3.1,3.1,2,1.9,1.3,1.2,1.2,0.7,1.2,1
40,朴子,11,風向,WIND_DIREC,degrees,2015-01-23,50,63,275,318,314,56,42,66,328,279,357,218,254,289,306,344,332,325,319,321,42,52,318,360
40,朴子,14,溫度,AMB_TEMP,℃,2015-01-23,14,13.4,12.6,12.7,12.4,11.5,11.1,12,14.6,17.1,19.6,21.6,23.1,23.3,22.8,21.7,20.6,19.3,18.1,17.4,16.6,16,15.9,15.3
40,朴子,33,細懸浮微粒,PM2.5,μg/m3,2015-01-23,68,73,94,95,76,47,31,29,40,35,41,29,28,26,40,48,53,64,73,82,73,82,79,88
40,朴子,38,相對濕度,RH,percent,2015-01-23,61,70,75,74,58,57,57,55,49,43,34,34,33,36,38,41,45,54,61,67,73,75,76,80
40,朴子,143,小時風速值,WS_HR,m/sec,2015-01-23,1.3,0.9,0.3,1.1,1,0.5,0.9,1,0.5,1.2,1.3,0.7,1.5,2.2,2,1.8,0.7,0.7,0.9,0.9,0.6,0.7,0.8,0.6
40,朴子,144,小時風向值,WD_HR,degrees,2015-01-23,68,42,319,291,320,51,45,60,44,286,290,230,253,287,296,317,329,332,323,322,347,42,329,323
41,臺西,1,二氧化硫,SO2,ppb,2015-01-23,3.1,6.9,7.9,4.7,4.7,12,7.5,10,12,9.5,4.6,4.6,5.7,7.4,6.4,4.3,4,3.4,3.9,4.5,5,4,5.2,4.9
41,臺西,2,一氧化碳,CO,ppm,2015-01-23,0.36,0.41,0.52,0.45,0.46,0.59,0.46,0.75,0.72,0.49,0.32,0.36,0.44,0.46,0.42,0.39,0.38,0.39,0.4,0.47,0.62,0.67,0.72,0.77
41,臺西,3,臭氧,O3,ppb,2015-01-23,46,41,32,22,19,19,24,11,19,30,48,58,69,75,77,75,72,69,63,51,37,26,25,21
41,臺西,4,懸浮微粒,PM10,μg/m3,2015-01-23,79,62,68,75,78,81,75,78,84,72,62,66,71,77,79,77,88,93,84,89,105,122,126,133
41,臺西,5,氮氧化物,NOx,ppb,2015-01-23,8.6,9.1,17,17,18,24,22,43,35,26,13,10,11,13,11,8.8,8.9,8.4,9.1,13,20,23,24,27
41,臺西,6,一氧化氮,NO,ppb,2015-01-23,0.4,0.2,0.3,1,0.9,0.8,0.7,13,11,7.5,3.2,1.8,1.3,1.4,1.4,0.7,0.8,0.6,0.7,0.6,0.9,0.7,0.8,0.6
41,臺西,7,二氧化氮,NO2,ppb,2015-01-23,8.2,8.9,16,16,17,23,21,30,24,18,9.5,8.4,9.2,12,10,8.2,8.1,7.7,8.3,12,19,23,24,26
41,臺西,8,總碳氫化合物,THC,ppm,2015-01-23,2.1,2,2.1,2.5,2.6,2.3,2.1,2.4,2.3,2,1.9,,,,1.9,1.9,1.9,1.9,1.9,2.1,2.2,2.5,2.3,2.7
41,臺西,9,非甲烷碳氫化合物,NMHC,ppm,2015-01-23,0.09,0.09,0.1,0.14,0.18,0.15,0.11,0.22,0.18,0.1,0.06,,,,0.08,0.05,0.04,0.05,0.05,0.09,0.15,0.21,0.2,0.26
41,臺西,10,風速,WIND_SPEED,m/sec,2015-01-23,5,2.9,2.5,2,2.6,3.9,2.7,2.7,3.3,4.2,5.1,5.5,6.4,7.2,7.3,7.9,6.7,4.7,3,2.2,2.4,2.2,2.1,2.6
41,臺西,11,風向,WIND_DIREC,degrees,2015-01-23,29,38,59,155,54,25,78,43,32,36,32,24,28,128,33,32,32,29,27,46,41,24,32,37
41,臺西,14,溫度,AMB_TEMP,℃,2015-01-23,15.1,14.7,14,11,10.5,12.7,12.9,11.1,13.6,16.1,17.6,18.4,18.8,19.2,18.7,18.1,17.6,17,16.5,16,15.7,15.4,15.5,15.2
41,臺西,31,甲烷,CH4,ppm,2015-01-23,2,2,2,2.3,2.4,2.1,2,2.2,2.1,1.9,1.8,,,,1.9,1.8,1.8,1.9,1.9,2,2.1,2.3,2.1,2.4
41,臺西,33,細懸浮微粒,PM2.5,μg/m3,2015-01-23,43,32,35,45,51,47,41,44,51,43,34,35,42,49,52,49,44,47,47,51,62,73,82,93
41,臺西,38,相對濕度,RH,percent,2015-01-23,43,44,54,61,61,60,58,59,52,50,58,58,60,59,62,66,69,74,78,80,78,81,80,80
41,臺西,143,小時風速值,WS_HR,m/sec,2015-01-23,4.9,3.5,3.2,1.7,1.6,3.8,3.9,2.3,1.9,3.3,3.8,4.8,3.2,1,3.3,6,6.8,4.9,3.4,2.3,2.4,2.1,2.1,2.2
41,臺西,144,小時風向值,WD_HR,degrees,2015-01-23,28,38,39,136,112,24,36,66,42,32,32,29,37,74,46,35,30,30,28,36,44,21,24,30
42,嘉義,1,二氧化硫,SO2,ppb,2015-01-23,2.4,1.7,1.6,1.7,1.9,2.2,3,1.9,3,6.8,3.8,4.5,4.9,3.9,4.9,5.5,4.8,4.5,5.7,3,2.2,2,1.7,1.8
42,嘉義,2,一氧化碳,CO,ppm,2015-01-23,0.52,0.38,0.4,0.6,0.4,0.54,0.6,0.8,0.78,0.53,0.56,0.55,0.53,0.43,0.47,0.58,0.69,0.92,1.18,1.04,0.73,0.68,0.61,0.56
42,嘉義,3,臭氧,O3,ppb,2015-01-23,19,20,14,4.5,5.8,5.6,6.9,5.1,15,32,37,54,69,78,80,78,73,58,45,29,40,41,41,38
42,嘉義,4,懸浮微粒,PM10,μg/m3,2015-01-23,138,100,55,52,48,53,57,59,65,68,81,100,119,117,121,112,127,122,139,131,123,102,95,96
42,嘉義,5,氮氧化物,NOx,ppb,2015-01-23,16,9.6,9.4,21,16,21,29,36,40,27,30,23,17,11,13,20,21,32,38,44,24,19,16,15
42,嘉義,6,一氧化氮,NO,ppb,2015-01-23,0.9,0.7,0.6,1.9,1.8,3.1,4.9,13,13,6.4,6.1,3.7,2.8,2,2,1.9,1.9,2.3,2.5,2.4,1.9,1.9,1.6,1.8
42,嘉義,7,二氧化氮,NO2,ppb,2015-01-23,15,8.9,8.7,19,14,18,24,23,27,21,24,19,15,8.7,11,18,19,30,36,41,22,17,14,13
42,嘉義,8,總碳氫化合物,THC,ppm,2015-01-23,2.1,2,2.2,2.5,2.3,2.5,2.3,2.2,2.1,2,2.1,2,2,1.9,1.9,1.9,2,2.1,2.3,2.3,2.1,2,2,2
42,嘉義,9,非甲烷碳氫化合物,NMHC,ppm,2015-01-23,0.22,0.14,0.26,0.41,0.27,0.35,0.33,0.37,0.27,0.21,0.23,0.17,0.14,0.09,0.11,0.15,0.17,0.27,0.44,0.38,0.22,0.19,0.16,0.15
42,嘉義,10,風速,WIND_SPEED,m/sec,2015-01-23,0.6,0.7,1.1,0.7,0.5,0.8,1,1,1,1.6,1.9,2.6,2.9,3.3,3.2,3.3,2,1.5,0.6,0.9,1,1.2,0.8,0.7
42,嘉義,11,風向,WIND_DIREC,degrees,2015-01-23,105,99,345,203,90,350,101,112,196,250,287,243,281,267,299,306,316,349,110,99,105,103,113,208
42,嘉義,14,溫度,AMB_TEMP,℃,2015-01-23,12.8,12.6,11.9,12.2,11.8,11.9,11.9,12.4,15,17.2,19.4,21.2,22,22.9,22.5,21.7,20.7,19.7,18.8,17.5,16.5,16.1,15.8,15.1
42,嘉義,31,甲烷,CH4,ppm,2015-01-23,1.9,1.9,2,2.1,2,2.2,2,1.9,1.8,1.8,1.9,1.9,1.9,1.8,1.8,1.8,1.8,1.8,1.9,1.9,1.8,1.8,1.9,1.9
42,嘉義,33,細懸浮微粒,PM2.5,μg/m3,2015-01-23,84,52,21,32,26,39,35,31,17,19,40,60,72,63,65,60,58,60,66,78,81,70,57,51
42,嘉義,38,相對濕度,RH,percent,2015-01-23,72,66,66,69,69,67,62,62,53,53,48,48,44,37,37,42,45,49,53,62,66,67,68,70
42,嘉義,143,小時風速值,WS_HR,m/sec,2015-01-23,0.7,0.7,0.3,0.3,0.3,0.4,0.3,0.9,0.6,1.3,1.6,1.8,2.6,2.4,2.2,2.7,1.9,1.1,0.9,1.2,1.2,1,0.7,0.4
42,嘉義,144,小時風向值,WD_HR,degrees,2015-01-23,101,108,46,168,136,350,67,106,138,228,261,249,251,260,277,308,318,327,68,97,101,100,112,147
43,新營,1,二氧化硫,SO2,ppb,2015-01-23,5.9,3.1,3,2.8,2.2,2.4,3,5,4.2,5.1,7.1,6,5.4,4.9,4.9,4.9,5.8,4.1,3.5,3.2,3.2,3.3,2.5,2.8
43,新營,2,一氧化碳,CO,ppm,2015-01-23,0.86,0.59,0.59,0.64,0.51,0.58,0.71,1,0.91,0.9,0.69,0.61,0.55,0.47,0.45,0.48,0.54,0.64,0.86,0.78,0.87,0.95,1.1,1.02
43,新營,3,臭氧,O3,ppb,2015-01-23,16,31,21,20,21,13,3,3.7,12,23,28,55,64,76,77,77,71,63,42,36,24,13,5.1,3.9
43,新營,4,懸浮微粒,PM10,μg/m3,2015-01-23,181,154,131,111,109,110,106,115,111,102,101,112,117,106,96,91,103,115,134,144,153,154,165,168
43,新營,5,氮氧化物,NOx,ppb,2015-01-23,36,17,16,19,14,21,40,59,40,38,46,25,23,14,13,13,19,22,37,34,36,43,49,52
43,新營,6,一氧化氮,NO,ppb,2015-01-23,1.4,1,1,0.9,0.8,0.9,8.1,30,14,11,13,3.9,3.4,2,1.5,1.3,1.3,0.9,1.1,1.1,1.2,2,4.7,9.5
43,新營,7,二氧化氮,NO2,ppb,2015-01-23,34,16,15,19,13,20,32,29,26,27,33,21,19,12,11,12,17,21,36,33,35,41,44,42
43,新營,8,總碳氫化合物,THC,ppm,2015-01-23,2.6,2.2,2.4,2.5,2.4,2.4,2.5,2.8,2.6,2.6,2.6,2.3,2.2,2,2,2,2.1,2.1,2.3,2.3,2.3,2.6,3.2,4
43,新營,9,非甲烷碳氫化合物,NMHC,ppm,2015-01-23,0.36,0.2,0.23,0.26,0.23,0.24,0.31,0.45,0.41,0.4,0.28,0.19,0.16,0.11,0.1,0.1,0.12,0.15,0.24,0.21,0.23,0.31,0.48,0.4
43,新營,10,風速,WIND_SPEED,m/sec,2015-01-23,1.4,1.5,1,1.5,1.4,1.4,0.9,0.5,0.6,1.1,1.4,1.7,2.5,2.6,2.5,2.8,2.3,1.3,1.1,1.2,0.8,0.9,0.7,1.3
43,新營,11,風向,WIND_DIREC,degrees,2015-01-23,47,85,49,33,49,351,25,40,251,263,295,269,277,286,304,319,12,23,314,356,359,210,195,320
43,新營,14,溫度,AMB_TEMP,℃,2015-01-23,13.4,13.9,12.3,12.3,11.7,11.5,11,11.2,13.2,16.3,18.9,20.4,21.3,21.5,21.4,20.9,20.2,19.1,18.1,17,16.3,15.8,15.2,14.9
43,新營,21,酸雨,PH_RAIN,pH,2015-01-23,0,0,0,0,0,0,0,0,0,0,0,0,0,0,0,0,0,0,0,0,0,0,0,0
43,新營,22,導電度,RAIN_COND,μmho/cm,2015-01-23,0,0,0,0,0,0,0,0,0,0,0,0,0,0,0,0,0,0,0,0,0,0,0,0
43,新營,31,甲烷,CH4,ppm,2015-01-23,2.2,2,2.2,2.2,2.2,2.2,2.2,2.3,2.2,2.2,2.3,2.1,2,1.9,1.9,1.9,1.9,2,2,2.1,2.1,2.3,2.7,3.6
43,新營,32,降雨強度,RAIN_INT,㎜,2015-01-23,0,0,0,0,0,0,0,0,0,0,0,0,0,0,0,0,0,0,0,0,0,0,0,0
43,新營,33,細懸浮微粒,PM2.5,μg/m3,2015-01-23,106,98,88,75,68,74,68,75,74,73,67,66,59,56,47,46,47,52,71,72,83,79,94,93
43,新營,38,相對濕度,RH,percent,2015-01-23,73,61,73,75,73,72,74,76,64,55,52,51,45,41,41,41,45,49,54,61,65,67,70,73
43,新營,143,小時風速值,WS_HR,m/sec,2015-01-23,0.8,1.3,1,1,1.4,0.8,0.7,0.4,0.2,0.8,1.1,0.8,1.9,2.2,2,1.5,0.8,0.9,0.5,0.7,0.6,0.1,0.9,0.7
43,新營,144,小時風向值,WD_HR,degrees,2015-01-23,49,74,58,42,40,31,28,65,209,263,262,246,271,271,289,309,350,25,351,334,343,216,194,293
44,善化,1,二氧化硫,SO2,ppb,2015-01-23,5.2,3.6,2.9,2.4,2.7,2.2,2.9,3.8,8.7,5.5,6.5,6,5.2,5.1,3.9,4.8,4.9,5,5,3.8,2.7,2.5,2.5,2.2
44,善化,2,一氧化碳,CO,ppm,2015-01-23,0.81,0.72,0.63,0.59,0.4,0.42,0.53,0.79,0.76,0.42,0.49,0.54,0.54,0.4,0.36,0.41,0.42,0.57,0.8,0.93,0.89,0.9,0.9,0.82
44,善化,3,臭氧,O3,ppb,2015-01-23,14,12,11,9.2,8.8,4.7,5.9,4,7,29,46,69,79,79,77,77,74,62,49,29,20,15,12,7.3
44,善化,4,懸浮微粒,PM10,μg/m3,2015-01-23,163,156,131,104,76,50,51,59,84,74,77,86,107,110,98,94,85,89,115,139,149,130,119,120
44,善化,5,氮氧化物,NOx,ppb,2015-01-23,33,26,19,16,15,19,19,38,59,28,23,25,23,14,11,13,15,23,29,40,38,38,38,38
44,善化,6,一氧化氮,NO,ppb,2015-01-23,1.3,1.3,1.2,1,1.2,2.3,2,17,30,7.5,3.7,2.6,2.3,1.5,1.3,1.3,1.3,1.1,1.1,1.3,1.4,1.6,1.3,1.6
44,善化,7,二氧化氮,NO2,ppb,2015-01-23,31,24,17,15,14,17,17,21,29,20,19,22,21,13,10,12,14,22,28,39,37,37,36,37
44,善化,10,風速,WIND_SPEED,m/sec,2015-01-23,0.5,0.8,0.4,0.4,0.4,0.6,0.5,0.4,1.3,1.1,2.9,2.5,2.8,3.6,3.7,3.2,2.8,2.8,1.3,0.6,0.5,0.5,0.4,0.4
44,善化,11,風向,WIND_DIREC,degrees,2015-01-23,59,142,135,22,326,292,4.4,119,141,133,204,294,298,288,310,319,330,322,333,26,301,150,152,51
44,善化,14,溫度,AMB_TEMP,℃,2015-01-23,14.1,13.6,13.1,12.9,12.7,12.5,12.6,12.9,15,17.7,20.6,21.7,22.4,22.3,22,21.2,20.3,19.7,18.5,17.3,16.1,15.4,15,14.8
44,善化,33,細懸浮微粒,PM2.5,μg/m3,2015-01-23,119,114,98,77,58,46,45,47,46,44,40,55,60,66,54,49,41,47,64,75,81,70,76,77
44,善化,36,二氧化碳,CO2,ppm,2015-01-23,448,453,453,456,451,452,457,462,457,436,436,434,431,427,421,423,424,435,438,442,447,449,452,463
44,善化,38,相對濕度,RH,percent,2015-01-23,79,82,83,83,83,83,83,83,74,60,55,53,48,44,45,49,48,51,59,64,73,76,79,80
44,善化,143,小時風速值,WS_HR,m/sec,2015-01-23,0.7,0.6,0.3,0.4,0.3,0.4,0.5,0.5,1,1.1,1.1,1.2,2.5,3.8,3.3,3.4,2.5,1.5,0.9,1,0.4,0.1,0.4,0.3
44,善化,144,小時風向值,WD_HR,degrees,2015-01-23,41,112,101,35,37,322,337,22,140,156,215,245,295,280,299,320,324,326,333,342,312,156,131,60
45,安南,1,二氧化硫,SO2,ppb,2015-01-23,4.2,3.6,4,2.8,2.8,3.6,4.5,4.9,6.8,9.2,7.2,6,5.1,4.7,3.9,4.4,4.2,4.7,5.8,4.8,3.8,3.4,4.1,3.5
45,安南,2,一氧化碳,CO,ppm,2015-01-23,0.82,0.87,0.8,0.68,0.68,0.62,0.72,0.99,1.07,0.73,0.84,0.64,0.44,0.35,0.35,0.4,0.42,0.56,0.81,0.88,0.8,0.87,0.71,0.96
45,安南,3,臭氧,O3,ppb,2015-01-23,13,4.9,9,13,3.1,4.3,6.8,5.8,7.3,20,53,70,74,76,78,80,76,66,39,33,41,33,29,8.9
45,安南,4,懸浮微粒,PM10,μg/m3,2015-01-23,184,179,166,144,127,109,110,114,127,125,129,145,143,121,96,89,99,95,108,124,141,149,140,138
45,安南,5,氮氧化物,NOx,ppb,2015-01-23,42,50,44,25,42,36,39,59,95,62,38,24,13,12,9.2,11,11,20,x,40,26,31,29,52
45,安南,6,一氧化氮,NO,ppb,2015-01-23,2.2,3.5,3.9,2.6,11,7.9,7.8,26,50,21,6.5,2.9,1.6,1.3,0.9,1.3,0.6,0.8,x,1.6,1.5,2.9,1.9,6.8
45,安南,7,二氧化氮,NO2,ppb,2015-01-23,40,47,40,23,31,28,31,33,45,42,31,21,12,10,8.3,9.3,10,19,x,39,25,28,27,46
45,安南,8,總碳氫化合物,THC,ppm,2015-01-23,2.5,2.6,2.5,2.5,2.6,2.6,2.6,2.7,2.7,2.9,2.4,2.2,2.1,2,2,2,2,2.1,2.4,2.6,2.5,2.6,2.8,2.9
45,安南,9,非甲烷碳氫化合物,NMHC,ppm,2015-01-23,0.32,0.36,0.35,0.33,0.34,0.3,0.34,0.43,0.51,0.87,0.41,0.25,0.14,0.09,0.08,0.08,0.1,0.19,0.38,0.57,0.43,0.45,0.6,0.64
45,安南,10,風速,WIND_SPEED,m/sec,2015-01-23,0.9,0.8,0.8,1.1,0.5,1.1,1,1,1.2,0.7,2,2.6,3.2,3.1,4.1,3.2,3.1,1.9,1.6,1.5,0.9,0.8,0.5,0.7
45,安南,11,風向,WIND_DIREC,degrees,2015-01-23,38,84,53,47,51,335,25,83,94,201,228,276,281,298,308,333,19,322,330,29,351,77,124,33
45,安南,14,溫度,AMB_TEMP,℃,2015-01-23,13.2,13.1,12.8,12.5,12.2,12.2,12.3,12.2,14.1,17.1,19.8,20.7,21.1,21.1,20.7,20.1,19.4,18.6,17.7,17,16.4,15.9,15.5,15
45,安南,31,甲烷,CH4,ppm,2015-01-23,2.1,2.2,2.2,2.1,2.2,2.3,2.2,2.3,2.2,2,2,2,1.9,1.9,1.9,1.9,1.9,1.9,2,2,2.1,2.2,2.2,2.2
45,安南,33,細懸浮微粒,PM2.5,μg/m3,2015-01-23,103,101,105,96,84,69,66,69,75,64,64,62,70,48,37,32,43,40,39,52,67,78,77,76
45,安南,38,相對濕度,RH,percent,2015-01-23,80,81,83,83,85,82,78,75,72,62,60,57,51,47,52,55,56,58,66,67,69,72,75,77
45,安南,143,小時風速值,WS_HR,m/sec,2015-01-23,0.6,0.6,0.5,0.7,0.4,0.6,0.6,0.6,0.8,0.5,1.2,1.5,2.5,2.7,2.6,1.7,1.5,1.3,1,0.6,0.5,0.4,0.4,0.6
45,安南,144,小時風向值,WD_HR,degrees,2015-01-23,55,58,52,53,71,27,26,56,90,156,221,278,279,286,307,314,330,323,326,354,14,3.7,102,17
46,臺南,1,二氧化硫,SO2,ppb,2015-01-23,5,4.9,4.1,4.1,3.7,3.2,5.2,5.2,6.1,5.6,6.7,5.4,4.1,4,3.3,3.6,3.4,3.7,4.9,4.1,3.6,3.1,3.7,3.7
46,臺南,2,一氧化碳,CO,ppm,2015-01-23,1.01,0.95,0.88,0.81,0.61,0.61,0.73,1.12,1.47,1.09,0.78,0.82,0.59,0.5,0.51,0.55,0.69,0.83,1.11,1.14,1.23,1.17,1.79,2.05
46,臺南,3,臭氧,O3,ppb,2015-01-23,20,17,17,16,16,14,11,9.2,12,25,50,68,71,75,75,77,71,63,49,39,31,33,11,2.7
46,臺南,4,懸浮微粒,PM10,μg/m3,2015-01-23,x,x,x,x,x,x,x,x,x,x,,,x,x,x,x,81,80,92,109,130,135,139,136
46,臺南,5,氮氧化物,NOx,ppb,2015-01-23,38,38,35,31,27,27,33,46,62,51,32,27,17,14,14,15,16,23,35,40,44,36,57,70
46,臺南,6,一氧化氮,NO,ppb,2015-01-23,1.4,1.6,1.3,1.1,0.9,1.1,1.8,9.8,19,12,4.8,3.2,2.2,1.3,1.4,1.2,1.2,1.1,1,1,1.2,1,2,9.8
46,臺南,7,二氧化氮,NO2,ppb,2015-01-23,37,37,33,30,26,26,31,37,43,39,27,24,15,12,13,14,15,22,34,39,43,35,55,61
46,臺南,8,總碳氫化合物,THC,ppm,2015-01-23,2.4,2.4,2.4,2.4,2.3,2.3,2.4,2.5,2.6,2.4,2.2,2.3,2.1,2,2,1.9,2,2.1,2.2,2.3,2.5,2.4,2.8,3
46,臺南,9,非甲烷碳氫化合物,NMHC,ppm,2015-01-23,0.35,0.4,0.38,0.33,0.32,0.37,0.35,0.53,0.59,0.44,0.3,0.43,0.23,0.17,0.19,0.13,0.18,0.25,0.38,0.4,0.54,0.45,0.77,0.89
46,臺南,10,風速,WIND_SPEED,m/sec,2015-01-23,1.8,1.4,1.3,1.3,0.9,1.9,1.5,1.4,1,1.1,2.1,2.2,2.5,2.9,3.5,2.8,2.5,1.6,1.3,1.1,1.3,0.8,0.5,0.6
46,臺南,11,風向,WIND_DIREC,degrees,2015-01-23,49,58,63,32,40,28,36,71,84,235,258,278,290,292,299,303,313,8.6,32,44,7.4,63,76,356
46,臺南,14,溫度,AMB_TEMP,℃,2015-01-23,14.7,14.5,14.3,14.2,13.9,13.7,13.4,13.5,15.3,17.9,20,20.5,20.9,20.8,20.5,19.8,19,18.3,17.8,17.4,16.9,16.4,16.1,15.8
46,臺南,31,甲烷,CH4,ppm,2015-01-23,2,2,2.1,2,2,2,2,2,2,1.9,1.9,1.9,1.8,1.8,1.8,1.8,1.8,1.8,1.9,1.9,1.9,2,2.1,2.2
46,臺南,33,細懸浮微粒,PM2.5,μg/m3,2015-01-23,102,105,102,96,73,60,51,57,62,57,54,59,55,51,36,39,38,40,48,57,68,65,71,77
46,臺南,38,相對濕度,RH,percent,2015-01-23,70,71,72,71,69,67,64,61,58,53,54,50,44,41,46,49,52,50,57,58,61,64,67,69
46,臺南,143,小時風速值,WS_HR,m/sec,2015-01-23,1.3,1.4,1.3,1.1,1.1,1.2,1.1,1.3,1,0.6,1.4,2,2,2.4,2.4,2.5,1.7,0.6,0.4,0.9,1,0.6,0.7,0.3
46,臺南,144,小時風向值,WD_HR,degrees,2015-01-23,54,46,59,45,38,31,43,44,80,139,254,271,283,288,301,304,316,359,3.1,37,34,50,63,108
47,美濃,1,二氧化硫,SO2,ppb,2015-01-23,1.2,1.4,1.5,1.4,1.4,1.3,1.3,1.6,1.7,2,3.3,2.6,2.7,4.8,7.2,5.4,3.4,4.1,3.9,2.8,2.1,1.9,1.8,1.6
47,美濃,2,一氧化碳,CO,ppm,2015-01-23,0.39,0.38,0.45,0.36,0.3,0.34,0.33,0.54,0.46,0.37,0.42,0.31,0.31,0.45,0.51,0.43,0.43,0.45,0.49,0.55,0.54,0.53,0.42,0.4
47,美濃,3,臭氧,O3,ppb,2015-01-23,33,27,16,20,26,17,18,16,24,37,58,65,66,84,93,84,76,73,67,52,44,37,42,41
47,美濃,4,懸浮微粒,PM10,μg/m3,2015-01-23,71,66,70,66,53,49,46,57,72,66,73,77,64,77,101,,90,88,90,93,87,79,72,64
47,美濃,5,氮氧化物,NOx,ppb,2015-01-23,10,9.2,12,8.4,7.2,10,11,24,20,13,11,6.8,7.2,12,16,x,14,15,17,19,19,19,14,12
47,美濃,6,一氧化氮,NO,ppb,2015-01-23,0.7,0.6,0.6,0.8,0.5,0.9,0.8,3.5,3.9,2.5,1.5,0.8,1.1,1.2,1.1,x,1.2,1.4,0.9,0.6,0.8,1.1,0.9,0.9
47,美濃,7,二氧化氮,NO2,ppb,2015-01-23,9.5,8.6,11,7.6,6.7,9.1,10,20,16,11,9.5,6.1,6.2,11,15,x,13,14,16,18,18,18,13,11
47,美濃,10,風速,WIND_SPEED,m/sec,2015-01-23,0.5,0.5,0.4,0.4,0.6,0.7,0.8,0.8,0.8,1,1.7,1.7,1.5,1.9,2,2.2,1.4,1.2,0.9,0.9,0.8,0.8,0.5,0.4
47,美濃,11,風向,WIND_DIREC,degrees,2015-01-23,52,317,45,73,9,149,71,24,197,274,57,224,221,295,292,291,289,251,284,75,52,46,62,84
47,美濃,14,溫度,AMB_TEMP,℃,2015-01-23,14.3,13.8,13.2,13,12.6,12.2,11.8,13,15.5,18.8,22.4,24.5,25.6,25,24.6,23.5,21.9,19.8,18.7,17,16,15.2,14.5,13.8
47,美濃,33,細懸浮微粒,PM2.5,μg/m3,2015-01-23,45,34,38,39,28,25,24,26,29,27,33,39,33,55,62,,37,39,39,39,47,40,37,31
47,美濃,38,相對濕度,RH,percent,2015-01-23,81,83,85,86,84,85,84,77,68,56,43,31,27,36,40,39,43,50,54,63,69,72,74,76
47,美濃,143,小時風速值,WS_HR,m/sec,2015-01-23,0.4,0.3,0.2,0.5,0.5,0.2,0.7,0.5,0.5,0.5,0.5,0.3,0.4,1.6,1.6,2.1,1.3,1,0.5,0.7,0.8,0.5,0.6,0.5
47,美濃,144,小時風向值,WD_HR,degrees,2015-01-23,73,70,346,73,50,64,77,51,161,241,351,301,330,284,292,288,290,263,299,81,65,57,60,61
48,橋頭,1,二氧化硫,SO2,ppb,2015-01-23,4.2,3.2,6.3,5.9,6.3,3.5,8.1,4.9,6.3,4.2,6,6.8,7.3,5.8,4.4,5.9,8.9,4.5,4.5,5.1,4.3,3.8,3.4,6.1
48,橋頭,2,一氧化碳,CO,ppm,2015-01-23,0.71,0.55,0.51,0.4,0.37,0.32,0.46,1.1,0.9,0.46,0.51,0.61,0.63,0.48,0.41,0.46,0.57,0.8,0.89,0.9,0.9,0.88,0.81,0.67
48,橋頭,3,臭氧,O3,ppb,2015-01-23,21,31,24,27,23,29,11,2.3,6.6,33,57,75,81,86,80,72,67,60,44,31,17,10,8.6,14
48,橋頭,4,懸浮微粒,PM10,μg/m3,2015-01-23,145,128,114,95,77,68,72,84,108,101,84,106,117,109,94,84,84,89,94,112,116,104,104,106
48,橋頭,5,氮氧化物,NOx,ppb,2015-01-23,30,17,23,16,18,12,35,103,107,28,20,23,22,18,15,22,24,27,39,47,58,58,53,40
48,橋頭,6,一氧化氮,NO,ppb,2015-01-23,2.2,1.5,1.6,0.3,0.1,0.4,4.3,66,67,6.5,2.6,2.3,1.7,1.2,1.2,1.3,1.4,0.5,0.7,0.5,1.5,4.1,5.3,2.3
48,橋頭,7,二氧化氮,NO2,ppb,2015-01-23,27,16,22,16,18,11,31,37,40,22,17,20,20,16,14,21,23,27,38,47,56,54,48,38
48,橋頭,10,風速,WIND_SPEED,m/sec,2015-01-23,1.6,1.6,1.8,1.8,1.6,1.7,0.7,0.9,1.8,1.6,1.7,3.1,3.8,3.4,4,3.7,3,1.8,1.6,1.2,0.8,0.9,0.9,1.1
48,橋頭,11,風向,WIND_DIREC,degrees,2015-01-23,55,62,70,86,73,67,47,64,86,89,246,265,275,288,301,307,311,355,37,49,87,54,78,100
48,橋頭,14,溫度,AMB_TEMP,℃,2015-01-23,13.4,13.2,13.1,13.1,13,13.2,13,12.9,15,18.8,20.8,21.6,21.3,21.6,21.1,20.4,20,19.4,18.7,17.8,17.2,16.3,15.2,14.4
48,橋頭,21,酸雨,PH_RAIN,pH,2015-01-23,0,0,0,0,0,0,0,0,0,0,0,0,0,0,0,0,0,0,0,0,0,0,0,0
48,橋頭,22,導電度,RAIN_COND,μmho/cm,2015-01-23,0,0,0,0,0,0,0,0,0,0,0,0,0,0,0,0,0,0,0,0,0,0,0,0
48,橋頭,32,降雨強度,RAIN_INT,㎜,2015-01-23,0,0,0,0,0,0,0,0,0,0,0,0,0,0,0,0,0,0,0,0,0,0,0,0
48,橋頭,33,細懸浮微粒,PM2.5,μg/m3,2015-01-23,81,64,66,54,44,28,53,47,56,32,46,61,63,47,34,41,39,49,50,70,61,58,61,61
48,橋頭,38,相對濕度,RH,percent,2015-01-23,74,75,75,75,76,72,71,73,69,53,51,52,55,52,51,56,54,54,55,57,59,64,67,69
48,橋頭,143,小時風速值,WS_HR,m/sec,2015-01-23,1.5,1.5,1.8,1.7,1.5,1.6,0.6,0.8,1.7,1.5,1,2.9,3.6,3.1,3.7,3.4,2.6,1.4,0.6,1,0.7,0.8,0.8,1
48,橋頭,144,小時風向值,WD_HR,degrees,2015-01-23,56,63,72,78,76,71,65,57,80,99,222,256,276,277,293,302,310,315,349,72,52,50,71,84
49,仁武,1,二氧化硫,SO2,ppb,2015-01-23,5.9,4,7.3,7.5,7.2,10,4.1,6.1,7.1,5.9,5.2,5.2,7.6,6,4.8,4,5.5,7.2,6.2,7.4,7.2,6.4,5.9,5.8
49,仁武,2,一氧化碳,CO,ppm,2015-01-23,0.87,0.72,0.63,0.56,0.53,0.46,0.51,1.26,0.71,0.45,0.49,0.64,0.66,0.52,0.45,0.46,0.53,0.72,0.8,0.79,0.94,1.05,0.98,0.7
49,仁武,3,臭氧,O3,ppb,2015-01-23,11,18,23,24,25,27,22,3.5,12,32,50,67,75,82,77,68,61,51,43,36,21,13,13,26
49,仁武,4,懸浮微粒,PM10,μg/m3,2015-01-23,182,167,151,137,132,107,87,82,99,115,120,123,130,129,119,107,102,104,105,75,85,100,144,135
49,仁武,5,氮氧化物,NOx,ppb,2015-01-23,40,28,21,19,20,20,27,90,59,32,23,28,29,23,23,26,30,37,41,43,58,62,53,35
49,仁武,6,一氧化氮,NO,ppb,2015-01-23,1.4,1.3,0.9,0.8,0.7,0.7,3.1,43,19,6.3,3.1,2.6,2.5,1.8,1.7,2,1.5,1.1,1,1.3,2.8,2.6,2.2,1
49,仁武,7,二氧化氮,NO2,ppb,2015-01-23,38,27,20,18,19,20,24,47,40,25,20,25,27,21,21,24,29,36,40,42,55,59,51,34
49,仁武,8,總碳氫化合物,THC,ppm,2015-01-23,2.7,2.6,2.4,2.4,2.4,2.2,2.2,2.5,2.2,2.1,2.1,2.1,2.1,2.1,2.1,2,2.1,2.2,2.3,2.3,2.5,2.6,2.6,2.5
49,仁武,9,非甲烷碳氫化合物,NMHC,ppm,2015-01-23,0.52,0.38,0.23,0.24,0.25,0.18,0.19,0.45,0.23,0.19,0.15,0.18,0.17,0.13,0.13,0.13,0.19,0.23,0.29,0.33,0.47,0.51,0.42,0.31
49,仁武,10,風速,WIND_SPEED,m/sec,2015-01-23,0.8,0.9,0.7,0.8,0.7,0.8,0.9,0.9,1.5,1.2,1.2,2.3,2.7,3.1,2.8,2.3,1.9,1.6,1.7,1,0.7,0.5,0.9,0.8
49,仁武,11,風向,WIND_DIREC,degrees,2015-01-23,193,91,86,96,104,123,131,91,94,18,289,275,284,284,291,308,303,320,313,38,112,91,82,110
49,仁武,14,溫度,AMB_TEMP,℃,2015-01-23,14.6,14.4,14.3,14.6,15,15,15,15.4,16.9,19.4,21.2,22,21.7,21.3,21,20.4,19.9,19.4,18.8,18.4,18,17.9,16.9,16.1
49,仁武,31,甲烷,CH4,ppm,2015-01-23,2.2,2.2,2.2,2.1,2.1,2,2,2.1,2,1.9,1.9,2,2,2,1.9,1.9,1.9,2,2,2,2,2.1,2.1,2.2
49,仁武,33,細懸浮微粒,PM2.5,μg/m3,2015-01-23,90,92,82,66,56,47,44,41,39,42,42,43,49,58,67,53,35,34,47,61,62,61,68,62
49,仁武,38,相對濕度,RH,percent,2015-01-23,71,71,71,72,70,65,62,61,54,47,46,46,52,52,50,55,55,53,54,53,54,55,59,61
49,仁武,143,小時風速值,WS_HR,m/sec,2015-01-23,0.4,0.7,0.6,0.7,0.6,0.7,0.8,0.7,1.3,0.8,0.7,1.8,2.4,2.8,2.5,2,1.6,1.2,1.2,0.4,0.4,0.3,0.8,0.7
49,仁武,144,小時風向值,WD_HR,degrees,2015-01-23,73,93,92,101,101,103,128,98,84,91,282,260,271,273,286,300,307,312,316,357,43,74,89,82
50,鳳山,1,二氧化硫,SO2,ppb,2015-01-23,5.9,6,5,2.8,2.2,2.6,2.4,2.9,5.4,5.9,5.9,9.3,7.3,6.4,4.9,3.8,3.6,6,7,5.2,7.1,6.2,6.1,4.6
50,鳳山,2,一氧化碳,CO,ppm,2015-01-23,1.04,0.89,0.62,0.41,0.37,0.38,0.44,0.86,0.81,0.56,0.58,0.95,0.88,0.74,0.56,0.55,0.6,0.78,0.95,0.83,1.03,1.21,1.23,0.91
50,鳳山,3,臭氧,O3,ppb,2015-01-23,6,13,26,37,37,33,30,20,20,29,48,53,60,73,72,66,64,49,35,47,33,27,16,26
50,鳳山,4,懸浮微粒,PM10,μg/m3,2015-01-23,192,188,172,134,92,71,67,68,70,82,97,97,111,126,123,111,97,100,113,123,132,132,140,138
50,鳳山,5,氮氧化物,NOx,ppb,2015-01-23,47,35,23,9.6,7.7,8.8,11,25,35,28,20,36,32,24,x,16,16,31,45,28,39,45,52,36
50,鳳山,6,一氧化氮,NO,ppb,2015-01-23,2.4,1.4,0.9,0.3,0.2,0.2,0.2,1.4,6.8,5,2.8,3.5,2.8,1.3,x,1.4,1.1,0.7,0.8,0.6,0.7,1.1,2.1,1.3
50,鳳山,7,二氧化氮,NO2,ppb,2015-01-23,44,34,22,9.4,7.5,8.5,11,24,28,23,17,33,29,23,x,15,15,30,44,28,38,44,50,35
50,鳳山,8,總碳氫化合物,THC,ppm,2015-01-23,2.7,2.8,2.4,2.2,2.1,2.1,2.1,2.3,2.3,2.2,x,2.3,2.3,2.2,2.1,2.1,2.1,2.2,2.4,2.3,2.4,2.5,2.7,2.6
50,鳳山,9,非甲烷碳氫化合物,NMHC,ppm,2015-01-23,0.49,0.53,0.27,0.2,0.13,0.13,0.16,0.33,0.32,0.26,x,0.3,0.29,0.21,0.15,0.13,0.15,0.23,0.37,0.28,0.35,0.42,0.51,0.38
50,鳳山,10,風速,WIND_SPEED,m/sec,2015-01-23,0.8,1.5,1.8,2,2,1.4,1.7,1.6,2.1,1.8,1.1,1.8,2.7,2.2,3.2,3.1,2.4,2,1.4,0.8,0.4,1,0.9,1.7
50,鳳山,11,風向,WIND_DIREC,degrees,2015-01-23,35,39,81,82,82,81,80,79,81,43,126,292,256,301,299,303,317,319,35,48,38,65,81,88
50,鳳山,14,溫度,AMB_TEMP,℃,2015-01-23,15.8,15.6,15.5,15.5,15.3,15.1,15.2,15.4,16.5,19,21.3,22.5,22.7,22.5,21.8,21,20.3,19.9,19.4,18.9,18.7,18.4,17.6,16.8
50,鳳山,21,酸雨,PH_RAIN,pH,2015-01-23,0,0,0,0,0,0,0,0,0,0,0,0,0,0,0,0,0,0,0,0,0,0,0,0
50,鳳山,22,導電度,RAIN_COND,μmho/cm,2015-01-23,0,0,0,0,0,0,0,0,0,0,0,0,0,0,0,0,0,0,0,0,0,0,0,0
50,鳳山,31,甲烷,CH4,ppm,2015-01-23,2.2,2.3,2.2,2,2,2,2,2,2,2,x,2,2,2,2,2,2,2,2,2,2,2.1,2.2,2.2
50,鳳山,32,降雨強度,RAIN_INT,㎜,2015-01-23,0,0,0,0,0,0,0,0,0,0,0,0,0,0,0,0,0,0,0,0,0,0,0,0
50,鳳山,33,細懸浮微粒,PM2.5,μg/m3,2015-01-23,89,82,81,60,44,30,24,20,24,24,34,34,50,64,65,45,36,36,38,43,44,47,49,54
50,鳳山,38,相對濕度,RH,percent,2015-01-23,67,68,67,67,64,63,58,58,53,47,42,36,41,47,46,52,53,52,51,50,50,50,55,59
50,鳳山,143,小時風速值,WS_HR,m/sec,2015-01-23,1,0.8,1.3,1.8,2,1.7,1.4,2,1.9,1.5,0.5,1.1,2.2,2.1,2.5,2.9,2.6,1.5,0.9,0.5,0.4,0.5,0.8,1.2
50,鳳山,144,小時風向值,WD_HR,degrees,2015-01-23,44,45,77,81,82,81,83,81,75,73,79,266,258,283,303,302,301,314,328,26,32,47,58,81
51,大寮,1,二氧化硫,SO2,ppb,2015-01-23,4.5,2.7,3.9,3.9,6,4.8,2.4,19,4.4,10,8.9,6.7,9,11,7.4,4.1,3.3,3.4,6.6,4,4.3,4.9,3.4,4
51,大寮,2,一氧化碳,CO,ppm,2015-01-23,0.97,0.97,0.75,0.64,0.42,0.4,0.38,0.92,0.64,0.66,0.4,0.35,0.56,0.68,0.52,0.45,0.48,0.54,0.77,0.73,0.69,0.8,1.09,0.9
51,大寮,3,臭氧,O3,ppb,2015-01-23,4.7,4,12,12,20,14,8.4,4,11,24,49,63,63,76,79,73,68,60,36,42,40,21,1.8,11
51,大寮,4,懸浮微粒,PM10,μg/m3,2015-01-23,135,133,126,110,100,94,84,91,94,103,98,72,80,95,100,94,86,83,91,99,102,108,111,136
51,大寮,5,氮氧化物,NOx,ppb,2015-01-23,42,40,30,23,16,19,26,66,51,50,24,13,25,29,27,22,21,25,43,35,30,44,63,43
51,大寮,6,一氧化氮,NO,ppb,2015-01-23,1.9,2.3,1.7,0.9,0.9,1,2.9,35,17,12,3.8,1.6,2.1,2.5,1.7,1.6,1.3,1.1,1,1.1,0.8,1.2,7.3,3.8
51,大寮,7,二氧化氮,NO2,ppb,2015-01-23,41,37,29,22,15,18,23,32,34,38,20,12,23,27,26,20,19,24,42,34,29,42,55,40
51,大寮,8,總碳氫化合物,THC,ppm,2015-01-23,2.8,2.9,2.9,2.9,2.7,2.5,2.5,2.5,2.4,2.6,2,1.9,2,2,2,2,2,2,2.1,2.2,2.2,2.7,3,3.2
51,大寮,9,非甲烷碳氫化合物,NMHC,ppm,2015-01-23,0.5,0.6,0.68,0.61,0.56,0.35,0.46,0.46,0.43,0.56,0.2,0.13,0.15,0.17,0.15,0.13,0.14,0.16,0.28,0.29,0.29,0.75,0.81,0.8
51,大寮,10,風速,WIND_SPEED,m/sec,2015-01-23,0.7,0.6,0.6,0.6,0.6,0.6,0.7,0.8,1.6,1.8,1.8,1.9,2.5,2.2,3.1,2.3,1.9,1.5,1.2,1.1,0.6,0.6,0.6,0.9
51,大寮,11,風向,WIND_DIREC,degrees,2015-01-23,295,239,263,282,164,209,282,57,47,50,343,175,256,262,277,290,300,302,292,310,306,248,234,33
51,大寮,14,溫度,AMB_TEMP,℃,2015-01-23,14,13.6,13.4,13,13.2,12.8,12.3,13.3,15.9,18.7,21.2,22.7,22.9,22.5,22.2,21.5,20.4,19.3,18.5,17.9,17.4,16.5,15.4,14.7
51,大寮,31,甲烷,CH4,ppm,2015-01-23,2.3,2.3,2.2,2.3,2.1,2.1,2.1,2.1,2,2,1.8,1.8,1.8,1.9,1.8,1.8,1.8,1.8,1.9,1.9,1.9,2,2.2,2.4
51,大寮,33,細懸浮微粒,PM2.5,μg/m3,2015-01-23,80,81,81,71,68,62,53,50,42,44,47,38,38,48,53,43,30,29,40,49,51,57,69,95
51,大寮,38,相對濕度,RH,percent,2015-01-23,76,79,79,82,79,78,76,73,58,52,40,28,30,36,37,39,46,48,49,50,50,56,66,70
51,大寮,143,小時風速值,WS_HR,m/sec,2015-01-23,0.4,0.5,0.2,0.4,0.6,0.4,0.2,0.4,1.4,1.6,1.1,0.7,1.2,2.1,2.4,2.1,1.3,1.2,1,0.8,0.5,0.2,0.5,0.4
51,大寮,144,小時風向值,WD_HR,degrees,2015-01-23,280,265,247,253,37,272,24,280,46,47,34,213,254,274,275,290,290,296,300,300,303,290,251,37
52,林園,1,二氧化硫,SO2,ppb,2015-01-23,8,6.2,4.9,3,2.3,2,2.4,2.4,3.3,3,4.1,5.1,5.7,7.3,8.9,4.8,5.3,6.8,6,7.2,6.1,6.4,4.6,3.2
52,林園,2,一氧化碳,CO,ppm,2015-01-23,0.84,0.81,0.73,0.69,0.54,0.53,0.41,0.42,0.51,0.59,0.5,0.41,0.42,0.48,0.46,0.4,0.4,0.54,0.58,0.74,0.73,0.71,0.8,0.78
52,林園,3,臭氧,O3,ppb,2015-01-23,15,19,22,18,20,19,20,23,22,31,60,76,99,85,91,84,78,62,59,39,41,40,31,24
52,林園,4,懸浮微粒,PM10,μg/m3,2015-01-23,125,113,102,96,75,68,52,52,43,65,72,62,56,74,68,61,58,67,77,91,93,99,98,111
52,林園,5,氮氧化物,NOx,ppb,2015-01-23,38,32,27,22,17,14,14,16,25,24,14,13,13,15,17,11,12,24,23,36,31,28,31,28
52,林園,6,一氧化氮,NO,ppb,2015-01-23,2.2,1.8,1.5,0.5,0.3,0.3,0.3,1.3,5.7,6,2.4,1,0.7,0.6,0.8,0.5,0.6,0.6,0.4,0.8,0.5,0.4,0.3,0.4
52,林園,7,二氧化氮,NO2,ppb,2015-01-23,36,30,25,21,16,13,14,15,20,19,12,12,12,14,16,11,12,23,23,35,31,28,31,27
52,林園,8,總碳氫化合物,THC,ppm,2015-01-23,2.6,3.1,3,3.8,3.3,3.3,2.7,2.6,2.4,2.4,2.1,2,2,2,2,2,2,2.2,2.4,2.2,2.2,2.3,2.4,2.9
52,林園,9,非甲烷碳氫化合物,NMHC,ppm,2015-01-23,0.27,0.52,0.39,0.97,0.5,0.31,0.33,0.29,0.15,0.08,0.05,0.04,0.05,0.04,0.04,0.04,0.04,0.22,0.38,0.18,0.09,0.2,0.07,0.17
52,林園,10,風速,WIND_SPEED,m/sec,2015-01-23,0.8,1.4,2.1,1.5,1.6,1.9,2,2.3,2.1,2.1,1.9,2.5,2.8,3.7,4.2,3.3,2.6,2.3,2,2.3,1.7,1.6,1.8,2
52,林園,11,風向,WIND_DIREC,degrees,2015-01-23,14,34,29,34,36,36,39,32,45,44,45,257,268,278,285,291,289,317,31,54,36,29,44,23
52,林園,14,溫度,AMB_TEMP,℃,2015-01-23,15.2,15.4,14.8,14.5,14,13.9,13.2,14.6,15.9,18.2,20.7,22.1,22.4,22.5,21.7,21.3,20.6,19.9,18.6,18,17.4,16.8,16.1,15.4
52,林園,31,甲烷,CH4,ppm,2015-01-23,2.3,2.6,2.6,2.8,2.8,3,2.4,2.3,2.2,2.3,2.1,2,2,2,2,1.9,1.9,1.9,2,2,2.1,2.1,2.3,2.7
52,林園,33,細懸浮微粒,PM2.5,μg/m3,2015-01-23,94,84,77,73,57,50,35,29,31,35,42,39,36,53,48,35,36,41,46,57,59,66,71,78
52,林園,38,相對濕度,RH,percent,2015-01-23,74,73,75,78,80,80,76,70,63,59,49,42,42,48,54,54,57,56,58,59,61,62,66,74
52,林園,143,小時風速值,WS_HR,m/sec,2015-01-23,1,1.3,1.5,1.3,1.9,1.7,1.6,2,2.4,2.3,1.7,1.1,2.4,3.3,3.9,3.4,2.9,1.4,1.2,2.3,1.9,1.6,1.9,1.7
52,林園,144,小時風向值,WD_HR,degrees,2015-01-23,48,39,32,37,38,37,34,32,34,41,43,260,260,277,283,283,295,303,29,38,35,31,45,36
53,楠梓,1,二氧化硫,SO2,ppb,2015-01-23,5.1,3.5,2.3,2.1,2.1,2.3,3.8,5,4.1,3,5.8,5.8,7.2,5.6,4.8,4.6,8.3,4.6,4.6,4.7,5.1,4.2,4.7,3.3
53,楠梓,2,一氧化碳,CO,ppm,2015-01-23,0.68,0.66,0.58,0.57,0.47,0.45,0.53,1.3,1.01,0.48,0.48,0.6,0.66,0.51,0.46,0.46,0.58,0.68,0.68,0.75,0.88,0.89,1.25,0.93
53,楠梓,3,臭氧,O3,ppb,2015-01-23,24,15,9.5,11,18,11,4.3,1.8,7.3,33,53,72,83,88,83,76,67,62,50,38,23,16,3.6,5.1
53,楠梓,4,懸浮微粒,PM10,μg/m3,2015-01-23,156,153,139,110,83,71,66,74,89,100,105,108,127,133,121,99,87,95,106,120,121,115,114,112
53,楠梓,5,氮氧化物,NOx,ppb,2015-01-23,29,35,40,36,30,31,49,100,97,31,24,26,21,16,15,16,24,25,33,42,55,59,99,75
53,楠梓,6,一氧化氮,NO,ppb,2015-01-23,1.8,2.7,4,3.9,2.2,1.9,11,56,50,7,3.3,3.3,2,1.1,1.4,1.3,1.6,1.5,1.4,1.3,2.2,5.4,42,20
53,楠梓,7,二氧化氮,NO2,ppb,2015-01-23,28,32,36,32,27,29,38,44,47,24,20,23,19,15,13,15,23,24,31,40,53,54,58,55
53,楠梓,8,總碳氫化合物,THC,ppm,2015-01-23,2.3,2.4,2.3,2.4,2.2,2.2,2.2,2.5,2.5,2,2.1,2.2,2.2,2.1,2.1,2.1,2,2.1,2.2,2.2,2.3,2.3,2.7,2.5
53,楠梓,9,非甲烷碳氫化合物,NMHC,ppm,2015-01-23,0.19,0.23,0.19,0.27,0.17,0.16,0.17,0.45,0.47,0.14,0.18,0.27,0.25,0.21,0.22,0.18,0.12,0.19,0.25,0.24,0.29,0.3,0.55,0.36
53,楠梓,10,風速,WIND_SPEED,m/sec,2015-01-23,1.7,1.2,1.7,1.2,1.2,1.2,0.6,0.9,1.5,1.3,1,1.9,3,2.4,3.7,3.8,2.6,2.1,0.7,0.9,0.8,0.8,1,1.1
53,楠梓,11,風向,WIND_DIREC,degrees,2015-01-23,44,81,75,81,57,55,100,59,90,81,252,279,283,260,298,300,309,327,57,44,28,58,72,81
53,楠梓,14,溫度,AMB_TEMP,℃,2015-01-23,14.2,14,13.8,14.1,14,13.7,13.5,14.3,16,18.9,21.2,22.2,22.2,22.1,21.6,20.6,19.8,19.3,18.4,18.1,17.7,17.2,16.2,15.6
53,楠梓,31,甲烷,CH4,ppm,2015-01-23,2.1,2.1,2.1,2.2,2.1,2.1,2,2,2,1.9,1.9,1.9,1.9,1.9,1.9,1.9,1.9,1.9,1.9,2,2,2,2.2,2.2
53,楠梓,33,細懸浮微粒,PM2.5,μg/m3,2015-01-23,85,85,72,59,46,41,37,34,33,38,41,45,48,58,52,46,39,44,43,55,55,67,62,58
53,楠梓,38,相對濕度,RH,percent,2015-01-23,74,74,76,77,75,76,74,68,63,53,48,49,55,52,51,56,56,56,57,56,58,59,65,68
53,楠梓,143,小時風速值,WS_HR,m/sec,2015-01-23,1.4,1.3,1.3,1.2,1.4,0.9,0.6,0.8,1.2,1,0.4,1.7,2.7,2.4,3,3.2,2.7,1.4,0.6,1,0.8,0.8,0.9,1.3
53,楠梓,144,小時風向值,WD_HR,degrees,2015-01-23,50,71,74,77,72,61,68,60,81,81,256,295,278,276,294,299,304,312,335,44,41,46,71,76
54,左營,1,二氧化硫,SO2,ppb,2015-01-23,4.6,5.6,6.1,6.8,5.8,4.7,4.7,7.3,8.8,7.1,5.8,8.6,8.7,5.4,3.9,3.1,3.1,5.8,4.1,4.3,5.2,6,6.5,6.7
54,左營,2,一氧化碳,CO,ppm,2015-01-23,0.87,0.81,0.85,0.87,0.7,0.63,1.03,1.77,1.23,0.79,0.64,0.68,0.62,0.44,0.36,0.38,0.42,0.57,0.82,1.1,0.98,1.16,1.15,1.38
54,左營,3,臭氧,O3,ppb,2015-01-23,24,14,7.1,9.2,19,23,7.7,2.8,7.3,24,46,67,75,85,80,78,75,64,51,30,34,25,24,3.9
54,左營,4,懸浮微粒,PM10,μg/m3,2015-01-23,159,165,157,154,132,110,98,106,116,117,109,107,109,107,91,,72,74,88,104,108,113,113,119
54,左營,5,氮氧化物,NOx,ppb,2015-01-23,32,39,47,40,30,25,51,103,87,55,34,29,27,17,x,16,11,21,28,45,40,47,47,73
54,左營,6,一氧化氮,NO,ppb,2015-01-23,1.6,1.6,2.3,1.6,0.9,1.1,14,53,36,16,5.8,3.4,2.5,1.5,x,1.5,0.7,0.6,0.7,0.8,0.8,1.2,1.4,8.6
54,左營,7,二氧化氮,NO2,ppb,2015-01-23,30,38,45,38,29,24,37,50,51,39,28,26,24,15,x,14,11,20,27,45,39,46,45,64
54,左營,8,總碳氫化合物,THC,ppm,2015-01-23,2.5,2.5,2.8,2.7,2.5,2.4,2.6,2.8,2.5,2.3,2.2,2.2,2.1,2,2,2,2,2.1,2.3,2.4,2.4,2.5,2.5,2.9
54,左營,9,非甲烷碳氫化合物,NMHC,ppm,2015-01-23,0.31,0.38,0.57,0.48,0.36,0.27,0.43,0.68,0.44,0.3,0.21,0.18,0.14,0.08,0.05,0.05,0.08,0.14,0.28,0.39,0.37,0.45,0.46,0.72
54,左營,10,風速,WIND_SPEED,m/sec,2015-01-23,1,1,0.8,0.8,0.7,0.9,0.8,1.5,1.2,1.6,2.3,3.6,3.7,4.6,4.4,4.2,3,1.6,0.9,0.5,1.1,0.6,1.8,0.5
54,左營,11,風向,WIND_DIREC,degrees,2015-01-23,17,47,174,181,159,147,112,107,112,67,288,304,296,294,310,312,310,326,324,11,13,307,23,22
54,左營,14,溫度,AMB_TEMP,℃,2015-01-23,15,15,15.3,15.5,15.6,15.7,15.6,15.8,17.3,19,20.7,21,20.8,20.6,20.7,20.4,19.8,19.2,18.6,18.4,18.4,17.9,17.6,16.8
54,左營,31,甲烷,CH4,ppm,2015-01-23,2.2,2.2,2.2,2.2,2.2,2.1,2.2,2.1,2,2,2,2,2,2,1.9,1.9,1.9,2,2,2,2,2.1,2.1,2.1
54,左營,33,細懸浮微粒,PM2.5,μg/m3,2015-01-23,105,103,106,92,85,73,72,67,53,48,47,60,62,60,50,,44,44,41,52,56,73,70,71
54,左營,38,相對濕度,RH,percent,2015-01-23,71,72,71,70,69,68,69,66,55,50,48,53,59,56,53,58,57,56,57,57,55,57,58,64
54,左營,143,小時風速值,WS_HR,m/sec,2015-01-23,0.5,0.6,0.3,0.7,0.6,0.8,0.6,0.9,1.2,1.1,0.5,3,3.6,4.1,3.6,3.4,2.6,1.3,0.8,0.3,0.7,0.5,1,1
54,左營,144,小時風向值,WD_HR,degrees,2015-01-23,358,24,142,179,151,142,159,72,86,75,303,295,296,296,302,308,311,310,320,337,19,324,13,32
56,前金,1,二氧化硫,SO2,ppb,2015-01-23,5.2,6.1,7,6.7,5.4,4.7,4.2,4.5,5.2,4.8,5.9,8.3,7.8,6,4.8,4,4.1,5.5,5.6,6,5,5.5,5.7,5.3
56,前金,2,一氧化碳,CO,ppm,2015-01-23,0.87,0.88,0.89,0.87,0.77,0.82,1.02,1.76,1.54,1.14,0.73,0.65,0.61,0.5,0.41,0.4,0.48,0.66,0.84,0.84,0.83,0.91,1.1,1.12
56,前金,3,臭氧,O3,ppb,2015-01-23,24,19,9.4,7.7,11,13,8.6,3.7,14,31,54,65,77,87,81,80,74,62,45,37,42,41,31,23
56,前金,4,懸浮微粒,PM10,μg/m3,2015-01-23,189,183,181,172,158,138,119,109,104,103,90,89,99,122,119,108,92,94,102,117,122,113,112,112
56,前金,5,氮氧化物,NOx,ppb,2015-01-23,29,31,39,39,33,29,36,71,69,54,31,25,21,16,15,12,16,26,38,40,33,34,42,43
56,前金,6,一氧化氮,NO,ppb,2015-01-23,1.2,1.3,1.6,1.3,1.1,0.9,2.4,27,21,12,4.7,2.9,2.2,1.4,1.3,1.1,1.1,0.8,1.1,0.9,1,1.1,1,1.3
56,前金,7,二氧化氮,NO2,ppb,2015-01-23,27,30,37,37,32,29,33,44,48,42,26,22,19,15,13,11,15,25,37,40,32,33,41,42
56,前金,8,總碳氫化合物,THC,ppm,2015-01-23,2.4,2.4,2.6,2.7,2.7,2.7,2.7,3,2.6,2.4,2.2,2.1,2.1,2.1,2,2,2,2.1,2.2,2.3,2.3,2.3,2.5,2.7
56,前金,9,非甲烷碳氫化合物,NMHC,ppm,2015-01-23,0.24,0.29,0.41,0.5,0.48,0.49,0.53,0.81,0.61,0.41,0.27,0.16,0.14,0.11,0.07,0.06,0.09,0.18,0.29,0.31,0.28,0.31,0.44,0.54
56,前金,10,風速,WIND_SPEED,m/sec,2015-01-23,1.4,0.8,0.7,0.5,0.7,0.6,0.8,1.3,1.2,1.4,2.3,3,3.3,3.8,3.2,4.2,3.5,1.7,1.8,0.9,1.1,0.9,0.9,1
56,前金,11,風向,WIND_DIREC,degrees,2015-01-23,327,339,330,309,7.8,331,36,44,56,55,236,255,272,304,308,321,312,31,317,330,336,342,23,349
56,前金,14,溫度,AMB_TEMP,℃,2015-01-23,15,15,15,15,15,15.2,15.3,15.7,17.4,19.3,21.2,21.4,21.5,21.4,21,20.5,19.9,19.2,18.5,18,18.1,17.9,17.6,17.1
56,前金,31,甲烷,CH4,ppm,2015-01-23,2.1,2.1,2.2,2.2,2.2,2.2,2.2,2.2,2,2,2,2,2,2,1.9,1.9,1.9,1.9,2,2,2,2,2.1,2.1
56,前金,33,細懸浮微粒,PM2.5,μg/m3,2015-01-23,89,92,94,92,91,78,64,53,47,46,44,50,54,55,45,37,33,37,40,50,50,57,54,60
56,前金,38,相對濕度,RH,percent,2015-01-23,70,70,71,71,72,72,71,69,55,50,44,47,50,53,52,58,59,58,58,58,54,53,55,59
56,前金,143,小時風速值,WS_HR,m/sec,2015-01-23,1,0.9,0.7,0.5,0.6,0.5,0.5,0.6,1.2,1.3,0.2,2.2,2.5,3,2.8,2.1,1.6,1,1.4,1.4,0.9,0.6,0.7,0.9
56,前金,144,小時風向值,WD_HR,degrees,2015-01-23,333,337,335,347,5.9,8.7,347,3.7,36,57,223,249,256,305,307,312,312,353,322,325,327,338,12,21
57,前鎮,1,二氧化硫,SO2,ppb,2015-01-23,5.2,6.1,6.1,4.6,3.3,2.6,2.3,2.4,3.3,5.1,x,x,x,x,5.1,4.1,3.1,4,5.4,4.7,6.1,6.6,6.8,6.6
57,前鎮,2,一氧化碳,CO,ppm,2015-01-23,1.32,1.19,0.82,0.62,0.44,0.44,0.68,0.91,1.27,0.95,x,0.55,x,x,0.45,0.5,0.54,0.84,1.2,1.44,1.47,2.13,2.3,2.08
57,前鎮,3,臭氧,O3,ppb,2015-01-23,6.1,4.2,15,27,36,32,18,17,16,28,x,x,70,80,76,75,73,58,39,21,9.7,1.8,1.6,4.4
57,前鎮,4,懸浮微粒,PM10,μg/m3,2015-01-23,161,155,148,127,94,71,68,70,77,88,99,104,,115,108,114,,92,97,114,116,116,123,122
57,前鎮,5,氮氧化物,NOx,ppb,2015-01-23,53,53,43,21,14,14,32,36,53,48,x,29,x,x,x,x,14,27,43,60,72,95,101,99
57,前鎮,6,一氧化氮,NO,ppb,2015-01-23,4.9,3.9,2.8,2.7,2.4,2.4,6.2,7,13,12,x,5.3,x,x,x,x,2.4,2.7,2.7,4.2,7.4,24,30,33
57,前鎮,7,二氧化氮,NO2,ppb,2015-01-23,48,49,40,19,11,12,26,29,39,36,x,23,x,,,x,11,24,40,56,65,71,71,66
57,前鎮,8,總碳氫化合物,THC,ppm,2015-01-23,2.6,2.7,2.5,2.3,2.1,2,2.1,2.2,2.3,2.3,x,x,x,2,1.9,1.9,1.9,2.1,2.3,2.4,2.5,2.9,3.1,2.9
57,前鎮,9,非甲烷碳氫化合物,NMHC,ppm,2015-01-23,0.5,0.59,0.43,0.26,0.16,0.14,0.22,0.3,0.47,0.39,x,,x,0.12,0.09,0.1,0.11,0.22,0.4,0.51,0.6,0.92,1.02,0.87
57,前鎮,10,風速,WIND_SPEED,m/sec,2015-01-23,1.5,1.5,1.2,0.9,0.9,0.7,1,1.9,1.6,1.5,1.6,x,2.1,2.4,2.7,2.7,2.6,1.4,1,1.7,1,1,0.8,0.5
57,前鎮,11,風向,WIND_DIREC,degrees,2015-01-23,32,35,35,12,41,85,43,56,73,51,164,x,303,284,287,285,299,291,17,47,34,29,145,153
57,前鎮,14,溫度,AMB_TEMP,℃,2015-01-23,16.1,16.1,16,15.9,15.8,15.6,15.2,15.9,17.2,19,21.1,21.7,21.6,21.5,21.2,20.8,20.1,19.4,19.1,18.9,18.7,18.3,18,17.2
57,前鎮,31,甲烷,CH4,ppm,2015-01-23,2.1,2.1,2.1,2,1.9,1.9,1.9,1.9,1.9,1.9,x,x,x,1.9,1.8,1.8,1.8,1.8,1.9,1.9,1.9,2,2.1,2.1
57,前鎮,33,細懸浮微粒,PM2.5,μg/m3,2015-01-23,89,91,89,75,50,32,26,26,31,38,38,41,,,35,36,,42,41,43,49,52,53,56
57,前鎮,38,相對濕度,RH,percent,2015-01-23,67,67,67,68,66,64,64,57,54,51,44,47,54,55,53,58,59,58,56,56,54,56,57,59
57,前鎮,143,小時風速值,WS_HR,m/sec,2015-01-23,0.5,0.8,0.9,0.5,0.7,0.4,0.5,1.1,1.4,1.3,0.6,x,x,2.1,2.3,1.9,1.6,0.4,0.4,0.8,0.8,0.4,0.5,0.5
57,前鎮,144,小時風向值,WD_HR,degrees,2015-01-23,24,33,34,22,47,51,92,57,60,64,118,x,x,289,289,294,304,346,11,40,39,13,44,81
58,小港,1,二氧化硫,SO2,ppb,2015-01-23,9.8,7.2,5.3,3.9,2.4,1.4,1.6,1.5,2.8,3.3,8.3,6.1,8.2,7.4,6,3.8,3.3,2.9,5.8,7.3,8,5,7.2,7.5
58,小港,2,一氧化碳,CO,ppm,2015-01-23,1.42,1.11,0.72,0.61,0.43,0.36,0.48,0.85,0.81,0.61,0.69,0.48,0.57,0.54,0.43,0.4,0.46,0.72,1.05,1.03,0.97,1.13,1.16,1.13
58,小港,3,臭氧,O3,ppb,2015-01-23,2.5,3.7,22,24,30,25,14,7,11,23,43,53,68,83,75,72,62,53,33,24,26,17,14,9.4
58,小港,4,懸浮微粒,PM10,μg/m3,2015-01-23,174,172,160,142,108,75,59,57,63,70,84,97,102,117,120,113,91,87,97,105,111,107,117,122
58,小港,5,氮氧化物,NOx,ppb,2015-01-23,90,56,28,22,15,18,31,49,61,47,33,27,28,25,27,21,26,34,51,56,51,60,63,64
58,小港,6,一氧化氮,NO,ppb,2015-01-23,27,6.4,0.6,2.2,2.8,2.4,3.8,16,24,14,6.3,4.8,4.4,3.5,3.7,3.2,2.7,3.1,2.8,2.9,2.9,3.8,4.6,6.2
58,小港,7,二氧化氮,NO2,ppb,2015-01-23,63,50,28,20,13,15,27,33,37,33,27,22,23,21,23,17,23,31,49,54,48,56,59,58
58,小港,8,總碳氫化合物,THC,ppm,2015-01-23,2.6,2.6,2.3,2.4,2.2,2.1,2.2,2.2,2.2,2.1,2,2,2,2,2,1.9,2,2,2.2,2.3,2.3,2.3,2.4,2.6
58,小港,9,非甲烷碳氫化合物,NMHC,ppm,2015-01-23,0.52,0.49,0.29,0.33,0.19,0.13,0.25,0.29,0.26,0.26,0.16,0.13,0.15,0.16,0.17,0.12,0.16,0.19,0.35,0.4,0.37,0.39,0.4,0.59
58,小港,10,風速,WIND_SPEED,m/sec,2015-01-23,1.2,1.2,1.3,1.5,1.9,1.2,1.7,1.7,1.4,1.6,1.4,2.5,2.6,3.7,3.9,3.3,1.9,1.9,1.1,1.6,1.1,1,1.1,1.4
58,小港,11,風向,WIND_DIREC,degrees,2015-01-23,23,24,48,59,55,36,56,59,29,36,293,251,267,276,285,289,297,314,336,44,37,48,23,56
58,小港,14,溫度,AMB_TEMP,℃,2015-01-23,16.6,16,15.6,15.4,15.1,15,14.9,14.8,16.4,18.6,20.7,21.8,21.9,21.8,21.7,21.1,20.7,19.7,19.4,19.1,18.7,18.5,18,17.2
58,小港,21,酸雨,PH_RAIN,pH,2015-01-23,0,0,0,0,0,0,0,0,0,0,0,0,0,0,0,0,0,0,0,0,0,0,0,0
58,小港,22,導電度,RAIN_COND,μmho/cm,2015-01-23,0,0,0,0,0,0,0,0,0,0,0,0,0,0,0,0,0,0,0,0,0,0,0,0
58,小港,31,甲烷,CH4,ppm,2015-01-23,2.1,2.1,2,2.1,2,1.9,1.9,1.9,1.9,1.9,1.9,1.8,1.9,1.9,1.8,1.8,1.8,1.8,1.9,1.9,1.9,2,2,2
58,小港,32,降雨強度,RAIN_INT,㎜,2015-01-23,0,0,0,0,0,0,0,0,0,0,0,0,0,0,0,0,0,0,0,0,0,0,0,0
58,小港,33,細懸浮微粒,PM2.5,μg/m3,2015-01-23,98,99,93,76,61,39,26,21,24,37,42,51,52,50,56,49,47,39,45,50,61,55,60,57
58,小港,38,相對濕度,RH,percent,2015-01-23,64,67,68,70,68,64,63,62,56,52,46,46,50,54,51,56,55,57,54,54,52,52,54,59
58,小港,143,小時風速值,WS_HR,m/sec,2015-01-23,0.8,0.9,1.3,1.4,1.9,1.2,1.3,1.8,1.1,1.3,0.6,2.3,2.4,3,3.5,3.2,2.2,1.6,0.7,1.1,0.9,1,1.1,1.1
58,小港,144,小時風向值,WD_HR,degrees,2015-01-23,23,39,42,54,57,51,51,63,42,43,8.7,258,268,275,282,291,286,316,334,34,19,40,40,49
59,屏東,1,二氧化硫,SO2,ppb,2015-01-23,3.5,1.9,1.9,1.6,1.1,1,1,1.3,1.8,1.8,2.2,3.5,5,7.2,7.7,6.1,5.5,5.6,4.1,3.7,3.8,4.2,3,2.6
59,屏東,2,一氧化碳,CO,ppm,2015-01-23,0.65,0.56,0.43,0.41,0.32,0.3,0.34,0.66,0.66,0.53,0.4,0.4,0.51,0.66,0.59,0.5,0.54,0.65,0.76,0.78,1.49,1.25,0.98,0.82
59,屏東,3,臭氧,O3,ppb,2015-01-23,26,26,33,29,28,25,22,16,21,34,49,62,72,87,87,78,68,63,57,53,27,25,17,18
59,屏東,4,懸浮微粒,PM10,μg/m3,2015-01-23,121,114,89,70,46,44,35,40,48,56,67,69,76,93,113,122,109,94,86,94,107,119,123,118
59,屏東,5,氮氧化物,NOx,ppb,2015-01-23,23,18,12,11,9.8,10,13,25,26,20,14,11,13,25,26,21,23,25,27,27,50,46,41,32
59,屏東,6,一氧化氮,NO,ppb,2015-01-23,1.6,1.7,1.5,0.5,0.7,0.9,1.1,3.5,5.6,4.2,2.6,1.5,1,1.4,1.6,1.2,1,0.8,0.6,0.7,1.2,1.3,1.6,1.3
59,屏東,7,二氧化氮,NO2,ppb,2015-01-23,22,17,10,10,9.1,9.1,12,21,20,15,11,9.8,12,23,24,20,22,25,26,26,49,45,39,30
59,屏東,8,總碳氫化合物,THC,ppm,2015-01-23,2.6,2.6,2.4,2.3,2.3,2.2,2.1,2.3,2.3,2.2,2,2,2,2.1,2.1,2.1,2,2.1,2.2,2.2,2.6,2.6,3.1,3
59,屏東,9,非甲烷碳氫化合物,NMHC,ppm,2015-01-23,0.19,0.16,0.1,0.11,0.09,0.08,0.11,0.22,0.24,0.2,0.11,0.08,0.11,0.16,0.18,0.16,0.13,0.17,0.24,0.22,0.53,0.43,0.33,0.26
59,屏東,10,風速,WIND_SPEED,m/sec,2015-01-23,1.5,1.4,1.6,1.8,1.5,1.5,1.7,1.5,1.4,2.2,1.3,1.6,2,3.2,3.6,2.6,1.6,1.5,1.3,0.7,0.9,0.7,1.1,1.4
59,屏東,11,風向,WIND_DIREC,degrees,2015-01-23,317,352,308,56,287,306,29,303,331,323,284,270,236,262,283,279,296,272,290,245,107,239,316,355
59,屏東,14,溫度,AMB_TEMP,℃,2015-01-23,15.6,15.3,15.2,14.7,14.4,13.9,13.9,14.2,15.8,18.7,21.3,22.6,23.3,23,23.1,22.2,21.2,20.4,19.4,18.6,18.3,17.8,16.6,15.8
59,屏東,31,甲烷,CH4,ppm,2015-01-23,2.4,2.4,2.3,2.2,2.2,2.1,2,2.1,2.1,2,1.9,1.9,1.9,1.9,1.9,1.9,1.9,1.9,2,2,2.1,2.2,2.7,2.7
59,屏東,33,細懸浮微粒,PM2.5,μg/m3,2015-01-23,64,61,46,33,31,27,18,14,14,19,27,31,35,38,53,63,50,45,33,50,54,64,64,59
59,屏東,38,相對濕度,RH,percent,2015-01-23,67,71,68,69,65,63,57,56,55,47,40,37,35,42,43,44,48,50,52,54,55,58,64,69
59,屏東,143,小時風速值,WS_HR,m/sec,2015-01-23,0.5,0.4,0.4,0.5,0.7,0.6,0.5,0.4,0.4,0.7,0.8,1.4,1.5,2.6,2.5,3.1,1.9,1.7,1.4,0.7,0.3,0.5,0.7,0.3
59,屏東,144,小時風向值,WD_HR,degrees,2015-01-23,289,316,335,319,47,304,29,307,318,349,308,280,236,269,281,280,293,280,288,278,136,64,305,34
60,潮州,1,二氧化硫,SO2,ppb,2015-01-23,2.1,1.9,1.8,1.7,1.6,1.5,1.5,1.7,2.3,2.6,3,2.6,2.3,7.8,16,9.8,5.7,4.3,5,5.1,2.4,2,2.1,2.2
60,潮州,2,一氧化碳,CO,ppm,2015-01-23,0.63,0.61,0.6,0.54,0.41,0.39,0.36,0.48,0.55,0.41,0.43,0.34,0.29,0.51,0.92,0.6,0.51,0.55,0.66,0.63,0.61,0.49,0.44,0.43
60,潮州,3,臭氧,O3,ppb,2015-01-23,13,13,10,18,25,26,28,14,23,46,60,67,70,75,87,88,77,70,52,43,31,38,42,39
60,潮州,4,懸浮微粒,PM10,μg/m3,2015-01-23,136,134,121,104,81,66,59,64,62,67,71,75,74,81,111,132,137,121,114,119,123,123,103,90
60,潮州,5,氮氧化物,NOx,ppb,2015-01-23,23,21,20,13,9.7,8.5,9.4,17,19,11,13,9,6.5,13,30,25,20,20,27,26,24,15,12,10
60,潮州,6,一氧化氮,NO,ppb,2015-01-23,1.6,1.7,1.7,0.8,1.3,1,1.1,2.6,4.7,2.1,1.9,1.4,0.7,0.9,2.1,1.8,1.1,0.9,0.9,1.1,1,1,0.9,0.9
60,潮州,7,二氧化氮,NO2,ppb,2015-01-23,21,19,18,12,8.4,7.6,8.3,14,14,9.2,11,7.6,5.8,12,27,23,19,19,26,25,23,14,11,9.5
60,潮州,10,風速,WIND_SPEED,m/sec,2015-01-23,1.4,0.5,0.7,1,0.9,0.4,0.6,0.9,1.1,1.4,1.1,2.1,2.9,3.9,3.6,2.2,2,1.9,1,0.4,1.1,1.3,1.5,0.4
60,潮州,11,風向,WIND_DIREC,degrees,2015-01-23,76,53,42,58,44,64,285,51,64,295,279,269,302,249,271,259,297,311,175,33,106,91,81,50
60,潮州,14,溫度,AMB_TEMP,℃,2015-01-23,13.3,12.4,11.9,11.7,11.6,11.4,11.7,12,15,18.7,21.2,22.8,23.7,23.8,23.1,22.5,21.2,20.1,18.9,18,15.1,14.4,14.4,13.6
60,潮州,33,細懸浮微粒,PM2.5,μg/m3,2015-01-23,66,65,66,65,55,44,36,26,33,38,49,45,35,30,41,55,62,54,52,53,55,55,52,50
60,潮州,38,相對濕度,RH,percent,2015-01-23,88,90,91,92,92,91,87,88,79,59,46,37,31,35,45,45,51,57,62,67,81,82,81,84
60,潮州,143,小時風速值,WS_HR,m/sec,2015-01-23,0.6,0.8,0.6,1,1.1,0.7,0.3,0.8,0.8,0.3,1,1.8,1.9,3.1,3.4,2.3,2.1,1.9,0.6,0.4,1.1,1.3,1.7,1
60,潮州,144,小時風向值,WD_HR,degrees,2015-01-23,89,55,46,61,66,57,113,46,64,40,304,267,279,271,258,271,299,305,270,274,83,92,96,68
61,恆春,1,二氧化硫,SO2,ppb,2015-01-23,2.5,2.6,2.7,2.6,2.6,2.4,2.1,1.9,1.9,2,2.1,2.1,2.2,2.1,2.1,2.2,x,1.9,1.7,1.9,2,1.9,1.7,1.7
61,恆春,2,一氧化碳,CO,ppm,2015-01-23,0.38,0.4,0.4,0.39,0.36,0.35,0.33,0.31,0.3,0.29,0.29,0.28,0.27,0.26,0.26,0.26,0.27,0.27,0.27,0.27,0.28,0.29,0.28,0.29
61,恆春,3,臭氧,O3,ppb,2015-01-23,65,65,66,65,65,64,62,60,59,59,60,62,64,65,66,66,68,66,64,63,62,63,63,63
61,恆春,4,懸浮微粒,PM10,μg/m3,2015-01-23,98,98,103,103,92,82,82,79,70,67,65,65,62,59,55,,57,60,55,51,51,54,57,54
61,恆春,5,氮氧化物,NOx,ppb,2015-01-23,5.5,5.3,5,5.5,5.1,5.3,4.8,4.7,4.7,4.6,4.9,4.8,4.8,4.6,4.4,4.9,x,4.4,4.7,4.9,4.6,4.6,4.2,4.1
61,恆春,6,一氧化氮,NO,ppb,2015-01-23,1.1,1.1,0.8,1.4,0.9,1.5,0.9,1,0.7,0.8,1.1,1,1.2,1,0.8,1.4,x,1.1,1.1,1.3,1,1.2,0.9,1.1
61,恆春,7,二氧化氮,NO2,ppb,2015-01-23,4.4,4.3,4.3,4.1,4.2,3.8,3.9,3.7,3.9,3.9,3.8,3.8,3.6,3.5,3.6,3.4,x,3.3,3.6,3.6,3.5,3.4,3.3,3.1
61,恆春,10,風速,WIND_SPEED,m/sec,2015-01-23,6,6.4,7.3,7.6,7.5,7.2,5.7,6.9,7.8,7.7,8.4,7.4,8.4,7.2,8,6.5,x,6.2,6.6,8.5,9.7,9.9,9.4,8.7
61,恆春,11,風向,WIND_DIREC,degrees,2015-01-23,35,31,41,37,37,42,46,44,46,38,47,43,68,66,61,54,x,42,48,42,47,50,60,52
61,恆春,14,溫度,AMB_TEMP,℃,2015-01-23,16.8,16.8,16.9,16.8,16.9,17,17.1,17.4,17.9,18.9,20.1,20.5,21,21.2,20.8,20.3,19.4,18.2,17.8,17.8,18,18.1,18.1,18.2
61,恆春,21,酸雨,PH_RAIN,pH,2015-01-23,0,0,0,0,0,0,0,0,0,0,0,0,0,0,0,0,0,0,0,0,0,0,0,0
61,恆春,22,導電度,RAIN_COND,μmho/cm,2015-01-23,0,0,0,0,0,0,0,0,0,0,0,0,0,0,0,0,0,0,0,0,0,0,0,0
61,恆春,32,降雨強度,RAIN_INT,㎜,2015-01-23,0,0,0,0,0,0,0,0,0,0,0,0,0,0,0,0,0,0,0,0,0,0,0,0
61,恆春,33,細懸浮微粒,PM2.5,μg/m3,2015-01-23,43,45,45,50,50,35,35,35,30,35,32,31,26,22,26,,51,26,29,27,33,31,28,31
61,恆春,36,二氧化碳,CO2,ppm,2015-01-23,414,415,414,414,413,412,413,411,411,410,409,409,407,406,407,407,x,407,409,409,410,410,410,410
61,恆春,38,相對濕度,RH,percent,2015-01-23,74,75,75,75,74,74,73,72,69,66,61,59,56,53,52,54,58,61,62,61,61,60,59,60
61,恆春,143,小時風速值,WS_HR,m/sec,2015-01-23,6.1,5.9,6.8,6.7,7.2,7,6.5,6.7,7.3,7.4,8.2,7.8,7.2,7.6,7.1,6.9,x,6.3,6.2,7.3,8.7,9.6,8.9,8.5
61,恆春,144,小時風向值,WD_HR,degrees,2015-01-23,36,33,37,38,37,40,43,41,44,42,43,39,51,58,61,58,x,45,47,45,46,50,56,52
62,臺東,1,二氧化硫,SO2,ppb,2015-01-23,3.1,2.6,2.6,2.4,2.5,2.4,2.6,2.7,2.5,2.5,2.4,2.6,2.7,2.6,2.7,2.6,2.5,2.5,2.4,2.1,1.7,1.9,1.7,1.7
62,臺東,2,一氧化碳,CO,ppm,2015-01-23,0.55,0.54,0.52,0.5,0.48,0.49,0.51,0.6,0.61,0.63,0.58,0.55,0.55,0.51,0.51,0.55,0.63,0.72,0.61,0.67,0.65,0.6,0.51,0.44
62,臺東,3,臭氧,O3,ppb,2015-01-23,54,54,53,54,52,50,48,43,42,42,47,51,53,54,54,53,51,48,47,42,38,39,42,43
62,臺東,4,懸浮微粒,PM10,μg/m3,2015-01-23,101,101,97,93,94,92,90,87,84,82,73,66,61,57,61,61,59,60,57,54,57,64,60,54
62,臺東,5,氮氧化物,NOx,ppb,2015-01-23,7.3,6.4,5.8,4.9,4.8,4.9,6.2,11,13,15,14,12,11,10,11,12,17,19,15,17,16,14,9.2,6.5
62,臺東,6,一氧化氮,NO,ppb,2015-01-23,1.6,1.4,1.4,0.9,0.6,0.5,0.9,1,1.5,2.2,2.2,2.2,2.3,2,2,1.8,2.2,2,1.4,1.1,1.4,1.6,1.1,0.9
62,臺東,7,二氧化氮,NO2,ppb,2015-01-23,5.7,5,4.4,4,4.1,4.4,5.4,10,11,13,11,9.7,8.7,8.3,9,11,15,17,14,15,14,12,8.1,5.7
62,臺東,10,風速,WIND_SPEED,m/sec,2015-01-23,2.2,2.6,2.4,2.3,2.7,2.2,2.5,2.5,2.2,1.7,3.1,3.1,3,3.1,3,2,2.1,1.3,1.4,1.1,2.1,1.8,1.9,2.3
62,臺東,11,風向,WIND_DIREC,degrees,2015-01-23,292,290,294,294,293,294,298,289,296,291,76,81,85,82,80,71,73,63,291,302,298,298,294,292
62,臺東,14,溫度,AMB_TEMP,℃,2015-01-23,15.7,15.4,15.5,15.4,15.5,15.2,15.1,15.3,15.8,16.8,19,19.9,20.1,20.3,19.8,19.3,19.1,18.6,17.7,17.3,17.2,17.1,16.7,16.2
62,臺東,21,酸雨,PH_RAIN,pH,2015-01-23,0,0,0,0,0,0,0,0,0,0,0,0,0,0,0,0,0,0,0,0,0,0,0,0
62,臺東,22,導電度,RAIN_COND,μmho/cm,2015-01-23,0,0,0,0,0,0,0,0,0,0,0,0,0,0,0,0,0,0,0,0,0,0,0,0
62,臺東,32,降雨強度,RAIN_INT,㎜,2015-01-23,0,0,0,0,0,0,0,0,0,0,0,0,0,0,0,0,0,0,0,0,0,0,0,0
62,臺東,33,細懸浮微粒,PM2.5,μg/m3,2015-01-23,54,61,61,57,53,51,51,51,48,42,39,32,29,29,29,31,32,31,29,32,35,37,34,33
62,臺東,38,相對濕度,RH,percent,2015-01-23,71,72,71,72,71,72,72,69,67,63,55,54,53,52,53,53,54,56,60,63,65,65,66,68
62,臺東,143,小時風速值,WS_HR,m/sec,2015-01-23,1.7,1.7,1.9,1.8,1.5,1.8,2,1.7,1.6,1.3,0.8,2.1,2.5,2.2,2.1,1.7,1.6,1,0.5,0.9,1.4,1.3,1.4,1.6
62,臺東,144,小時風向值,WD_HR,degrees,2015-01-23,293,290,293,298,291,292,295,289,294,293,63,83,81,81,78,76,74,68,290,303,300,295,291,291
63,花蓮,1,二氧化硫,SO2,ppb,2015-01-23,4.2,4.1,4,3.2,2.9,2.6,2.4,2.6,4.9,4.8,4.7,4.9,3.5,3.3,3.5,3.4,3.3,3.1,2.7,2.5,2.4,2,1.9,1.8
63,花蓮,2,一氧化碳,CO,ppm,2015-01-23,0.47,0.48,0.5,0.48,0.44,0.45,0.52,0.99,0.76,0.55,0.47,0.44,0.46,0.42,0.41,0.45,0.51,0.78,0.86,0.84,0.98,0.59,0.49,0.42
63,花蓮,3,臭氧,O3,ppb,2015-01-23,57,51,47,42,39,35,30,17,28,39,45,51,58,59,60,57,53,39,29,29,18,26,29,32
63,花蓮,4,懸浮微粒,PM10,μg/m3,2015-01-23,92,97,94,89,86,79,77,81,87,83,79,82,73,62,61,66,70,77,82,82,84,79,68,66
63,花蓮,5,氮氧化物,NOx,ppb,2015-01-23,x,x,x,7.1,7.2,7.2,11,31,26,19,16,13,7.6,6.6,6.4,7.9,11,23,27,24,34,16,11,7.5
63,花蓮,6,一氧化氮,NO,ppb,2015-01-23,x,x,x,0.9,1,0.7,1.1,5.7,5.1,3.5,2.9,2.6,1.3,1.1,1,1,1.2,1.9,2.6,2.3,3.6,1.6,1,0.9
63,花蓮,7,二氧化氮,NO2,ppb,2015-01-23,x,x,x,6.2,6.2,6.4,10,25,21,16,13,10,6.3,5.6,5.5,6.9,10,21,24,22,30,15,9.9,6.6
63,花蓮,10,風速,WIND_SPEED,m/sec,2015-01-23,1.7,1.3,1.4,1.7,1.8,1.5,1.4,1.4,1.2,1.6,2.3,2.6,2.5,2,1.9,1.1,1.7,2.2,1.7,1.2,1.4,1.6,1.9,2.3
63,花蓮,11,風向,WIND_DIREC,degrees,2015-01-23,71,17,308,289,318,298,287,304,23,146,126,156,105,126,116,199,312,312,301,289,230,229,234,232
63,花蓮,14,溫度,AMB_TEMP,℃,2015-01-23,14.5,14.3,14,13.6,13.3,13.2,13.3,13.5,14.3,15.3,16.4,17.4,16.8,16.9,16.9,16.9,16.6,16.4,15.8,15.6,15.2,14.5,14.3,14.3
63,花蓮,21,酸雨,PH_RAIN,pH,2015-01-23,0,0,0,0,0,0,0,0,0,0,0,0,0,0,0,0,0,0,0,0,0,0,0,0
63,花蓮,22,導電度,RAIN_COND,μmho/cm,2015-01-23,0,0,0,0,0,0,0,0,0,0,0,0,0,0,0,0,0,0,0,0,0,0,0,0
63,花蓮,32,降雨強度,RAIN_INT,㎜,2015-01-23,0,0,0,0,0,0,0,0,0,0,0,0,0,0,0,0,0,0,0,0,0,0,0,0
63,花蓮,33,細懸浮微粒,PM2.5,μg/m3,2015-01-23,43,42,42,46,45,43,46,41,36,31,29,31,33,32,31,30,29,33,34,33,36,38,39,41
63,花蓮,38,相對濕度,RH,percent,2015-01-23,59,60,63,67,66,65,65,63,58,52,51,50,53,55,54,52,54,58,61,61,62,68,70,70
63,花蓮,143,小時風速值,WS_HR,m/sec,2015-01-23,1.5,0.9,1.2,1.3,1.5,1.4,1.5,1.3,0.8,0.4,1.5,1.9,1.8,1.2,1.7,0.8,0.8,1.8,1.6,1.3,1,1.4,1.8,2.1
63,花蓮,144,小時風向值,WD_HR,degrees,2015-01-23,54,45,312,289,309,311,297,308,318,91,137,155,130,113,109,119,295,310,302,299,251,233,234,232
64,陽明,1,二氧化硫,SO2,ppb,2015-01-23,3.8,4,4.4,4.5,5,5.7,5.9,5.7,5.1,5.1,5,5,5.9,5.3,4.7,4.1,4.6,5.3,4.3,3.2,2.8,2.8,2.4,2.4
64,陽明,2,一氧化碳,CO,ppm,2015-01-23,0.36,0.42,0.41,0.4,0.42,0.44,0.47,0.47,0.44,0.42,0.4,0.38,0.39,0.38,0.37,0.37,0.36,0.36,0.37,0.34,0.33,0.31,0.29,0.27
64,陽明,3,臭氧,O3,ppb,2015-01-23,58,56,57,54,53,54,54,53,51,51,53,55,56,57,60,62,62,60,58,59,59,58,55,55
64,陽明,4,懸浮微粒,PM10,μg/m3,2015-01-23,48,55,46,45,49,51,54,53,49,43,41,43,41,42,40,40,39,38,40,32,36,32,30,32
64,陽明,5,氮氧化物,NOx,ppb,2015-01-23,4,4.3,4.4,4.7,4.8,5,5.5,5.5,6,6.1,6.8,5.9,6.6,6.3,6.3,6.2,6.5,7.6,6.9,5.2,4.3,4.4,4.1,3.8
64,陽明,6,一氧化氮,NO,ppb,2015-01-23,0.6,0.3,0.2,1.4,1.2,1.1,1,1,1.2,1.3,1.6,1.2,1.3,1.2,1.3,1.3,1.2,1.5,1.2,1.2,1,1.1,1.3,1.2
64,陽明,7,二氧化氮,NO2,ppb,2015-01-23,3.4,4,4.1,3.3,3.5,3.9,4.4,4.6,4.8,4.8,5.2,4.7,5.2,5.1,5,4.9,5.3,6.1,5.6,4,3.3,3.2,2.9,2.7
64,陽明,14,溫度,AMB_TEMP,℃,2015-01-23,4.6,4.7,4.5,4.7,5.3,5.7,5.8,6.3,7.4,8.7,9.8,10.9,11.8,12,11.1,10.1,9.1,8.7,8.3,8.3,8.6,8.2,7.9,7.6
64,陽明,21,酸雨,PH_RAIN,pH,2015-01-23,0,0,0,0,0,0,0,0,0,0,0,0,0,0,0,0,0,0,0,0,0,0,0,0
64,陽明,22,導電度,RAIN_COND,μmho/cm,2015-01-23,0,0,0,0,0,0,0,0,0,0,0,0,0,0,0,0,0,0,0,0,0,0,0,0
64,陽明,32,降雨強度,RAIN_INT,㎜,2015-01-23,0,0,0,0,0,0,0,0,0,0,0,0,0,0,0,0,0,0,0,0,0,0,0,0
64,陽明,33,細懸浮微粒,PM2.5,μg/m3,2015-01-23,34,42,36,33,38,41,45,43,39,35,33,34,34,34,34,34,32,31,32,25,28,24,22,23
64,陽明,36,二氧化碳,CO2,ppm,2015-01-23,412,414,415,415,416,417,418,417,416,415,413,411,412,413,412,411,412,415,416,414,414,415,415,414
64,陽明,38,相對濕度,RH,percent,2015-01-23,78,88,84,82,84,85,88,87,86,81,77,74,75,75,80,84,89,86,86,80,76,75,71,70
65,宜蘭,1,二氧化硫,SO2,ppb,2015-01-23,4.4,4.7,8,6.9,7.9,4,2.5,2.6,2.8,3.9,5.3,4.9,4.8,4.6,4.2,4.1,4.1,4,3.8,3.3,6.8,6.3,5,2.9
65,宜蘭,2,一氧化碳,CO,ppm,2015-01-23,0.55,0.52,0.52,0.5,0.46,0.42,0.44,0.52,0.45,0.42,0.49,0.5,0.5,0.5,0.5,0.48,0.57,0.67,0.77,0.73,0.74,0.83,0.71,0.53
65,宜蘭,3,臭氧,O3,ppb,2015-01-23,41,41,42,44,45,42,41,35,34,38,55,58,61,65,64,65,60,54,44,38,32,25,28,34
65,宜蘭,4,懸浮微粒,PM10,μg/m3,2015-01-23,94,93,90,92,90,84,77,73,71,64,68,77,78,83,83,81,76,70,79,87,86,82,79,78
65,宜蘭,5,氮氧化物,NOx,ppb,2015-01-23,9.1,7.9,7,6.5,5.8,5.2,5.8,9.9,11,9.9,8,8,7.8,7.8,8.5,8.2,12,17,22,18,22,26,20,11
65,宜蘭,6,一氧化氮,NO,ppb,2015-01-23,0.4,0.4,0.3,0.8,0.5,0.4,0.6,1,1.8,1.9,1.5,1.2,1.2,1.1,1.2,0.9,1.1,1.1,1.1,0.8,1.1,1.1,1,0.8
65,宜蘭,7,二氧化氮,NO2,ppb,2015-01-23,8.7,7.5,6.7,5.7,5.3,4.8,5.3,8.9,9.7,8,6.6,6.7,6.6,6.7,7.4,7.3,11,16,21,17,20,25,19,11
65,宜蘭,10,風速,WIND_SPEED,m/sec,2015-01-23,1.3,1.3,1.2,1.8,1.1,1.1,1.4,1,1.7,0.9,2.2,1.9,2,2.5,1.8,1.6,1.9,1.3,0.9,0.7,0.9,1,0.8,1.3
65,宜蘭,11,風向,WIND_DIREC,degrees,2015-01-23,328,286,311,288,288,210,196,203,204,180,128,126,144,122,115,167,131,137,289,285,283,330,232,276
65,宜蘭,14,溫度,AMB_TEMP,℃,2015-01-23,11.1,10.7,10.8,10.9,10.7,10.3,10.2,10.4,12.1,14.9,17.1,18.2,18.4,18.2,18.1,18.5,18.2,18,17.6,16.6,16,15.1,14.7,14.2
65,宜蘭,33,細懸浮微粒,PM2.5,μg/m3,2015-01-23,56,55,50,48,48,45,44,44,41,39,42,41,38,37,40,42,40,40,44,49,44,42,47,47
65,宜蘭,36,二氧化碳,CO2,ppm,2015-01-23,431,430,429,427,425,424,423,424,421,417,418,419,420,419,420,420,421,423,427,430,433,438,438,432
65,宜蘭,38,相對濕度,RH,percent,2015-01-23,71,72,72,70,69,69,69,69,62,54,48,45,46,50,52,52,53,53,57,63,67,69,72,74
65,宜蘭,143,小時風速值,WS_HR,m/sec,2015-01-23,1.2,1.1,1.4,1,1,0.6,0.5,0.6,1.1,0.7,1,1.6,1.9,2.1,1.4,1.3,1.7,1.7,0.2,0.8,0.7,1,0.7,0.8
65,宜蘭,144,小時風向值,WD_HR,degrees,2015-01-23,316,310,305,290,279,221,234,191,199,203,151,118,114,124,117,128,121,127,173,311,266,314,263,213
66,冬山,1,二氧化硫,SO2,ppb,2015-01-23,2.9,2.4,2.2,1.8,1.9,2,2.2,3.4,4.2,4.8,5.4,5.6,5.7,6.4,5.7,6.3,3.9,3.3,2.9,2.5,2.3,2.2,1.9,1.7
66,冬山,2,一氧化碳,CO,ppm,2015-01-23,0.51,0.48,0.4,0.38,0.39,0.44,0.51,1.02,0.62,0.48,0.47,0.52,0.54,0.58,0.49,0.49,0.61,0.47,0.47,0.47,0.42,0.48,0.42,0.44
66,冬山,3,臭氧,O3,ppb,2015-01-23,34,32,39,40,38,31,24,9.2,24,43,52,55,57,56,56,53,46,51,42,38,41,34,29,33
66,冬山,4,懸浮微粒,PM10,μg/m3,2015-01-23,90,86,73,66,64,67,70,81,87,82,79,82,88,86,86,87,92,86,75,76,73,71,81,75
66,冬山,5,氮氧化物,NOx,ppb,2015-01-23,21,18,11,6.1,6.9,15,24,64,32,18,14,15,17,20,20,21,25,14,14,15,11,13,14,10
66,冬山,6,一氧化氮,NO,ppb,2015-01-23,1.7,1.4,1.5,0.6,0.9,2,3.9,28,9.5,4.3,3.4,3.5,3.5,3.8,2.8,2.2,2,1.1,1.2,0.7,0.8,1.3,0.8,1
66,冬山,7,二氧化氮,NO2,ppb,2015-01-23,19,17,9.2,5.5,6,13,20,37,22,14,10,12,14,16,18,19,23,13,13,14,11,12,14,9
66,冬山,10,風速,WIND_SPEED,m/sec,2015-01-23,1.2,1.6,1.6,1.5,1.4,1.6,1.4,1.1,1.7,2.6,1.6,2.3,3.6,3.5,2.6,2.8,2.6,0.8,0.8,1.3,1.3,0.8,1.3,1.2
66,冬山,11,風向,WIND_DIREC,degrees,2015-01-23,296,282,306,296,322,308,313,316,319,309,59,84,83,118,153,130,168,170,242,208,262,249,268,272
66,冬山,14,溫度,AMB_TEMP,℃,2015-01-23,11.4,10.7,10.3,10,9.8,9.8,9.7,10.4,12.5,15,16.6,17.5,18,18.3,18.3,18.2,17.9,17.2,16.5,15.8,15,14.1,13.2,12.9
66,冬山,21,酸雨,PH_RAIN,pH,2015-01-23,0,0,0,0,0,0,0,0,0,0,0,0,0,0,0,0,0,0,0,0,0,0,0,0
66,冬山,22,導電度,RAIN_COND,μmho/cm,2015-01-23,0,0,0,0,0,0,0,0,0,0,0,0,0,0,0,0,0,0,0,0,0,0,0,0
66,冬山,32,降雨強度,RAIN_INT,㎜,2015-01-23,0,0,0,0,0,0,0,0,0,0,0,0,0,0,0,0,0,0,0,0,0,0,0,0
66,冬山,33,細懸浮微粒,PM2.5,μg/m3,2015-01-23,47,43,40,41,40,40,38,42,44,43,48,45,45,46,44,45,45,44,43,42,39,42,46,41
66,冬山,38,相對濕度,RH,percent,2015-01-23,74,76,77,77,77,77,77,75,67,51,46,46,50,52,52,53,55,60,65,68,69,75,78,78
66,冬山,143,小時風速值,WS_HR,m/sec,2015-01-23,1,1.1,1.5,1.5,1.4,1.3,1.5,1.2,1.1,2.1,0.7,1.7,3,3.2,2.8,3.1,2.2,1.3,1,1.1,1.4,0.9,0.7,0.7
66,冬山,144,小時風向值,WD_HR,degrees,2015-01-23,276,285,297,305,305,299,304,305,297,310,330,64,79,94,128,131,156,165,225,216,211,279,245,260
67,三重,1,二氧化硫,SO2,ppb,2015-01-23,4,4.5,3.6,3.9,3.9,3.9,5.5,6.7,7.7,7.4,6.4,6.2,5.7,5.6,6.1,8.3,8.4,7.8,6.3,6.4,5.9,5.5,5.6,5.3
67,三重,2,一氧化碳,CO,ppm,2015-01-23,1.16,0.98,0.81,0.75,0.97,0.97,1.55,2.87,2.58,1.83,1.51,1.75,1.6,1.74,1.82,2.02,2.19,2.99,2.99,2.65,2.58,2.41,2.35,2.09
67,三重,4,懸浮微粒,PM10,μg/m3,2015-01-23,130,103,95,78,72,74,74,86,96,106,97,86,83,87,91,91,99,99,103,94,97,96,96,92
67,三重,5,氮氧化物,NOx,ppb,2015-01-23,79,58,36,52,45,53,111,164,168,153,115,107,112,117,146,144,157,178,185,211,192,177,175,176
67,三重,6,一氧化氮,NO,ppb,2015-01-23,31,17,8.2,17,15,23,68,114,111,104,72,64,69,69,92,87,96,113,123,146,128,114,114,116
67,三重,7,二氧化氮,NO2,ppb,2015-01-23,48,41,28,35,30,30,44,50,56,48,44,42,43,48,55,56,61,64,62,65,64,63,62,60
67,三重,8,總碳氫化合物,THC,ppm,2015-01-23,2.5,2.5,2.5,2.4,2.5,2.5,2.7,3.2,3,2.5,2.5,2.7,2.5,2.6,2.6,2.7,2.7,3.2,3.2,3,3.1,3.2,3.3,3.2
67,三重,9,非甲烷碳氫化合物,NMHC,ppm,2015-01-23,0.39,0.33,0.37,0.29,0.35,0.32,0.55,0.96,0.91,0.56,0.52,0.78,0.57,0.66,0.67,0.79,0.8,1.14,1.09,0.91,0.96,0.86,0.83,0.68
67,三重,14,溫度,AMB_TEMP,℃,2015-01-23,12.9,12.3,12.1,11.7,11.6,11.5,11.6,12.2,14.1,16.5,17.9,19.2,20,20.8,21,20.4,19.1,17.9,17.2,16.8,16.5,16.2,16,15.7
67,三重,31,甲烷,CH4,ppm,2015-01-23,2.1,2.2,2.1,2.2,2.2,2.2,2.2,2.2,2.1,2,1.9,2,1.9,1.9,1.9,1.9,1.9,2,2.1,2.1,2.1,2.3,2.5,2.5
67,三重,33,細懸浮微粒,PM2.5,μg/m3,2015-01-23,39,34,33,34,37,34,36,41,46,47,42,38,35,34,31,35,31,37,35,44,41,39,37,37
67,三重,38,相對濕度,RH,percent,2015-01-23,62,65,65,66,67,66,64,63,57,50,46,42,40,38,36,42,48,53,55,57,58,59,60,60
68,中壢,1,二氧化硫,SO2,ppb,2015-01-23,6.9,6.5,7.3,5.5,5.9,5.4,7.4,8,7.3,7.7,6.6,6,5.3,x,5,6.1,6,6.8,7.1,7.7,9.6,8.3,7.1,7
68,中壢,2,一氧化碳,CO,ppm,2015-01-23,0.96,0.66,0.69,0.59,0.69,0.8,1.1,2.14,1.72,1.47,1.12,1.06,0.98,x,0.91,0.98,1.16,1.77,2.4,2.27,2.63,2.84,2.33,1.94
68,中壢,3,臭氧,O3,ppb,2015-01-23,25,35,39,40,39,32,18,16,24,25,29,34,38,x,36,34,27,15,9.9,11,9.1,5.7,5.8,6.1
68,中壢,4,懸浮微粒,PM10,μg/m3,2015-01-23,112,98,91,92,90,96,96,105,111,113,103,94,88,90,92,98,102,95,101,104,117,115,111,109
68,中壢,5,氮氧化物,NOx,ppb,2015-01-23,48,29,24,20,23,35,73,93,69,70,54,49,47,x,51,53,61,88,104,104,111,130,111,92
68,中壢,6,一氧化氮,NO,ppb,2015-01-23,12,4.9,4.5,3.2,4.7,11,30,46,30,32,18,14,12,x,14,13,16,28,42,46,54,72,57,42
68,中壢,7,二氧化氮,NO2,ppb,2015-01-23,37,24,20,17,18,24,43,47,39,38,37,35,34,x,37,40,46,60,62,58,57,58,54,51
68,中壢,8,總碳氫化合物,THC,ppm,2015-01-23,2.5,2.3,2.3,2.2,2.3,2.3,2.4,2.8,2.6,2.6,2.6,2.5,2.5,x,2.3,2.4,2.6,2.9,3.1,3,3.2,3.3,3.1,3
68,中壢,9,非甲烷碳氫化合物,NMHC,ppm,2015-01-23,0.32,0.17,0.15,0.14,0.15,0.2,0.31,0.67,0.55,0.52,0.45,0.41,0.37,x,0.29,0.36,0.46,0.74,0.97,0.86,0.98,1.07,0.86,0.69
68,中壢,10,風速,WIND_SPEED,m/sec,2015-01-23,1.1,1,1.3,1.2,1.4,1.1,1.2,1.6,1.7,1.6,1.6,1.5,1.5,1.5,1.6,1.3,0.9,1.1,1.2,1,1.1,1.2,1.1,1.5
68,中壢,11,風向,WIND_DIREC,degrees,2015-01-23,265,250,261,248,259,234,248,261,244,246,136,165,56,90,172,211,264,224,246,260,227,255,206,190
68,中壢,14,溫度,AMB_TEMP,℃,2015-01-23,11.7,11.7,11.7,11.6,11.5,11.6,11.8,12.4,13.6,15.2,17.1,18.5,19.6,19.9,19.6,18.5,17.9,17.6,16.7,15.9,15.3,14.6,14.1,13.7
68,中壢,31,甲烷,CH4,ppm,2015-01-23,2.2,2.2,2.1,2.1,2.1,2.1,2.1,2.1,2.1,2.1,2.1,2.1,2.1,x,2.1,2,2.1,2.1,2.1,2.2,2.2,2.2,2.2,2.3
68,中壢,33,細懸浮微粒,PM2.5,μg/m3,2015-01-23,62,50,43,37,36,35,37,43,44,47,42,48,40,37,35,38,39,35,39,45,49,48,49,50
68,中壢,38,相對濕度,RH,percent,2015-01-23,66,64,63,62,61,59,59,57,54,51,46,44,42,37,42,49,51,49,54,59,61,63,64,65
68,中壢,143,小時風速值,WS_HR,m/sec,2015-01-23,0.8,0.5,0.6,0.9,0.6,0.8,0.3,0.7,1.1,0.9,0.4,0.2,0.2,0.2,0.3,0.3,0.1,0.2,0.6,0.9,0.9,1,0.9,1
68,中壢,144,小時風向值,WD_HR,degrees,2015-01-23,263,254,254,252,258,251,237,256,240,240,199,174,213,113,191,159,141,236,253,253,243,232,235,205
69,竹山,1,二氧化硫,SO2,ppb,2015-01-23,2.4,1.4,1.5,1.5,1.4,1.5,1.9,2.6,2.8,2.7,3.6,4.9,4.7,4.8,4.6,5.5,7.2,10,4.1,3.2,3.5,3,2.7,2.3
69,竹山,2,一氧化碳,CO,ppm,2015-01-23,0.35,0.24,0.2,0.15,0.17,0.22,0.35,0.79,0.49,0.55,0.34,0.4,0.41,0.41,0.39,0.5,0.65,0.81,0.91,0.76,0.84,1.03,0.83,0.78
69,竹山,3,臭氧,O3,ppb,2015-01-23,21,23,23,24,18,17,11,8.4,22,33,46,56,70,80,82,84,75,51,37,41,32,18,22,20
69,竹山,4,懸浮微粒,PM10,μg/m3,2015-01-23,65,46,34,28,21,23,29,37,39,31,49,90,106,109,109,121,132,128,128,126,119,126,131,122
69,竹山,5,氮氧化物,NOx,ppb,2015-01-23,9.8,6.7,5.7,5.9,8.6,11,20,38,21,20,14,19,16,12,12,15,21,35,35,28,32,37,29,24
69,竹山,6,一氧化氮,NO,ppb,2015-01-23,0.5,0.5,0.6,0.4,0.8,1,3.1,15,6.2,4.8,2.3,2.4,2,0.7,0.5,0.9,0.9,0.9,1,0.4,0.8,1.2,1,0
69,竹山,7,二氧化氮,NO2,ppb,2015-01-23,9.3,6.2,5.1,5.5,7.8,9.6,17,22,15,15,12,16,14,12,12,14,20,34,34,27,31,36,28,24
69,竹山,10,風速,WIND_SPEED,m/sec,2015-01-23,1.4,1,1.3,1,0.9,0.7,0.6,0.6,0.8,0.7,2.6,2.2,2.5,2.7,2.6,2.7,1.3,1.5,0.8,0.8,0.5,0.6,0.7,0.5
69,竹山,11,風向,WIND_DIREC,degrees,2015-01-23,146,147,159,127,148,154,161,273,137,26,270,255,260,256,281,290,277,141,165,140,204,160,76,332
69,竹山,14,溫度,AMB_TEMP,℃,2015-01-23,9.6,9.1,8.6,8.2,7.8,7.8,7.7,9.1,12.8,16.8,19.7,20.5,21.4,21.7,21.5,20.5,19.1,17.8,15.7,14.7,14,13.1,12.5,11.9
69,竹山,33,細懸浮微粒,PM2.5,μg/m3,2015-01-23,42,28,20,16,13,10,9,16,17,14,16,36,55,60,63,71,72,72,82,82,77,89,101,97
69,竹山,38,相對濕度,RH,percent,2015-01-23,70,65,63,61,63,62,61,56,38,28,34,43,41,41,40,41,46,50,63,66,69,73,75,77
69,竹山,143,小時風速值,WS_HR,m/sec,2015-01-23,1,1,1,0.9,0.6,0.6,0.8,0.6,0.2,0.3,1.3,2.2,2.2,2.4,2,2.5,2,0.6,1.1,1.1,0.3,0.3,0.6,0.6
69,竹山,144,小時風向值,WD_HR,degrees,2015-01-23,144,136,152,138,132,161,129,151,59,84,298,264,262,264,271,290,288,218,139,146,43,77,126,135
70,永和,1,二氧化硫,SO2,ppb,2015-01-23,2.4,2.1,1.7,1.6,1.4,1.6,1.8,2.8,4.6,4.5,3.6,3.4,3.1,3.2,3.1,3.4,3.4,3.1,2.9,2.5,2.3,2.4,3,2.5
70,永和,2,一氧化碳,CO,ppm,2015-01-23,0.71,0.52,0.5,0.46,0.48,0.46,0.63,1.39,2.53,1.01,0.78,0.72,0.55,0.6,0.62,0.74,0.74,0.94,1.1,1,0.99,1.19,1.71,1.78
70,永和,3,臭氧,O3,ppb,2015-01-23,25,32,33,32,31,30,24,12,8.8,30,36,43,51,50,51,43,46,40,30,27,25,19,7.6,3.3
70,永和,4,懸浮微粒,PM10,μg/m3,2015-01-23,82,72,71,67,60,53,56,66,77,82,,61,57,55,54,54,59,64,65,67,67,66,71,68
70,永和,5,氮氧化物,NOx,ppb,2015-01-23,27,16,14,10,10,10,20,58,115,44,27,24,16,20,21,32,29,34,45,45,44,54,86,93
70,永和,6,一氧化氮,NO,ppb,2015-01-23,2.2,1.3,2.1,1,1.1,0.9,2.6,24,72,15,7.1,6.2,3.4,5.4,5.3,7.1,5.6,6.1,8.9,7.5,6.7,11,32,36
70,永和,7,二氧化氮,NO2,ppb,2015-01-23,25,15,12,9,9.3,9.1,17,34,43,28,20,18,12,15,16,25,23,28,36,38,38,43,54,57
70,永和,8,總碳氫化合物,THC,ppm,2015-01-23,2.3,2.2,2.2,2.2,2.1,2.1,2.2,2.5,2.9,2.2,2.1,2.1,2.1,2.1,2.1,2.1,2.1,2.2,2.2,2.2,2.3,2.4,2.7,2.9
70,永和,9,非甲烷碳氫化合物,NMHC,ppm,2015-01-23,0.22,0.17,0.17,0.17,0.17,0.16,0.21,0.45,0.85,0.28,0.23,0.21,0.17,0.2,0.23,0.23,0.23,0.27,0.32,0.3,0.31,0.38,0.59,0.62
70,永和,10,風速,WIND_SPEED,m/sec,2015-01-23,1.7,1.2,1.4,1.1,1.1,1.7,1.7,1.3,1.4,3.1,3.2,2.7,3.3,3.5,2.2,2.3,2.6,2.1,2.2,1.9,1.8,1.3,0.8,0.6
70,永和,11,風向,WIND_DIREC,degrees,2015-01-23,109,115,115,166,129,104,105,161,136,82,75,89,87,89,84,63,104,98,86,84,85,98,127,166
70,永和,14,溫度,AMB_TEMP,℃,2015-01-23,11.9,11.6,11.5,11.2,10.9,10.8,11,11.5,13.4,16.1,17.6,18.9,19.8,20.3,20.6,20.3,19.5,18.2,17.1,16.6,16.3,16.1,16.1,15.7
70,永和,31,甲烷,CH4,ppm,2015-01-23,2.1,2,2,2,2,2,2,2,2.1,1.9,1.9,1.9,1.9,1.9,1.9,1.9,1.9,1.9,1.9,1.9,2,2,2.1,2.2
70,永和,33,細懸浮微粒,PM2.5,μg/m3,2015-01-23,53,48,45,39,37,40,38,39,45,50,,37,34,33,33,31,34,40,42,43,45,43,41,45
70,永和,38,相對濕度,RH,percent,2015-01-23,77,77,77,77,77,76,74,72,66,58,54,50,43,40,39,42,48,55,62,64,65,66,66,68
70,永和,143,小時風速值,WS_HR,m/sec,2015-01-23,1.3,1.3,0.8,0.9,0.9,1.3,1.3,1.1,1.1,2.6,3.2,2.9,2.8,2.7,2.2,2.2,2.2,2,2,1.9,1.8,1.5,0.8,0.5
70,永和,144,小時風向值,WD_HR,degrees,2015-01-23,106,109,125,133,133,111,110,120,142,87,80,82,94,89,96,76,93,94,89,86,84,89,107,142
71,復興,1,二氧化硫,SO2,ppb,2015-01-23,3.1,4.9,4.7,3.8,3.1,2.8,2.7,3,3.9,5.1,6.9,8,8.3,6.5,4.8,3.8,3.7,4.4,5.8,5.9,7,7.3,8.3,5.9
71,復興,2,一氧化碳,CO,ppm,2015-01-23,1.38,1.11,0.8,0.58,0.41,0.43,0.65,1.14,1.68,1.16,1.04,0.78,0.9,0.65,0.58,0.56,0.7,1.14,1.8,2.03,1.94,2.21,2.81,1.4
71,復興,3,臭氧,O3,ppb,2015-01-23,4.8,4.7,15,28,34,30,23,13,9.4,17,34,48,59,71,66,67,62,49,25,9.2,5.8,1.6,1.6,14
71,復興,4,懸浮微粒,PM10,μg/m3,2015-01-23,170,174,154,120,86,68,65,70,83,98,106,105,110,111,99,94,89,87,103,128,128,119,126,123
71,復興,5,氮氧化物,NOx,ppb,2015-01-23,57,54,40,19,14,15,24,47,65,58,44,30,34,25,19,16,18,32,62,99,97,99,130,68
71,復興,6,一氧化氮,NO,ppb,2015-01-23,5.4,3.7,2.1,2.6,2.8,3.2,5.3,14,19,15,5.4,3.6,3.4,3,3.2,2.7,2.5,3.6,11,28,26,25,55,14
71,復興,7,二氧化氮,NO2,ppb,2015-01-23,52,51,38,16,11,12,19,33,46,43,39,27,30,22,16,13,15,29,51,71,71,74,76,54
71,復興,8,總碳氫化合物,THC,ppm,2015-01-23,2.8,2.9,2.6,2.4,2.2,2.2,2.3,2.4,2.7,2.6,2.4,2.3,2.3,2.2,2.1,2.1,2.2,2.4,2.8,2.9,2.9,3.3,3.7,2.8
71,復興,9,非甲烷碳氫化合物,NMHC,ppm,2015-01-23,0.59,0.66,0.42,0.27,0.19,0.19,0.26,0.46,0.72,0.61,0.46,0.31,0.32,0.2,0.17,0.17,0.24,0.42,0.75,0.85,0.86,1.13,1.42,0.65
71,復興,10,風速,WIND_SPEED,m/sec,2015-01-23,1,0.8,1.1,1.5,1.7,1.1,1.9,1.4,1.4,0.7,0.8,0.9,1.2,1.2,0.9,1.3,0.9,0.6,1.3,0.8,0.7,0.5,0.8,1.2
71,復興,11,風向,WIND_DIREC,degrees,2015-01-23,104,101,99,81,77,117,116,89,110,214,219,257,230,229,249,264,274,238,108,113,122,203,104,123
71,復興,14,溫度,AMB_TEMP,℃,2015-01-23,16.4,16.5,16.3,16.2,16.1,15.9,15.9,16,17.2,18.5,20.1,21.4,21.6,21.5,21.4,20.7,20.1,19.5,19.5,19.3,19.1,18.6,18.3,18
71,復興,31,甲烷,CH4,ppm,2015-01-23,2.2,2.2,2.2,2.1,2,2,2,2,2,2,2,2,2,2,1.9,1.9,1.9,2,2,2.1,2.1,2.2,2.3,2.1
71,復興,33,細懸浮微粒,PM2.5,μg/m3,2015-01-23,95,100,96,78,54,40,36,30,33,42,48,47,56,60,48,42,41,42,45,51,59,65,68,64
71,復興,38,相對濕度,RH,percent,2015-01-23,65,65,65,66,64,62,60,56,53,51,47,47,53,54,52,57,59,57,54,53,52,54,56,55
71,復興,143,小時風速值,WS_HR,m/sec,2015-01-23,0.6,0.7,1,1.3,1.7,1.4,1.1,1.7,1.3,1,0.5,0.8,0.8,1,0.9,0.8,0.7,0.4,0.5,0.9,0.6,0.4,0.5,1
71,復興,144,小時風向值,WD_HR,degrees,2015-01-23,129,113,90,82,86,90,108,95,109,115,204,231,239,223,227,269,259,229,136,112,126,182,141,100
72,埔里,1,二氧化硫,SO2,ppb,2015-01-23,2.3,1.6,2.7,1.2,1.1,1.1,1.5,2.5,1.9,2.8,,,1.9,1.8,2.6,x,5.1,5.2,5.2,4.1,3.7,4,4.2,3.7
72,埔里,2,一氧化碳,CO,ppm,2015-01-23,0.38,0.3,0.27,0.27,0.27,0.26,0.36,0.69,0.68,0.69,0.3,x,x,x,x,x,0.55,0.72,0.93,0.95,0.99,1.16,0.95,0.83
72,埔里,3,臭氧,O3,ppb,2015-01-23,21,20,20,19,17,16,5.9,7.7,16,22,,,x,x,x,x,79,72,57,39,24,14,15,14
72,埔里,4,懸浮微粒,PM10,μg/m3,2015-01-23,44,35,32,33,32,28,22,31,37,43,43,35,40,46,,75,88,99,103,101,105,109,100,90
72,埔里,5,氮氧化物,NOx,ppb,2015-01-23,13,11,9.8,7.9,7.8,9.2,19,29,29,35,,,x,x,x,x,x,x,x,33,42,45,37,28
72,埔里,6,一氧化氮,NO,ppb,2015-01-23,1,0.7,0.8,0.9,0.7,0.8,2.9,12,11,12,,,x,x,x,x,x,x,x,0.2,0.6,4.1,1.7,1.6
72,埔里,7,二氧化氮,NO2,ppb,2015-01-23,12,9.8,9,7,7.2,8.4,16,17,18,23,,,,,,x,x,x,x,33,41,41,35,26
72,埔里,10,風速,WIND_SPEED,m/sec,2015-01-23,1,0.8,0.6,1.4,0.6,0.7,0.7,0.6,0.9,1.1,1.3,2.1,1.7,3.7,3.9,3.6,3.5,0.8,1.3,0.8,0.9,0.9,0.5,0.7
72,埔里,11,風向,WIND_DIREC,degrees,2015-01-23,159,242,75,229,91,328,107,297,121,290,253,287,291,291,277,277,279,245,147,263,159,307,237,252
72,埔里,14,溫度,AMB_TEMP,℃,2015-01-23,9.7,9.1,8.5,8,7.4,7.1,6.6,6.9,9.2,12.3,15.7,19,19.8,20.8,20.5,20,18.9,17.4,16.6,15,14,13,12.1,11.5
72,埔里,33,細懸浮微粒,PM2.5,μg/m3,2015-01-23,30,28,19,17,17,13,13,15,11,18,19,12,17,24,,51,54,60,66,71,70,70,72,69
72,埔里,38,相對濕度,RH,percent,2015-01-23,69,69,67,68,68,67,71,68,59,51,34,32,33,34,41,40,42,48,51,58,64,67,71,73
72,埔里,143,小時風速值,WS_HR,m/sec,2015-01-23,0.4,0.5,0.5,0.3,0.1,0.1,0.1,0.3,0.4,0.2,0.2,1.4,1.2,1.9,3.4,3.6,3.7,1.8,0.3,0.9,0.4,0.4,0.5,0.4
72,埔里,144,小時風向值,WD_HR,degrees,2015-01-23,257,279,195,233,280,231,340,282,150,299,336,295,294,288,285,279,280,280,203,155,164,312,300,300
75,馬祖,1,二氧化硫,SO2,ppb,2015-01-23,4.6,5.7,5.1,5.2,5.4,5.5,5.7,5.7,6.1,6.2,6.5,6.9,6.9,6.4,5.8,5.7,5.2,4.6,4.3,4.2,4,4.2,4,3.8
75,馬祖,2,一氧化碳,CO,ppm,2015-01-23,0.45,0.51,0.58,0.62,0.68,0.7,0.72,0.8,0.79,0.74,0.79,0.85,0.82,0.79,0.76,0.76,0.74,0.85,0.78,0.66,0.65,0.63,0.61,0.58
75,馬祖,3,臭氧,O3,ppb,2015-01-23,64,63,61,59,55,52,50,46,45,48,52,57,61,64,66,70,70,66,65,65,63,64,62,61
75,馬祖,4,懸浮微粒,PM10,μg/m3,2015-01-23,89,98,110,119,123,123,128,132,130,130,128,130,133,134,133,133,136,139,137,122,112,111,108,101
75,馬祖,5,氮氧化物,NOx,ppb,2015-01-23,7.7,8.7,8.9,7.3,7.5,7.8,8,12,11,10,12,12,12,13,13,12,13,16,14,11,12,11,11,10
75,馬祖,6,一氧化氮,NO,ppb,2015-01-23,1.2,1.8,1.3,0.6,0.7,0.6,0.4,1.8,1.4,1,1.3,1.4,1.3,1.4,1.3,0.8,1.5,1.4,1.1,0.7,0.9,0.8,0.5,0.6
75,馬祖,7,二氧化氮,NO2,ppb,2015-01-23,6.6,7,7.6,6.7,6.8,7.2,7.6,9.9,10,9.5,10,11,11,12,12,11,12,15,13,10,11,9.7,10,9.5
75,馬祖,10,風速,WIND_SPEED,m/sec,2015-01-23,2.4,2.8,3.4,3.7,3.3,3.4,3.1,2.9,3.8,4.4,4.3,3.8,3.1,2.6,3,2.7,2.9,2.5,2.3,2.4,3.6,3.6,3.8,3.1
75,馬祖,11,風向,WIND_DIREC,degrees,2015-01-23,61,56,55,51,53,50,67,70,61,39,38,37,44,47,50,56,44,48,41,86,87,72,84,151
75,馬祖,14,溫度,AMB_TEMP,℃,2015-01-23,11.2,10.8,10.7,10.4,10.2,10.1,10,10,10.6,11,11.3,11.7,12.2,12.9,12.6,12.2,12,11.7,11.4,11.5,11.5,11.6,11.6,11.6
75,馬祖,21,酸雨,PH_RAIN,pH,2015-01-23,0,0,0,0,0,0,0,0,0,0,0,0,0,0,0,0,0,0,0,0,0,0,0,0
75,馬祖,22,導電度,RAIN_COND,μmho/cm,2015-01-23,0,0,0,0,0,0,0,0,0,0,0,0,0,0,0,0,0,0,0,0,0,0,0,0
75,馬祖,32,降雨強度,RAIN_INT,㎜,2015-01-23,0,0,0,0,0,0,0,0,0,0,0,0,0,0,0,0,0,0,0,0,0,0,0,0
75,馬祖,33,細懸浮微粒,PM2.5,μg/m3,2015-01-23,48,55,64,72,75,76,78,81,83,84,81,81,82,81,82,86,86,88,88,78,73,73,70,70
75,馬祖,38,相對濕度,RH,percent,2015-01-23,72,76,76,77,78,79,79,79,77,75,73,71,70,69,71,75,78,82,84,85,86,84,84,83
75,馬祖,143,小時風速值,WS_HR,m/sec,2015-01-23,1.7,1.9,2.3,2.9,2.2,3,2.3,1.7,2.4,3.1,4,3.8,3,2.4,2.6,1.9,2.4,2.3,2.1,1,1.3,1.4,1.6,0.9
75,馬祖,144,小時風向值,WD_HR,degrees,2015-01-23,55,60,56,54,57,50,56,68,57,48,36,37,39,45,47,51,45,48,43,78,89,85,90,101
77,金門,1,二氧化硫,SO2,ppb,2015-01-23,7,8.3,9.5,11,11,16,13,9.4,9.4,8.3,11,12,10,7.4,5.7,4.7,4.3,3.9,3.3,4.5,5.9,6.5,6.5,11
77,金門,2,一氧化碳,CO,ppm,2015-01-23,0.62,0.64,0.67,0.68,0.66,0.63,0.57,0.58,0.56,0.54,0.58,0.59,0.58,0.55,0.56,0.56,0.6,0.71,0.77,0.67,0.65,0.67,0.68,0.75
77,金門,3,臭氧,O3,ppb,2015-01-23,54,48,49,42,41,40,41,44,50,55,57,60,69,79,73,70,66,58,55,54,52,47,44,34
77,金門,4,懸浮微粒,PM10,μg/m3,2015-01-23,149,155,154,160,164,174,171,141,123,125,139,152,154,143,125,111,100,105,111,110,112,117,125,145
77,金門,5,氮氧化物,NOx,ppb,2015-01-23,12,15,13,18,18,19,18,18,16,15,17,19,19,16,14,13,14,22,20,17,17,18,19,24
77,金門,6,一氧化氮,NO,ppb,2015-01-23,1,0.9,1.1,1.3,1.1,1.2,1.2,1.4,1.6,1.8,2.2,2.4,2.2,1.7,1.5,1.4,1.3,1.3,1.2,1.1,1.1,1.1,1.3,1.2
77,金門,7,二氧化氮,NO2,ppb,2015-01-23,11,14,12,16,16,18,17,17,15,13,15,16,16,14,12,12,12,21,18,16,16,17,18,23
77,金門,10,風速,WIND_SPEED,m/sec,2015-01-23,1.6,1.7,1.6,1.7,1.6,1.6,1.9,2.6,3.7,3.8,3.4,2.6,2.3,1.9,4.7,4.5,3,3.2,2.5,2.4,2.3,1.3,1.4,1.9
77,金門,11,風向,WIND_DIREC,degrees,2015-01-23,66,60,44,39,27,39,39,47,50,53,58,60,75,85,124,118,110,100,102,78,74,74,65,48
77,金門,14,溫度,AMB_TEMP,℃,2015-01-23,13.2,12.8,12.4,12,11.6,11.5,11.3,11.7,12.9,14.1,15,16,16.8,17.7,17.4,16.7,16.1,15,14.2,13.7,13.4,13.3,13.2,12.9
77,金門,21,酸雨,PH_RAIN,pH,2015-01-23,0,0,0,0,0,0,0,0,0,0,0,0,0,0,0,0,0,0,0,0,0,0,0,0
77,金門,22,導電度,RAIN_COND,μmho/cm,2015-01-23,0,0,0,0,0,0,0,0,0,0,0,0,0,0,0,0,0,0,0,0,0,0,0,0
77,金門,32,降雨強度,RAIN_INT,㎜,2015-01-23,0,0,0,0,0,0,0,0,0,0,0,0,0,0,0,0,0,0,0,0,0,0,0,0
77,金門,33,細懸浮微粒,PM2.5,μg/m3,2015-01-23,78,79,79,82,81,82,74,63,58,54,58,67,71,67,61,56,57,63,70,71,71,71,73,82
77,金門,38,相對濕度,RH,percent,2015-01-23,75,76,74,74,74,72,71,70,64,59,55,51,47,44,50,53,58,67,73,76,78,78,77,76
77,金門,143,小時風速值,WS_HR,m/sec,2015-01-23,1.5,1.3,1.4,1.1,0.6,0.8,0.5,0.8,1.5,2,2.9,2.4,2.1,1.3,3.3,4.3,3.9,3.3,2,2.4,2,1,1,0.8
77,金門,144,小時風向值,WD_HR,degrees,2015-01-23,66,60,44,39,27,39,39,47,50,53,58,60,75,85,124,118,110,100,102,78,74,74,65,48
78,馬公,1,二氧化硫,SO2,ppb,2015-01-23,3.2,2.3,1.7,1.8,2.2,2.1,2,2,2.2,2.5,2.4,2.4,3,3.1,3.2,2.9,2.8,2.3,2.3,2.4,2.4,2,2,2.3
78,馬公,2,一氧化碳,CO,ppm,2015-01-23,0.29,0.32,0.31,0.37,0.48,0.45,0.42,0.46,0.45,0.45,0.44,0.46,0.47,0.45,0.42,0.44,0.49,0.5,0.42,0.43,0.42,0.4,0.39,0.37
78,馬公,3,臭氧,O3,ppb,2015-01-23,57,57,60,58,47,47,49,49,51,53,57,59,63,62,65,64,65,60,59,60,61,61,59,57
78,馬公,4,懸浮微粒,PM10,μg/m3,2015-01-23,67,68,70,75,83,88,81,77,78,71,71,72,73,77,76,68,70,75,68,67,66,67,70,66
78,馬公,5,氮氧化物,NOx,ppb,2015-01-23,6.5,7.7,5.8,6.5,9.7,11,9.8,10,9.9,x,8,7.4,6.8,6.3,6.1,6.2,7,7.6,7.9,8.6,8.6,7.7,7.1,6.9
78,馬公,6,一氧化氮,NO,ppb,2015-01-23,1.6,1.6,1.8,1.9,1.9,1.9,1.8,2.2,2.6,x,2.3,2,2.1,1.9,1.8,1.9,1.7,1.8,1.8,1.7,1.7,1.6,1.7,1.7
78,馬公,7,二氧化氮,NO2,ppb,2015-01-23,5,6.1,4,4.6,7.8,8.8,8,8.1,7.4,x,5.8,5.3,4.7,4.4,4.3,4.3,5.2,5.8,6.1,6.9,6.9,6.1,5.4,5.2
78,馬公,10,風速,WIND_SPEED,m/sec,2015-01-23,3.7,4.3,4.5,4.9,4.9,4.5,5.8,4.2,4.5,3.9,5.3,5.1,5.1,5,5.4,4.5,4.3,4.4,3.6,3.5,3,2.6,2.9,3.3
78,馬公,11,風向,WIND_DIREC,degrees,2015-01-23,67,78,75,77,74,70,56,67,82,82,89,79,82,77,83,76,90,63,61,58,58,78,75,74
78,馬公,14,溫度,AMB_TEMP,℃,2015-01-23,17.6,17.4,16.9,16.3,15.8,15.2,15,15.2,15.8,16.6,17.3,18,18.3,18.4,18.2,18,17.3,16.6,16.5,16.5,16.4,16.3,16.3,16.4
78,馬公,21,酸雨,PH_RAIN,pH,2015-01-23,0,0,0,0,0,0,0,0,0,0,0,0,0,0,0,0,0,0,0,0,0,0,0,0
78,馬公,22,導電度,RAIN_COND,μmho/cm,2015-01-23,0,0,0,0,0,0,0,0,0,0,0,0,0,0,0,0,0,0,0,0,0,0,0,0
78,馬公,32,降雨強度,RAIN_INT,㎜,2015-01-23,0,0,0,0,0,0,0,0,0,0,0,0,0,0,0,0,0,0,0,0,0,0,0,0
78,馬公,33,細懸浮微粒,PM2.5,μg/m3,2015-01-23,30,34,36,36,42,46,41,38,39,40,43,43,43,43,42,35,36,39,37,37,41,38,34,37
78,馬公,38,相對濕度,RH,percent,2015-01-23,43,48,51,58,64,67,66,65,64,61,59,59,58,58,58,58,65,66,65,68,70,74,77,78
78,馬公,143,小時風速值,WS_HR,m/sec,2015-01-23,2.6,2.6,2.9,3.1,3.2,3.5,4,3.7,2.7,2.7,2.6,1.7,2.9,2.8,2.8,2.6,2.5,3,3.1,2.8,2.4,1.8,1.5,1.7
78,馬公,144,小時風向值,WD_HR,degrees,2015-01-23,66,81,77,76,77,77,62,59,80,78,83,93,77,76,81,73,79,72,62,57,60,71,70,75
80,關山,1,二氧化硫,SO2,ppb,2015-01-23,3.2,2.8,2.7,2.8,2.8,3,2.2,2.5,2.8,2.6,2.5,2.7,2.4,2.2,2.3,2.5,2.8,2.6,2.7,2.7,2.7,2.4,2.4,2.3
80,關山,3,臭氧,O3,ppb,2015-01-23,48,46,46,44,45,42,30,32,35,39,43,52,55,53,53,53,51,49,49,46,43,42,42,41
80,關山,4,懸浮微粒,PM10,μg/m3,2015-01-23,111,109,105,101,98,94,83,75,83,79,71,68,65,59,62,65,64,68,66,66,67,66,66,64
80,關山,5,氮氧化物,NOx,ppb,2015-01-23,6.7,6.8,5.2,x,x,4.9,5.6,7.9,9.1,6.8,5.4,5.6,2.9,3,3.4,x,4.7,x,5.7,7,8.4,5.5,4.9,x
80,關山,6,一氧化氮,NO,ppb,2015-01-23,1.6,1.4,1.3,x,x,0.6,0.3,0.4,0.4,0.7,0.5,0.5,0.1,0.2,0.2,x,0.2,x,0.1,0.4,0.5,0.4,0.2,x
80,關山,7,二氧化氮,NO2,ppb,2015-01-23,5.1,5.4,3.9,x,x,4.3,5.3,7.5,8.6,6.1,4.9,5.2,2.8,2.9,3.3,x,4.6,x,5.6,6.7,8,5.1,4.7,x
80,關山,10,風速,WIND_SPEED,m/sec,2015-01-23,1.3,0.9,1.2,1.3,1.2,0.9,0.5,0.9,1.7,1.8,2.4,1.2,1.4,2.1,1.6,2.3,1.7,1.1,1.6,1.6,1.3,1.1,1.2,0.7
80,關山,11,風向,WIND_DIREC,degrees,2015-01-23,76,17,66,83,48,42,26,45,70,79,73,293,318,181,220,196,206,359,48,48,66,55,351,333
80,關山,14,溫度,AMB_TEMP,℃,2015-01-23,13.5,13.3,13.2,13,13,12.9,12.6,12.9,13.6,14.6,15.9,17.4,18.3,19.8,20.2,18.7,17.7,17.1,16.5,16.2,15.9,15.4,15.2,14.5
80,關山,33,細懸浮微粒,PM2.5,μg/m3,2015-01-23,60,59,54,54,56,50,39,38,43,38,33,32,30,30,30,33,34,34,33,33,35,34,35,37
80,關山,38,相對濕度,RH,percent,2015-01-23,77,78,79,80,79,78,78,73,72,64,59,53,47,43,46,52,58,61,61,62,63,67,68,71
80,關山,143,小時風速值,WS_HR,m/sec,2015-01-23,0.7,0.6,0.7,0.9,0.6,0.7,0.4,0.5,0.9,1.6,1.2,1.3,0.6,1,1.3,2.2,2.2,1,0.3,1.1,1.1,0.5,0.6,0.6
80,關山,144,小時風向值,WD_HR,degrees,2015-01-23,49,45,56,64,48,52,21,20,52,70,78,78,242,175,182,206,209,223,19,53,59,36,50,333
83,麥寮,1,二氧化硫,SO2,ppb,2015-01-23,3.8,4.2,7.5,7.2,5.8,8.7,11,5.4,6.4,8.8,4.7,4.6,4.8,5.2,5.2,4.4,4,3.9,4,4,3.6,3.6,4.1,6.4
83,麥寮,2,一氧化碳,CO,ppm,2015-01-23,0.4,0.37,0.55,0.6,0.6,0.74,0.78,0.64,0.62,0.54,0.35,0.39,0.45,0.48,0.47,0.45,0.46,0.58,0.63,0.68,0.85,0.75,0.76,0.85
83,麥寮,3,臭氧,O3,ppb,2015-01-23,37,37,27,22,19,17,12,11,15,27,44,55,68,77,76,72,68,59,45,33,19,18,16,14
83,麥寮,4,懸浮微粒,PM10,μg/m3,2015-01-23,77,73,79,83,79,79,92,88,95,77,78,106,139,141,185,166,114,126,132,132,142,137,143,149
83,麥寮,5,氮氧化物,NOx,ppb,2015-01-23,13,12,19,22,21,27,38,43,40,31,15,14,13,14,14,13,12,17,22,28,37,32,32,36
83,麥寮,6,一氧化氮,NO,ppb,2015-01-23,1.7,1.7,2,2.5,2,2.4,6.1,16,15,11,4.2,3.4,3,2.3,2.9,2.8,2.6,2.8,2.6,3.7,6.2,3.2,3.2,3.3
83,麥寮,7,二氧化氮,NO2,ppb,2015-01-23,11,9.9,17,20,19,24,32,27,25,21,11,10,10,11,11,11,9.6,15,19,24,31,29,29,33
83,麥寮,8,總碳氫化合物,THC,ppm,2015-01-23,2.1,2,2.3,2.3,2.3,2.4,2.1,2.4,2.4,1.9,1.8,1.8,1.8,1.8,1.8,1.8,1.9,2,2.3,2.6,2.7,3.3,2.6,3.4
83,麥寮,9,非甲烷碳氫化合物,NMHC,ppm,2015-01-23,0.1,0.1,0.12,0.14,0.14,0.12,0.14,0.22,0.2,0.12,0.06,0.07,0.07,0.07,0.06,0.06,0.06,0.09,0.11,0.12,0.19,0.18,0.18,0.23
83,麥寮,10,風速,WIND_SPEED,m/sec,2015-01-23,2.6,2.1,2.1,0.9,1.1,2.3,1.4,1.5,1.6,2.8,3.8,2.9,2.9,3.7,4.9,5.4,3.8,2,1.5,1,1,1.8,2.3,1.8
83,麥寮,11,風向,WIND_DIREC,degrees,2015-01-23,51,30,28,57,26,37,71,44,35,6.3,36,2.3,304,269,211,87,76,68,25,18,17,38,24,25
83,麥寮,14,溫度,AMB_TEMP,℃,2015-01-23,14.5,14.4,13.9,12.9,12.2,13.1,12.8,11.9,13.7,16.5,17.7,18.6,18.9,19.1,18.6,18.4,18,17.5,16.6,16.2,15.6,15.4,15.4,15.5
83,麥寮,31,甲烷,CH4,ppm,2015-01-23,2,1.9,2.2,2.2,2.2,2.3,2,2.2,2.2,1.8,1.7,1.8,1.8,1.8,1.8,1.8,1.8,1.9,2.2,2.5,2.5,3.1,2.5,3.2
83,麥寮,33,細懸浮微粒,PM2.5,μg/m3,2015-01-23,46,41,40,43,47,47,48,48,45,35,29,35,44,52,55,55,55,63,70,67,67,73,79,85
83,麥寮,38,相對濕度,RH,percent,2015-01-23,45,42,47,53,57,52,54,57,53,42,50,52,54,54,58,61,64,67,73,76,78,79,79,77
83,麥寮,143,小時風速值,WS_HR,m/sec,2015-01-23,1.1,1.6,1.7,1.1,0.7,0.7,1.7,1.3,1.1,0.4,1.4,0.8,1.4,1.8,0.6,0.9,1.2,1,1,1,0.8,1,1.1,1.5
83,麥寮,144,小時風向值,WD_HR,degrees,2015-01-23,53,34,31,46,41,65,41,56,41,349,39,27,309,279,175,98,71,59,32,23,20,30,25,28
