SiteId,SiteName,ItemId,ItemName,ItemEngName,ItemUnit,MonitorDate,MonitorValue00,MonitorValue01,MonitorValue02,MonitorValue03,MonitorValue04,MonitorValue05,MonitorValue06,MonitorValue07,MonitorValue08,MonitorValue09,MonitorValue10,MonitorValue11,MonitorValue12,MonitorValue13,MonitorValue14,MonitorValue15,MonitorValue16,MonitorValue17,MonitorValue18,MonitorValue19,MonitorValue20,MonitorValue21,MonitorValue22,MonitorValue23
1,基隆,1,二氧化硫,SO2,ppb,2002-08-16,x,x,x,x,x,x,x,x,x,x,x,x,x,x,x,x,x,x,x,x,x,x,x,x
1,基隆,2,一氧化碳,CO,ppm,2002-08-16,0.27,0.26,0.26,0.25,0.25,0.32,0.35,0.36,0.31,0.34,0.37,0.28,0.3,0.32,0.31,0.35,0.35,0.46,0.36,0.32,0.32,0.35,0.58,0.58
1,基隆,3,臭氧,O3,ppb,2002-08-16,8.5,8.7,8.3,8.4,8.4,7.3,x,9.7,12,13,14,15,16,14,14,16,12,10,9.6,10,12,11,11,11
1,基隆,4,懸浮微粒,PM10,μg/m3,2002-08-16,14,11,17,16,11,26,25,21,21,15,11,19,16,12,19,15,14,14,17,17,11,18,11,11
1,基隆,5,氮氧化物,NOx,ppb,2002-08-16,0.7,0.4,0.8,x,2.6,5.5,6.4,5.4,4.6,5.1,4.6,3,3.3,3.7,4.1,4.8,6.3,8.7,5.2,4.3,3.7,4.7,3.5,2.7
1,基隆,6,一氧化氮,NO,ppb,2002-08-16,0.1,0,0.1,x,0.2,1.3,2.5,2.2,1.9,2.1,1.9,0.9,1,1.3,1.6,1.8,2.8,3.8,2.1,1.6,0.9,1.6,0.9,0.5
1,基隆,7,二氧化氮,NO2,ppb,2002-08-16,0.7,0.4,0.6,x,2.4,4.2,3.9,3.2,2.8,3,2.8,2.2,2.3,2.3,2.5,3,3.5,4.9,3.1,2.7,2.8,3.1,2.6,2.2
1,基隆,8,總碳氫化合物,THC,ppm,2002-08-16,1.7,x,1.8,1.8,1.7,1.9,2,1.8,1.6,1.7,1.7,1.6,1.6,1.6,1.8,1.8,1.9,2,1.8,1.7,1.7,1.7,1.7,1.7
1,基隆,9,非甲烷碳氫化合物,NMHC,ppm,2002-08-16,0.03,x,0.04,0.02,0.03,0.04,0.08,0.09,0.03,0.03,0.05,0.05,0.05,0.06,0.03,0.03,0.16,0.14,0.05,0.05,0.04,0.03,0.03,0.02
1,基隆,10,風速,WIND_SPEED,m/sec,2002-08-16,1.7,1.3,0.7,0.7,0.6,0.2,0.6,0.8,2.3,2.2,2.9,3,2.2,2.2,2.7,2.6,2.3,2.5,2.6,2.4,2,1.6,1.6,1.7
1,基隆,11,風向,WIND_DIREC,degrees,2002-08-16,170,181,169,173,158,174,178,165,165,175,138,157,139,136,136,138,114,108,160,176,164,168,174,174
1,基隆,14,溫度,AMB_TEMP,℃,2002-08-16,28.8,28.5,28.1,28.1,28,27.9,30.1,31.2,32.1,33.1,33.1,33,33.9,34.1,33.4,32.7,31.8,30.8,29.3,28.9,28.8,28.8,28.6,28.4
1,基隆,31,甲烷,CH4,ppm,2002-08-16,1.7,x,1.7,1.8,1.7,1.8,1.9,1.7,1.6,1.7,1.7,1.6,1.6,1.6,1.8,1.8,1.8,1.8,1.8,1.6,1.7,1.7,1.7,1.7
2,汐止,1,二氧化硫,SO2,ppb,2002-08-16,0.5,0.4,0.4,0.4,0.6,1.1,1.7,1.7,0.3,0.1,0.1,0.1,0.1,0.1,0.1,0.1,0.2,0.1,0.1,0.3,0.2,0.7,0.9,0.7
2,汐止,2,一氧化碳,CO,ppm,2002-08-16,0.56,0.49,0.44,0.36,0.38,0.53,0.72,0.68,0.39,0.27,0.26,0.25,0.3,0.26,0.25,0.29,0.32,0.35,0.36,0.43,0.38,0.41,0.53,0.36
2,汐止,3,臭氧,O3,ppb,2002-08-16,3.3,3.3,3.3,3.5,3.5,3.8,x,7,12,13,13,15,15,15,15,16,16,14,12,8.4,9.4,6.3,3.9,7.2
2,汐止,4,懸浮微粒,PM10,μg/m3,2002-08-16,23,23,27,19,19,15,13,22,14,21,16,14,14,13,21,15,15,13,15,22,22,25,18,14
2,汐止,5,氮氧化物,NOx,ppb,2002-08-16,27,24,21,x,24,26,42,40,12,7.9,7.4,5.7,6.6,5.2,5.2,6.7,6.9,7.4,6.6,9.6,8.3,13,23,14
2,汐止,6,一氧化氮,NO,ppb,2002-08-16,17,14,12,x,15,17,30,28,6.2,3.7,3.6,2.3,3.1,2.4,2.6,3.2,3.1,3.7,2.8,3.4,3,4.7,12,5.6
2,汐止,7,二氧化氮,NO2,ppb,2002-08-16,9.8,9.7,8.7,x,8.6,8.5,12,12,5.9,4.2,3.8,3.3,3.6,2.8,2.6,3.4,3.8,3.8,3.9,6.2,5.3,8.1,10,8.1
2,汐止,10,風速,WIND_SPEED,m/sec,2002-08-16,0.6,0.4,0.2,1.1,0.3,0,0.1,0.6,1.3,3,3,2.9,2.8,4,5.6,4.3,3.6,3.6,2.7,1.7,2.1,1.4,1.1,2.6
2,汐止,11,風向,WIND_DIREC,degrees,2002-08-16,219,212,888,92,93,888,888,888,888,81,79,94,180,132,170,165,160,158,128,86,98,72,69,60
2,汐止,14,溫度,AMB_TEMP,℃,2002-08-16,27.6,27.5,27.1,27.1,27.3,27.1,29,31.4,32.9,32.7,33.5,33.9,34,33.7,32.9,32.5,31.8,31,30,29.5,29.4,29.2,28.6,29
3,萬里,1,二氧化硫,SO2,ppb,2002-08-16,x,x,x,x,x,x,x,x,x,x,x,x,x,x,x,x,x,x,x,x,x,x,x,x
3,萬里,2,一氧化碳,CO,ppm,2002-08-16,0.18,0.24,0.22,0.2,0.24,0.27,0.3,0.26,0.18,0.11,0.11,0.2,0.25,0.23,0.12,0.19,0.2,0.21,0.24,0.26,0.26,0.3,0.41,0.2
3,萬里,3,臭氧,O3,ppb,2002-08-16,1.9,2,2,2.7,2.8,2.3,x,11,13,15,16,15,18,16,16,17,13,11,8.5,6.9,6.9,6.1,4.3,7.3
3,萬里,4,懸浮微粒,PM10,μg/m3,2002-08-16,x,x,x,x,x,x,x,x,x,x,x,x,x,x,x,x,x,x,x,x,x,x,x,x
3,萬里,5,氮氧化物,NOx,ppb,2002-08-16,x,x,x,x,x,x,x,x,x,x,x,x,x,x,x,x,x,x,x,x,x,x,x,x
3,萬里,6,一氧化氮,NO,ppb,2002-08-16,x,x,x,x,x,x,x,x,x,x,x,x,x,x,x,x,x,x,x,x,x,x,x,x
3,萬里,7,二氧化氮,NO2,ppb,2002-08-16,x,x,x,x,x,x,x,x,x,x,x,x,x,x,x,x,x,x,x,x,x,x,x,x
3,萬里,8,總碳氫化合物,THC,ppm,2002-08-16,x,x,x,x,x,x,x,x,x,x,x,x,x,x,x,x,x,x,x,x,x,x,x,x
3,萬里,9,非甲烷碳氫化合物,NMHC,ppm,2002-08-16,x,x,x,x,x,x,x,x,x,x,x,x,x,x,x,x,x,x,x,x,x,x,x,x
3,萬里,10,風速,WIND_SPEED,m/sec,2002-08-16,1.1,1.1,2,2.3,1.5,1.6,1.5,0.9,2.6,3.4,3.1,4.1,4.1,2.9,3.5,2.9,3.5,3,1.8,1.3,1.6,1.3,0.6,1.3
3,萬里,11,風向,WIND_DIREC,degrees,2002-08-16,217,230,229,233,228,229,226,156,144,143,110,117,888,888,888,888,103,123,152,187,225,207,223,183
3,萬里,14,溫度,AMB_TEMP,℃,2002-08-16,26.9,26.7,26.1,26.1,26.6,26.3,28.5,31.9,32.3,32.7,33,33.1,33.8,34.4,34.2,34.2,32.4,30.7,29.8,29.3,29,28.5,28.2,28.4
3,萬里,21,酸雨,PH_RAIN,pH,2002-08-16,0,0,0,0,0,0,0,0,0,0,0,0,0,0,0,0,0,0,0,0,0,0,0,0
3,萬里,22,導電度,RAIN_COND,μmho/cm,2002-08-16,0,0,0,0,0,0,0,0,0,0,0,0,0,0,0,0,0,0,0,0,0,0,0,0
3,萬里,31,甲烷,CH4,ppm,2002-08-16,x,x,x,x,x,x,x,x,x,x,x,x,x,x,x,x,x,x,x,x,x,x,x,x
3,萬里,32,降雨強度,RAIN_INT,㎜,2002-08-16,0,0,0,0,0,0,0,0,0,0,0,0,0,0,0,0,0,0,0,0,0,0,0,0
4,新店,1,二氧化硫,SO2,ppb,2002-08-16,0.1,0.1,0.1,0.1,0.1,0.3,0.5,0.4,0.3,0.2,0.2,0.2,0.1,0.1,0.1,0.4,0.1,0.1,0.1,0.1,0.1,0.1,0.1,0.1
4,新店,2,一氧化碳,CO,ppm,2002-08-16,0.13,0.2,0.2,0.19,0.21,0.26,0.29,0.35,0.32,0.24,0.28,0.25,0.27,0.23,0.21,0.28,0.26,0.31,0.36,0.34,0.31,0.27,0.23,0.17
4,新店,3,臭氧,O3,ppb,2002-08-16,3.8,3.7,3.5,2.7,2.1,1.2,x,3.7,5.9,11,14,15,14,13,14,17,13,9.1,6.9,5.6,4.9,4.7,4.7,9.7
4,新店,4,懸浮微粒,PM10,μg/m3,2002-08-16,12,19,19,15,12,13,13,13,22,14,21,28,20,22,33,19,27,23,13,13,14,14,12,16
4,新店,5,氮氧化物,NOx,ppb,2002-08-16,9,8,7.9,x,9.3,14,17,18,15,10,9.6,7.8,7,5.7,7.3,9.7,8.2,9.4,9.2,9.4,8.3,8.3,9,6.8
4,新店,6,一氧化氮,NO,ppb,2002-08-16,3.6,2.4,2.3,x,2.5,6.1,10,12,8.3,4,3,1.9,1.9,1.4,1.8,1.4,1.3,2.1,2.5,2.4,2.5,2.8,3.3,2.1
4,新店,7,二氧化氮,NO2,ppb,2002-08-16,5.5,5.6,5.6,x,6.8,8,7.1,6.5,6.7,6.1,6.6,5.8,5.2,4.4,5.4,8.3,6.9,7.2,6.8,7,5.9,5.5,5.7,4.7
4,新店,10,風速,WIND_SPEED,m/sec,2002-08-16,2.7,1.5,1,0.4,0.2,0.4,0.5,1.9,2.2,2.4,2.7,3.4,3.3,3.1,2.9,2.1,2,2.2,2,1.4,0.9,1.5,2.2,1.8
4,新店,11,風向,WIND_DIREC,degrees,2002-08-16,87,112,156,204,199,196,153,92,92,86,101,109,92,122,105,121,129,140,129,121,888,92,111,126
4,新店,14,溫度,AMB_TEMP,℃,2002-08-16,29.4,29.3,29.3,28.7,28.3,28.1,31.7,33.1,33.7,34.8,35.7,35.9,36.3,36.2,35.4,33.5,32,31.4,30.4,30,29.7,29.7,29.5,29.3
5,土城,1,二氧化硫,SO2,ppb,2002-08-16,x,2.1,6.1,2.4,2.1,2.8,7.3,1.2,0.5,0.4,x,0.2,2.6,2.9,5.9,11,11,3.3,0.4,0.2,0.1,0.1,0,0.1
5,土城,2,一氧化碳,CO,ppm,2002-08-16,0.37,0.48,0.57,0.45,0.49,0.57,0.71,0.54,0.46,0.39,x,0.37,0.42,0.45,0.49,0.53,0.58,0.53,0.52,0.46,0.41,0.4,0.37,0.33
5,土城,3,臭氧,O3,ppb,2002-08-16,0,0.2,0.1,0,0,0,x,4,6.8,13,x,23,52,64,79,75,65,27,5.2,3.6,3.3,2.8,2.6,2.9
5,土城,4,懸浮微粒,PM10,μg/m3,2002-08-16,14,12,14,16,26,22,18,34,25,22,17,x,x,42,39,40,46,53,48,32,16,12,12,12
5,土城,5,氮氧化物,NOx,ppb,2002-08-16,15,29,48,x,34,41,56,21,16,14,x,12,14,15,19,22,28,19,17,15,13,12,11,9.5
5,土城,6,一氧化氮,NO,ppb,2002-08-16,5.3,17,34,x,21,25,35,12,8.1,5.2,x,3.3,0.9,0.4,0.4,0.5,0.4,1,3.4,3.3,3.1,3.4,3.2,1.8
5,土城,7,二氧化氮,NO2,ppb,2002-08-16,10,12,14,x,13,16,21,9.6,8.1,8.4,x,8.5,13,15,19,22,28,18,14,12,9.4,8.2,8.2,7.6
5,土城,14,溫度,AMB_TEMP,℃,2002-08-16,29.7,29.1,28,27.7,27.2,27.3,29.5,33.6,34.9,36.4,37.2,37.2,36.5,36.1,35.1,34.6,33.9,32.6,31.8,31.3,30.9,30.7,30.5,30.4
6,板橋,1,二氧化硫,SO2,ppb,2002-08-16,0.8,0.7,5.4,8.5,8.4,5.9,2.6,2,2,1.1,0.9,1,1.5,0.9,3.5,4.3,5.7,2.2,1.3,1.1,1.5,1.4,1.2,0.7
6,板橋,2,一氧化碳,CO,ppm,2002-08-16,0.49,0.33,0.4,0.48,0.57,0.54,0.47,0.69,0.77,0.56,0.47,0.45,0.46,0.47,0.52,0.56,0.6,0.68,0.76,0.69,0.67,0.61,0.63,0.42
6,板橋,3,臭氧,O3,ppb,2002-08-16,2,2.7,2.3,3.3,2.3,2,x,6.1,8,14,20,23,30,29,60,71,61,20,5.1,4,3.6,3.6,3.4,5.3
6,板橋,4,懸浮微粒,PM10,μg/m3,2002-08-16,19,18,11,23,33,34,34,25,22,15,14,18,12,29,33,41,42,48,40,26,20,12,10,11
6,板橋,5,氮氧化物,NOx,ppb,2002-08-16,15,11,21,x,29,31,25,31,30,22,19,17,17,15,18,21,26,24,25,23,22,20,20,12
6,板橋,6,一氧化氮,NO,ppb,2002-08-16,6,3,8,x,7.6,15,16,19,17,10,7.2,5.6,4.1,3,1.3,1.7,1.3,5.7,12,11,12,11,11,5.2
6,板橋,7,二氧化氮,NO2,ppb,2002-08-16,9.3,8.3,13,x,21,16,9.8,12,13,12,12,12,13,12,17,20,25,18,13,12,11,9,9.1,7.2
6,板橋,8,總碳氫化合物,THC,ppm,2002-08-16,2.1,x,x,2.7,2.9,2.9,2.3,2.3,2,1.9,1.8,1.9,1.8,1.8,2,2.1,2.2,1.9,1.9,1.9,2.2,2.2,2.1,2.1
6,板橋,9,非甲烷碳氫化合物,NMHC,ppm,2002-08-16,0.19,x,x,0.31,0.53,0.54,0.2,0.3,0.16,0.15,0.12,0.15,0.09,0.11,0.17,0.24,0.35,0.14,0.28,0.15,0.17,0.19,0.13,0.12
6,板橋,14,溫度,AMB_TEMP,℃,2002-08-16,30.2,30.1,29.3,28.5,28.5,29,30.9,32.3,33.4,34.7,35.7,36.1,36.1,35.4,34.6,34.6,33.6,32.6,31.6,31.2,30.8,30.6,30.4,30.3
6,板橋,21,酸雨,PH_RAIN,pH,2002-08-16,0,0,0,0,0,0,0,0,0,0,0,0,0,0,0,0,0,0,0,0,0,0,0,0
6,板橋,22,導電度,RAIN_COND,μmho/cm,2002-08-16,0,0,0,0,0,0,0,0,0,0,0,0,0,0,0,0,0,0,0,0,0,0,0,0
6,板橋,31,甲烷,CH4,ppm,2002-08-16,1.9,x,x,2.4,2.4,2.4,2.1,2,1.8,1.8,1.7,1.7,1.7,1.7,1.8,1.8,1.9,1.7,1.7,1.7,2,2,2,1.9
6,板橋,32,降雨強度,RAIN_INT,㎜,2002-08-16,0,0,0,0,0,0,0,0,0,0,0,0,0,0,0,0,0,0,0,0,0,0,0,0
7,新莊,1,二氧化硫,SO2,ppb,2002-08-16,1.6,0.5,2.1,12,14,12,5.6,1.2,0.7,0.5,0.3,0.2,3,2.7,3.8,5,7.6,6.4,2,0.2,0.2,0.1,0,0
7,新莊,2,一氧化碳,CO,ppm,2002-08-16,0.32,0.25,0.29,0.69,0.62,0.63,0.53,0.55,0.56,0.45,0.37,0.29,0.3,0.31,0.34,0.37,0.43,0.6,0.63,0.52,0.48,0.48,0.48,0.42
7,新莊,3,臭氧,O3,ppb,2002-08-16,2.6,3,2.6,2.3,2.2,2.4,x,7.6,10,17,24,27,40,61,69,62,36,21,5.1,3.8,3.6,3.7,3.9,4.4
7,新莊,4,懸浮微粒,PM10,μg/m3,2002-08-16,12,11,11,11,33,61,63,60,40,32,22,x,x,24,27,34,39,39,39,34,20,15,15,19
7,新莊,5,氮氧化物,NOx,ppb,2002-08-16,14,11,13,x,49,44,28,21,19,15,11,10,18,14,19,22,33,26,21,17,15,13,13,11
7,新莊,6,一氧化氮,NO,ppb,2002-08-16,4.8,2.3,3.7,x,30,27,14,10,8.2,4.4,2.3,1.6,1.5,0.4,0.5,0.9,3,2.9,6.1,3.8,4,4,3.4,1.7
7,新莊,7,二氧化氮,NO2,ppb,2002-08-16,9.6,8.7,9.5,x,19,17,13,11,11,10,9.1,8.7,16,14,19,21,30,23,15,13,11,9.5,9.2,9.3
7,新莊,8,總碳氫化合物,THC,ppm,2002-08-16,1.9,1.9,2.1,3.2,2.6,2.7,2.2,1.9,1.8,1.8,1.8,1.8,1.8,1.9,1.9,2,2.1,2.1,2,2,2,1.9,1.9,1.9
7,新莊,9,非甲烷碳氫化合物,NMHC,ppm,2002-08-16,0.19,0.11,0.29,1.09,0.7,0.81,0.43,0.25,0.24,0.22,0.23,0.19,0.17,0.3,0.35,0.38,0.5,0.53,0.39,0.39,0.32,0.25,0.21,0.16
7,新莊,10,風速,WIND_SPEED,m/sec,2002-08-16,0.8,0.7,0.7,0.2,0,0.4,0.8,1,1.9,2.3,2.8,3.6,2,1.8,2.3,2.5,2.4,2.3,1.9,1.9,2.5,2.2,2.4,1.9
7,新莊,11,風向,WIND_DIREC,degrees,2002-08-16,111,91,96,120,59,108,113,90,80,73,74,70,888,308,305,296,290,116,107,85,84,81,83,80
7,新莊,14,溫度,AMB_TEMP,℃,2002-08-16,29,29,28.5,27.6,27.5,28.1,30.8,31.9,32.6,33.9,34.9,35.1,34.7,34.3,34,34,32.9,31.9,30.7,30,29.6,29.5,29.3,29.2
7,新莊,31,甲烷,CH4,ppm,2002-08-16,1.8,1.8,1.8,2.1,1.9,1.9,1.8,1.6,1.6,1.6,1.6,1.6,1.6,1.6,1.6,1.6,1.6,1.6,1.6,1.6,1.6,1.7,1.7,1.7
8,菜寮,1,二氧化硫,SO2,ppb,2002-08-16,0.5,0.3,0.4,0.5,0.3,0.8,1.1,1.6,1,0.6,0.8,0.7,0.8,0.8,1.4,1.1,1.1,0.9,1,0.7,0.8,0.8,0.7,0.5
8,菜寮,2,一氧化碳,CO,ppm,2002-08-16,0.42,0.33,0.32,0.34,0.27,0.35,0.39,0.68,0.65,0.44,0.34,0.39,0.33,0.34,0.53,0.59,0.6,0.88,0.96,0.75,0.7,0.63,0.61,0.45
8,菜寮,3,臭氧,O3,ppb,2002-08-16,2.9,2.5,2.4,1.9,1.9,1.8,x,5,7.8,12,16,18,19,20,20,18,14,5.8,3.3,2.4,1.8,2.4,2.4,2.5
8,菜寮,4,懸浮微粒,PM10,μg/m3,2002-08-16,x,x,x,9,13,13,15,16,24,22,23,22,17,16,13,16,17,23,25,18,19,19,19,16
8,菜寮,5,氮氧化物,NOx,ppb,2002-08-16,17,15,14,x,14,19,25,31,24,17,17,17,16,17,26,24,21,31,33,27,28,24,23,18
8,菜寮,6,一氧化氮,NO,ppb,2002-08-16,8.2,5.6,5.5,x,5.3,8.8,15,21,13,6.9,5.8,5.4,5.2,4.6,6.4,4.9,4.4,14,17,13,15,12,12,6.6
8,菜寮,7,二氧化氮,NO2,ppb,2002-08-16,8.7,9.2,8.9,x,9.1,9.9,9.6,11,11,10,11,11,11,13,20,19,17,18,16,14,13,11,11,11
8,菜寮,10,風速,WIND_SPEED,m/sec,2002-08-16,3.1,2.1,1.8,1.3,1,1.2,1.7,1.8,2.9,3.2,3.4,3.5,2.9,2.6,2.1,2.5,2.9,2.7,2.5,2.9,2.6,3.5,3.3,2.7
8,菜寮,11,風向,WIND_DIREC,degrees,2002-08-16,122,113,124,133,109,104,90,114,109,99,109,117,108,123,128,99,102,124,124,109,107,113,114,107
8,菜寮,14,溫度,AMB_TEMP,℃,2002-08-16,30.2,30.1,30,29.9,29.6,29.7,31,32.5,33.2,34.5,35.5,35.8,36.2,36,35.1,34.9,33.7,32.4,31.5,31,30.6,30.5,30.3,30
9,林口,1,二氧化硫,SO2,ppb,2002-08-16,0,0,0,0.3,1.2,2,1.6,1.1,1.1,1,0.7,1.2,2.4,2.4,2.3,2.9,4,3.3,1.2,0.5,1,0.5,0.3,0.3
9,林口,2,一氧化碳,CO,ppm,2002-08-16,0.28,0.23,0.21,0.22,0.24,0.25,0.29,0.33,0.39,0.35,0.28,0.26,0.26,0.27,0.26,0.26,0.28,0.34,0.52,0.36,0.38,0.3,0.27,0.27
9,林口,3,臭氧,O3,ppb,2002-08-16,2.9,2.9,2.2,1.3,1.5,1.4,x,7,12,21,30,43,63,70,65,60,63,34,4.5,4.1,2.7,2.8,3.5,3.8
9,林口,4,懸浮微粒,PM10,μg/m3,2002-08-16,12,12,12,12,13,28,28,28,34,31,36,33,20,20,29,36,36,44,37,35,30,32,19,12
9,林口,5,氮氧化物,NOx,ppb,2002-08-16,9.1,8.5,8.7,x,16,21,24,20,20,18,14,9.5,11,9.9,11,13,12,18,22,16,21,15,13,12
9,林口,6,一氧化氮,NO,ppb,2002-08-16,1,0.9,0.9,x,4.2,9.7,14,11,8.7,5.7,2.9,0.8,0.7,0.4,0.6,0.8,0.4,0.9,4.8,3.4,7.7,4.6,2.6,2.3
9,林口,7,二氧化氮,NO2,ppb,2002-08-16,8.1,7.6,7.8,x,11,12,10,9.2,11,13,11,8.7,11,9.6,11,12,12,17,17,13,13,11,10,10
9,林口,10,風速,WIND_SPEED,m/sec,2002-08-16,2.7,2.5,2.6,1.7,1.5,1.4,2,2.8,3,3,2.9,2.2,2.6,2.2,2.1,2.1,1.9,1.6,3,4.2,4.6,4.3,4.6,3.8
9,林口,11,風向,WIND_DIREC,degrees,2002-08-16,x,x,x,x,x,x,x,x,x,x,x,x,x,x,x,x,x,x,x,x,x,x,x,x
9,林口,14,溫度,AMB_TEMP,℃,2002-08-16,27.7,27.5,27.3,27.2,26.9,26.9,28.5,30.1,31.3,32.7,33.6,32.8,32.5,32.7,33.1,31.9,30.8,30.4,29.5,28.7,28.3,28.2,27.9,27.8
10,淡水,1,二氧化硫,SO2,ppb,2002-08-16,0.1,0.1,0,0.1,0.1,0.1,0.3,0.2,0.2,0.2,0.2,0.2,1.8,1.9,2.1,1.9,1.4,1.7,0.7,0.2,0.2,0.2,0.2,0.1
10,淡水,2,一氧化碳,CO,ppm,2002-08-16,0.28,0.25,0.19,0.16,0.17,0.2,0.27,0.32,0.29,0.25,0.22,0.26,0.39,0.42,0.58,0.56,0.64,0.77,0.46,0.36,0.34,0.34,0.3,0.28
10,淡水,3,臭氧,O3,ppb,2002-08-16,5.8,6.5,7.1,7.4,6.4,5.6,x,8.2,11,16,19,21,34,35,32,36,34,29,15,9.8,8.7,7.9,8.7,9.5
10,淡水,4,懸浮微粒,PM10,μg/m3,2002-08-16,12,13,12,12,12,12,12,21,16,17,13,12,19,23,34,23,33,26,30,27,21,15,12,12
10,淡水,5,氮氧化物,NOx,ppb,2002-08-16,7.2,6.5,4.7,x,4.9,7.3,12,10,x,x,8,11,13,14,19,18,21,24,13,8.1,9.8,9.4,7.3,6.2
10,淡水,6,一氧化氮,NO,ppb,2002-08-16,2.5,2,1.2,x,1,2.2,6.1,5.5,x,x,2.6,3.2,3.5,3.2,5.4,4.8,4.5,5.2,2,1.5,3.6,3.4,2.5,1.5
10,淡水,7,二氧化氮,NO2,ppb,2002-08-16,4.8,4.4,3.5,x,3.9,5.1,5.7,4.8,x,x,5.5,7.6,9.7,10,14,14,17,19,11,6.6,6.2,6,4.8,4.7
10,淡水,10,風速,WIND_SPEED,m/sec,2002-08-16,2,2.5,2.3,2.8,2,1.8,1.7,2.1,2.7,2.8,3.1,3,3.4,2.7,2.3,2.3,1.7,1.5,2.2,3.5,3.9,3.7,4.9,3.9
10,淡水,11,風向,WIND_DIREC,degrees,2002-08-16,141,145,145,143,139,146,146,142,131,129,129,139,252,255,265,262,267,262,136,129,135,133,130,132
10,淡水,14,溫度,AMB_TEMP,℃,2002-08-16,29.2,29.1,29,28.9,28.7,28.7,30.4,31.3,32.2,33.2,34.2,34.8,33.1,32.6,32.2,32.8,31.9,30.3,30.2,29.9,29.7,29.4,29.4,29.5
10,淡水,38,相對濕度,RH,percent,2002-08-16,64,65,65,66,67,66,64,61,56,52,49,46,62,68,70,66,72,75,63,63,61,61,57,61
11,士林,1,二氧化硫,SO2,ppb,2002-08-16,0.2,0.2,0.1,0.1,0.2,0.9,0.6,0.3,0.5,0.4,0.3,0.4,0.2,0.2,0.4,0.3,0.5,0.4,0.3,0.4,0.3,0.3,0.2,0.1
11,士林,2,一氧化碳,CO,ppm,2002-08-16,0.33,0.23,0.19,0.16,0.16,0.22,0.25,0.31,0.38,0.32,0.27,0.24,0.2,0.26,0.28,0.32,0.4,0.48,0.5,0.41,0.35,0.37,0.33,0.24
11,士林,3,臭氧,O3,ppb,2002-08-16,2.4,4.3,5.6,5.4,5,3.1,x,6.3,9.6,14,16,16,16,16,16,16,12,7.8,5.4,5.1,4.7,4.2,5,7.4
11,士林,4,懸浮微粒,PM10,μg/m3,2002-08-16,12,12,12,12,12,12,17,15,14,15,12,16,14,14,25,17,29,25,22,29,18,13,12,12
11,士林,5,氮氧化物,NOx,ppb,2002-08-16,13,8.9,5.4,x,4.7,18,12,13,x,x,11,15,7,18,12,13,28,23,15,24,12,12,20,6.3
11,士林,6,一氧化氮,NO,ppb,2002-08-16,4.1,1.9,0.8,x,0.5,5.7,6.4,7.7,x,x,3.9,5.5,2,7.5,3.7,3.9,8.3,7.2,4.9,9.1,4.2,4.5,8,1.1
11,士林,7,二氧化氮,NO2,ppb,2002-08-16,8.7,7,4.6,x,4.3,12,5.8,5.6,x,x,6.9,9,5,11,7.9,8.6,20,16,10,15,7.5,7.5,12,5.2
11,士林,10,風速,WIND_SPEED,m/sec,2002-08-16,2.6,3.4,3.6,2.4,1.6,1.7,2.6,3.7,4.2,4,4.6,4.8,5.8,5.5,4.2,4.5,3.2,2.9,3.1,3.6,3.5,3.1,3.3,2.7
11,士林,11,風向,WIND_DIREC,degrees,2002-08-16,113,104,154,136,105,107,107,109,106,108,106,135,139,136,141,119,110,110,111,104,98,103,107,111
11,士林,14,溫度,AMB_TEMP,℃,2002-08-16,28.1,28.1,28,27.8,27.7,27.9,29.6,30.4,31.2,32.5,33.3,33.5,33.3,33.7,33.4,32.8,31.6,30.5,29.6,28.9,28.5,28.3,28.3,28.3
12,中山,1,二氧化硫,SO2,ppb,2002-08-16,0.4,0.2,0.4,0.1,0.1,0.2,1,0.9,0.7,0.5,0.5,0.4,0.4,0.5,0.7,0.6,0.6,0.8,0.7,0.7,0.8,0.7,0.8,0.4
12,中山,2,一氧化碳,CO,ppm,2002-08-16,0.45,0.33,0.35,0.31,0.28,0.33,0.48,0.71,0.81,0.61,0.58,0.49,0.44,0.51,0.61,0.73,0.73,0.99,1.04,0.91,0.75,0.79,0.78,0.66
12,中山,3,臭氧,O3,ppb,2002-08-16,2.4,2,1.5,1.9,2,1.5,x,4.3,6.2,9.3,11,13,14,14,17,13,9.3,4.2,2.6,1.4,1.2,1.4,1.1,2.1
12,中山,4,懸浮微粒,PM10,μg/m3,2002-08-16,42,24,19,19,19,17,17,17,13,14,30,30,20,45,26,28,39,26,33,37,31,20,36,24
12,中山,5,氮氧化物,NOx,ppb,2002-08-16,17,14,16,x,12,17,35,36,35,29,27,23,20,23,26,32,32,42,42,43,38,39,39,32
12,中山,6,一氧化氮,NO,ppb,2002-08-16,10,6.5,7.1,x,5,8.8,26,27,25,18,16,13,11,12,11,14,14,24,27,29,25,28,28,21
12,中山,7,二氧化氮,NO2,ppb,2002-08-16,7.4,8,8.5,x,7.3,8.3,9.9,9.3,11,11,12,10,9.5,11,14,17,18,18,15,13,12,11,11,10
12,中山,8,總碳氫化合物,THC,ppm,2002-08-16,2.2,2.2,2,2,1.9,2.1,2.1,2.2,2.4,2.2,2.3,2.1,2,2.1,1.9,2.1,2.1,2.3,2.4,2.3,2.1,2.2,2,2.1
12,中山,9,非甲烷碳氫化合物,NMHC,ppm,2002-08-16,0.14,0.09,0.01,0.01,0.04,0.07,0.09,0.18,0.31,0.11,0.2,0.12,0.08,0.15,0.08,0.26,0.26,0.33,0.4,0.27,0.15,0.28,0.17,0.16
12,中山,14,溫度,AMB_TEMP,℃,2002-08-16,29.8,29.6,29.4,29.2,29.1,29.1,30.3,31.6,32.5,33.9,35,35,35.2,35.6,34.9,34,32.8,31.9,31.1,30.4,30,30,29.5,29.5
12,中山,31,甲烷,CH4,ppm,2002-08-16,2,2.1,2,2,1.9,2,2.1,2.1,2.1,2.1,2.1,2,1.9,1.9,1.9,1.9,1.9,2,2,2,2,2,1.8,1.9
13,萬華,1,二氧化硫,SO2,ppb,2002-08-16,x,x,0,x,0,0.1,0.2,0.3,0.3,0.2,0.1,0.1,0,0.1,0.2,2.6,2.3,4.3,0.5,0.5,0.4,0.3,0.4,0.2
13,萬華,2,一氧化碳,CO,ppm,2002-08-16,0.34,0.31,0.27,0.25,0.26,0.32,0.38,0.54,0.64,0.51,0.43,0.36,0.32,0.34,0.33,0.52,0.54,0.61,0.66,0.7,0.59,0.51,0.53,0.42
13,萬華,3,臭氧,O3,ppb,2002-08-16,3.9,3.8,3.3,2.8,2.1,1.7,3.5,4.9,7.8,13,17,20,21,23,26,56,34,8.9,4.9,3.2,3,3.4,3.1,3.6
13,萬華,4,懸浮微粒,PM10,μg/m3,2002-08-16,10,10,51,49,38,38,18,11,25,33,26,25,16,58,44,66,59,59,55,38,32,21,14,11
13,萬華,5,氮氧化物,NOx,ppb,2002-08-16,9.2,8.7,8.3,x,10,13,17,20,19,15,14,9.9,9.1,9.5,9.5,18,19,15,17,20,17,16,16,14
13,萬華,6,一氧化氮,NO,ppb,2002-08-16,2.6,1.7,1.1,x,1.4,3.7,8.6,12,9.9,6.2,4.9,2.6,2.1,1.9,1.1,0.3,1,3.1,4.7,7.9,6.6,6.8,6.7,4.3
13,萬華,7,二氧化氮,NO2,ppb,2002-08-16,6.6,7,7.2,x,8.6,8.9,8,8.2,9.3,9.3,9,7.3,7,7.6,8.3,17,18,12,12,12,10,9,9.5,9.2
13,萬華,10,風速,WIND_SPEED,m/sec,2002-08-16,2.3,1.9,1.2,1.1,0.5,0.7,1.1,2.1,1.8,2,2.8,3.2,2.9,3,2.4,1.3,2.2,2.2,2,2.6,3.1,3.5,3.4,3.3
13,萬華,11,風向,WIND_DIREC,degrees,2002-08-16,130,128,134,158,171,156,163,132,130,116,127,138,140,140,167,167,158,141,133,124,130,125,127,129
13,萬華,14,溫度,AMB_TEMP,℃,2002-08-16,29.3,29.1,29,28.9,28.7,28.7,30.7,31,31.9,33.5,34.5,34.5,35.4,35.2,34.9,34.4,33.2,31.1,30.4,30,29.7,29.7,29.5,29.5
14,古亭,1,二氧化硫,SO2,ppb,2002-08-16,0,0,0,0,0,0.6,0.9,0.9,0.9,0.7,0.5,0.4,0.4,0.5,1.1,0.7,0.8,0.9,0.8,0.7,0.6,0.5,0.4,0.3
14,古亭,2,一氧化碳,CO,ppm,2002-08-16,0.14,0.14,0.11,0.13,0.21,0.23,0.37,0.48,0.56,0.36,0.31,0.26,0.28,0.28,0.55,0.48,0.55,0.63,0.62,0.53,0.45,0.39,0.38,0.29
14,古亭,3,臭氧,O3,ppb,2002-08-16,3,3,2.5,1.3,0.6,0.4,x,2.9,5.3,9.3,13,15,15,16,17,12,8.8,4.7,2.4,2.8,2.4,2.9,2.9,3.7
14,古亭,4,懸浮微粒,PM10,μg/m3,2002-08-16,11,11,11,11,11,11,15,15,15,20,16,15,15,13,15,16,22,22,15,12,11,11,11,11
14,古亭,5,氮氧化物,NOx,ppb,2002-08-16,11,10,10,x,17,21,31,36,32,24,20,18,18,17,31,29,33,35,33,26,25,21,20,15
14,古亭,6,一氧化氮,NO,ppb,2002-08-16,4.4,3.5,3.5,x,7.5,11,22,26,21,13,9.7,9,8.7,8.3,16,14,17,20,19,13,14,12,11,5.4
14,古亭,7,二氧化氮,NO2,ppb,2002-08-16,6.9,6.6,6.4,x,9.6,9.5,9.1,9.6,11,11,10,8.8,8.9,8.7,15,16,16,15,14,12,11,9.1,9.6,9.3
14,古亭,8,總碳氫化合物,THC,ppm,2002-08-16,2.1,2.1,2,2,2.1,2.1,2.3,2.1,2.1,2,2,2.2,2.1,2.1,2.2,2.2,2.2,2.2,2.2,2.1,2.1,2.1,2.1,2.1
14,古亭,9,非甲烷碳氫化合物,NMHC,ppm,2002-08-16,0.23,0.24,0.09,0.14,0.19,0.22,0.23,0.26,0.26,0.26,0.23,0.24,0.2,0.23,0.33,0.28,0.33,0.3,0.32,0.25,0.24,0.25,0.2,0.15
14,古亭,10,風速,WIND_SPEED,m/sec,2002-08-16,3.3,3,1.7,0.9,1,1.3,1.9,2.6,2.6,3.3,3.9,3.9,3.6,3.8,2.9,2.9,2.7,2.5,2.5,3,2.9,3.6,3.2,2.6
14,古亭,11,風向,WIND_DIREC,degrees,2002-08-16,98,103,77,99,104,112,102,90,81,76,85,101,108,107,114,108,115,96,97,96,99,92,106,88
14,古亭,14,溫度,AMB_TEMP,℃,2002-08-16,29.1,28.9,28.8,28.8,28.5,28.6,31.3,32.4,33.4,34.2,34.8,34.6,35,34.8,35.3,33.4,32.1,31.1,30.4,29.9,29.6,29.5,29.3,29.3
14,古亭,31,甲烷,CH4,ppm,2002-08-16,1.9,1.9,1.9,1.9,1.9,1.9,2,1.9,1.8,1.8,1.8,1.9,1.9,1.9,1.9,1.9,1.9,1.9,1.9,1.9,1.9,1.9,1.9,1.9
14,古亭,33,細懸浮微粒,PM2.5,μg/m3,2002-08-16,2.5,3.7,2.1,2.3,0.6,0.6,9.8,7.5,6.2,11,16,21,10,2,1.2,3.8,9.5,7.6,4.8,6.1,12,13,8.5,8.5
15,松山,1,二氧化硫,SO2,ppb,2002-08-16,0.4,0.5,0.1,0,0,0.9,1.6,1.2,0.7,0.7,1.4,1.1,0.9,0.8,0.7,1,1,0.5,0.7,1,0.9,1,2,1.5
15,松山,2,一氧化碳,CO,ppm,2002-08-16,0.4,0.28,0.11,0.07,0.08,0.19,0.29,0.39,0.43,0.3,0.28,0.23,0.21,0.2,0.23,0.28,0.3,0.33,0.47,0.49,0.48,0.42,0.54,0.46
15,松山,3,臭氧,O3,ppb,2002-08-16,4.1,4,5.3,6.9,5.3,3.6,4.3,6.6,9.1,13,13,13,14,12,12,11,12,9.1,5.3,3.7,3,3.7,2.8,3.3
15,松山,4,懸浮微粒,PM10,μg/m3,2002-08-16,26,23,17,17,13,13,24,31,30,30,21,26,20,19,26,15,27,31,24,19,21,13,13,16
15,松山,5,氮氧化物,NOx,ppb,2002-08-16,17,16,8.9,x,6.7,16,27,23,20,14,18,13,11,13,16,21,20,17,24,27,28,23,29,25
15,松山,6,一氧化氮,NO,ppb,2002-08-16,9.2,6.9,2.9,x,1.6,7.8,18,15,12,7.8,10,7.4,5.9,7.6,8.6,10,8.4,7.6,13,16,17,13,18,14
15,松山,7,二氧化氮,NO2,ppb,2002-08-16,8.1,8.6,6,x,5,7.9,8.4,7.8,7.5,6.4,8,5.8,5.1,5.8,6.9,10,12,9.2,11,11,11,10,11,11
15,松山,10,風速,WIND_SPEED,m/sec,2002-08-16,1.5,2.3,2.4,2.1,1.8,1.5,2.1,2.6,2.6,2.9,2.6,3.7,3.3,2.6,2.3,1.8,2.2,2.8,2,2.8,2.7,1.9,2.7,2.4
15,松山,11,風向,WIND_DIREC,degrees,2002-08-16,91,80,90,88,96,79,84,86,84,84,94,95,98,98,888,94,98,93,93,80,81,85,85,83
15,松山,14,溫度,AMB_TEMP,℃,2002-08-16,28.9,28.8,28.6,28.6,28.4,28.3,29.3,30.8,31.9,33.2,34.4,33.8,34.1,34.2,33.3,32.8,32,30.9,30.3,29.7,29.5,29.3,29,29
16,大同,1,二氧化硫,SO2,ppb,2002-08-16,2.3,1.7,1.2,1.3,0.7,2.3,4,5.3,5.2,3.8,3.7,3.8,3.7,3.7,4.3,4.7,5.7,7,7.6,6.6,6,5.5,5.8,4.8
16,大同,2,一氧化碳,CO,ppm,2002-08-16,2.51,1.77,1.44,1.05,0.86,1.18,1.85,4.59,4.73,3.42,3.43,3.45,3.11,3.5,3.94,4.37,5.26,7.74,8.07,5.81,5.07,5.01,5.45,3.84
16,大同,4,懸浮微粒,PM10,μg/m3,2002-08-16,33,25,18,11,10,12,11,24,44,93,83,82,73,81,75,75,74,43,71,73,73,73,48,60
16,大同,5,氮氧化物,NOx,ppb,2002-08-16,82,61,x,x,37,71,140,182,175,151,148,147,145,142,157,167,199,216,239,201,222,182,198,148
16,大同,6,一氧化氮,NO,ppb,2002-08-16,71,51,x,x,28,59,120,163,150,126,126,121,114,113,124,130,167,190,215,180,193,166,177,135
16,大同,7,二氧化氮,NO2,ppb,2002-08-16,11,9.6,x,x,9.4,12,20,19,25,25,23,26,31,29,33,37,32,26,24,21,29,17,21,13
16,大同,8,總碳氫化合物,THC,ppm,2002-08-16,3.1,3.6,2.5,2.2,2.1,2.4,2.9,3.7,4.8,3.1,2.9,3.1,3.3,3.4,3.1,4,4.2,4.7,5.1,4.6,3.6,4.1,4.3,3.5
16,大同,9,非甲烷碳氫化合物,NMHC,ppm,2002-08-16,0.99,1.58,0.47,0.3,0.17,0.46,1,1.77,2.79,1.28,1.13,1.27,1.42,1.52,1.23,2.09,2.34,2.69,3.04,2.62,1.67,2.17,2.28,1.54
16,大同,14,溫度,AMB_TEMP,℃,2002-08-16,30.7,30.5,30.2,30,29.6,29.8,30.6,32.4,33.5,35.3,36.5,36.9,37.4,38.2,36.2,35.5,34.4,33.2,32.5,31.8,31.4,31.2,30.9,30.7
16,大同,31,甲烷,CH4,ppm,2002-08-16,2.1,2.1,2.1,1.9,1.9,1.9,1.9,1.9,2,1.8,1.8,1.9,1.8,1.9,1.9,1.9,1.9,2,2.1,2,1.9,1.9,2,1.9
17,桃園,1,二氧化硫,SO2,ppb,2002-08-16,13,17,7.8,29,25,52,40,9.3,4.7,2.9,x,5.6,8,5.2,4.7,4.6,5.1,5.1,6.8,2.7,2.5,6.3,10,9.1
17,桃園,2,一氧化碳,CO,ppm,2002-08-16,0.54,0.42,0.39,0.58,0.63,0.7,0.86,0.6,0.49,0.48,0.35,0.59,0.6,0.51,0.47,0.52,0.61,0.8,0.86,0.52,0.41,0.42,0.43,0.41
17,桃園,3,臭氧,O3,ppb,2002-08-16,0.1,0.1,0.1,0.4,0.3,0.7,x,8,22,34,49,73,110,97,81,93,82,81,46,2.4,2,1.1,0.6,0.6
17,桃園,4,懸浮微粒,PM10,μg/m3,2002-08-16,37,23,13,12,36,48,49,49,38,34,26,16,25,55,40,56,65,43,40,72,64,48,29,18
17,桃園,5,氮氧化物,NOx,ppb,2002-08-16,27,22,16,x,42,48,55,27,19,17,10,23,23,17,16,16,20,25,32,24,21,22,23,21
17,桃園,6,一氧化氮,NO,ppb,2002-08-16,15,12,5.2,x,21,32,37,11,4.4,3,0.5,0.9,0.4,0.3,0.2,0.1,0.1,0,0.9,8.3,8.4,11,12,10
17,桃園,7,二氧化氮,NO2,ppb,2002-08-16,11,10,11,x,21,16,18,15,14,14,9.5,23,22,16,16,16,20,25,31,16,13,12,11,11
17,桃園,8,總碳氫化合物,THC,ppm,2002-08-16,2.1,2,2.2,3.1,2.7,2.5,2.7,2.3,2,2,2,2.2,2.3,2.2,2.2,2.2,2.3,2.4,2.5,2.2,2,2.1,2.1,2
17,桃園,9,非甲烷碳氫化合物,NMHC,ppm,2002-08-16,0.05,0.02,0.06,0.32,0.21,0.27,0.33,0.16,0.02,0.06,0.03,0.17,0.15,0.1,0.03,0.09,0.17,0.14,0.22,0.15,0.05,0.11,0.1,0.01
17,桃園,10,風速,WIND_SPEED,m/sec,2002-08-16,1.3,1,0,0.4,0.6,0.4,0.4,0.7,0.8,0.8,0.6,1.8,1.9,2.3,2,1.7,1.5,0.9,0.7,2,2.9,3.4,3.7,3
17,桃園,11,風向,WIND_DIREC,degrees,2002-08-16,80,81,133,139,74,78,81,95,99,41,131,328,336,337,323,334,342,322,355,78,82,80,81,81
17,桃園,14,溫度,AMB_TEMP,℃,2002-08-16,27.5,27.6,27.5,27.1,26.7,26.7,27.6,30.6,32.2,34.4,35.7,34.8,33.9,33.2,32.2,31.8,31,30.4,29.8,29.3,28.8,28.6,28.4,28.1
17,桃園,31,甲烷,CH4,ppm,2002-08-16,2,2,2.2,2.7,2.5,2.3,2.3,2.1,2,2,1.9,2,2.2,2.1,2.1,2.2,2.1,2.2,2.3,2,2,2,2,2
18,大園,1,二氧化硫,SO2,ppb,2002-08-16,6.6,6.7,5.9,11,12,11,14,12,12,4.3,1.6,1.4,1.9,1.3,1.2,1,1.2,1.2,1,1.1,1.5,2.9,5.8,2.7
18,大園,2,一氧化碳,CO,ppm,2002-08-16,0.59,0.36,0.48,0.59,0.64,0.65,0.62,0.62,0.57,0.43,0.38,0.33,0.24,0.22,0.21,0.21,0.24,0.24,0.25,0.27,0.51,0.44,0.33,0.33
18,大園,3,臭氧,O3,ppb,2002-08-16,0.8,0.3,0.3,0.5,0.8,0.7,x,6.2,12,25,45,60,49,44,43,45,62,49,38,31,13,1.1,0.4,0.6
18,大園,4,懸浮微粒,PM10,μg/m3,2002-08-16,109,76,40,23,24,39,49,62,62,62,58,50,37,26,15,19,14,11,11,21,24,26,36,31
18,大園,5,氮氧化物,NOx,ppb,2002-08-16,41,27,29,x,55,61,52,45,53,25,12,7.5,5.1,1.9,1.6,1.5,2.5,3.7,2.9,4.3,19,30,54,29
18,大園,6,一氧化氮,NO,ppb,2002-08-16,29,17,19,x,39,45,32,23,21,6.4,1.9,0.7,0.6,0.2,0.2,0.1,0.1,0.2,0.1,0.2,6.1,15,39,16
18,大園,7,二氧化氮,NO2,ppb,2002-08-16,12,10,10,x,16,17,20,23,31,18,11,6.8,4.5,1.6,1.4,1.4,2.4,3.5,2.8,4.1,13,14,15,12
18,大園,10,風速,WIND_SPEED,m/sec,2002-08-16,0.6,0.5,0.9,0.8,0.2,0.3,1,0.9,0.6,1.6,2.4,3.3,3,3,2.8,2.2,1.6,1.5,0.6,0.7,1.3,2.9,3.7,2.5
18,大園,11,風向,WIND_DIREC,degrees,2002-08-16,178,208,195,182,193,166,139,138,107,324,315,314,318,312,303,295,286,290,324,2,21,104,116,131
18,大園,14,溫度,AMB_TEMP,℃,2002-08-16,28.6,28.8,28.2,28.1,27.8,27.7,28.7,30.5,31.6,32.9,33,32.3,32.2,32.4,32.1,31.8,31.2,30.3,29.7,29.3,29.5,29.9,29.8,29.3
19,觀音,1,二氧化硫,SO2,ppb,2002-08-16,1.7,2.3,1.4,1.4,1.3,1.4,4.1,13,15,18,10,7.9,7.5,6.7,x,x,1.8,2,2.5,3.6,2.5,5.1,3.7,11
19,觀音,2,一氧化碳,CO,ppm,2002-08-16,0.38,0.38,0.36,0.35,0.37,0.42,0.55,0.57,0.55,0.59,0.56,0.43,0.45,0.37,0.29,x,0.42,0.47,0.43,0.46,0.47,0.44,0.61,0.59
19,觀音,3,臭氧,O3,ppb,2002-08-16,61,65,66,64,57,52,x,15,31,61,99,100,115,130,108,95,73,71,60,52,38,15,0.5,0.5
19,觀音,4,懸浮微粒,PM10,μg/m3,2002-08-16,92,103,97,93,106,90,113,113,109,109,102,102,106,120,68,55,54,54,50,30,32,11,11,14
19,觀音,5,氮氧化物,NOx,ppb,2002-08-16,4.7,2.4,2.6,x,4.6,4.9,13,24,x,x,14,8.6,11,15,x,x,x,11,8.9,7.5,13,16,27,41
19,觀音,6,一氧化氮,NO,ppb,2002-08-16,0.1,0,0,x,0,0,0.3,3.7,x,x,0.6,0.4,4.3,8.6,x,x,x,7.6,4.4,0.8,8,4.4,11,24
19,觀音,7,二氧化氮,NO2,ppb,2002-08-16,4.6,2.4,2.6,x,4.6,4.9,13,20,x,x,13,8.2,7.2,6.7,x,x,x,3.6,4.6,6.6,5.3,12,16,17
19,觀音,8,總碳氫化合物,THC,ppm,2002-08-16,x,x,x,x,x,x,x,x,x,x,x,x,x,x,x,x,x,x,x,x,x,x,x,x
19,觀音,9,非甲烷碳氫化合物,NMHC,ppm,2002-08-16,x,x,x,x,x,x,x,x,x,x,x,x,x,x,x,x,x,x,x,x,x,x,x,x
19,觀音,10,風速,WIND_SPEED,m/sec,2002-08-16,0.2,0.2,0.2,x,0.1,0.2,0.5,0.6,0.7,1.3,2.7,3.4,4.2,4.1,3.4,3.3,2.3,1.3,0.8,0.4,1.1,0.7,0.5,1.6
19,觀音,11,風向,WIND_DIREC,degrees,2002-08-16,323,291,888,888,126,888,888,159,888,313,303,308,303,303,299,306,305,303,248,888,46,81,125,146
19,觀音,14,溫度,AMB_TEMP,℃,2002-08-16,28.1,28.1,28,27.9,27.8,27.8,28.2,29.5,30.8,31.5,31.3,31.3,31.1,31.1,31.2,30.3,30.1,29.4,29,28.9,28.4,28.4,28.3,28.4
19,觀音,21,酸雨,PH_RAIN,pH,2002-08-16,0,0,0,0,0,0,0,0,0,0,0,0,0,0,0,0,0,0,0,0,0,0,0,0
19,觀音,22,導電度,RAIN_COND,μmho/cm,2002-08-16,0,0,0,0,0,0,0,0,0,0,0,0,0,0,0,0,0,0,0,0,0,0,0,0
19,觀音,31,甲烷,CH4,ppm,2002-08-16,x,x,x,x,x,x,x,x,x,x,x,x,x,x,x,x,x,x,x,x,x,x,x,x
19,觀音,32,降雨強度,RAIN_INT,㎜,2002-08-16,0,0,0,0,0,0,0,0,0,0,0,0,0,0,0,0,0,0,0,0,0,0,0,0
20,平鎮,1,二氧化硫,SO2,ppb,2002-08-16,7.5,9.4,9,7.2,5.4,3.3,2.9,4.7,4.7,9.4,7.9,8.5,3.1,1.6,0.8,0.5,0.5,0.5,0.9,1.4,3.3,6.3,4.7,6.5
20,平鎮,2,一氧化碳,CO,ppm,2002-08-16,0.75,0.69,0.68,0.64,0.64,0.52,0.59,0.74,0.81,0.74,0.59,0.67,0.58,0.59,0.49,0.43,0.45,0.47,0.48,0.51,0.67,0.88,0.8,0.66
20,平鎮,3,臭氧,O3,ppb,2002-08-16,1.9,3.7,12,15,12,17,x,16,38,62,87,114,115,121,106,93,95,77,67,51,27,2.4,2.4,2.2
20,平鎮,4,懸浮微粒,PM10,μg/m3,2002-08-16,180,174,136,136,138,170,130,87,36,37,56,94,141,143,177,177,161,147,113,108,115,116,73,36
20,平鎮,5,氮氧化物,NOx,ppb,2002-08-16,48,41,33,x,24,16,21,29,x,x,24,x,15,15,13,11,11,12,19,20,36,49,33,35
20,平鎮,6,一氧化氮,NO,ppb,2002-08-16,18,6.1,1.2,x,0.5,0.8,4.1,8.8,x,x,0.6,x,0.4,0.3,0.3,0.2,0.2,0.3,0.5,0.6,11,32,19,22
20,平鎮,7,二氧化氮,NO2,ppb,2002-08-16,29,35,32,x,23,15,17,20,x,x,23,x,15,15,13,10,11,12,18,20,24,17,14,13
20,平鎮,8,總碳氫化合物,THC,ppm,2002-08-16,2.6,2.6,2.8,2.8,2.9,2,2,1.9,2.3,2.4,2,2.1,1.8,1.8,2,1.8,1.9,1.9,1.9,1.9,2.1,2.3,2.3,2.3
20,平鎮,9,非甲烷碳氫化合物,NMHC,ppm,2002-08-16,0.49,0.47,0.31,0.29,0.37,0.2,0.17,0.23,0.28,0.32,0.16,0.31,0.13,0.18,0.09,0.04,0.11,0.08,0.12,0.1,0.17,0.34,0.33,0.32
20,平鎮,14,溫度,AMB_TEMP,℃,2002-08-16,28.7,28.6,28.3,28.2,28,27.8,28.2,29.8,31.3,32.9,33.9,33,32.6,31.7,31.5,31.1,30.5,29.9,29.5,29.2,29.1,29.3,29.1,28.7
20,平鎮,31,甲烷,CH4,ppm,2002-08-16,2.1,2.1,2.5,2.5,2.5,1.8,1.8,1.7,2,2.1,1.9,1.8,1.7,1.6,1.9,1.8,1.8,1.8,1.8,1.8,1.9,1.9,2,2
21,龍潭,1,二氧化硫,SO2,ppb,2002-08-16,0.2,0.3,0.7,0.7,0.5,0.8,0.6,0.7,1.2,2.2,3.7,3.8,2.8,2.1,1.8,1.4,2,1.7,0.9,1.8,2.9,3.9,2.8,1.1
21,龍潭,2,一氧化碳,CO,ppm,2002-08-16,0.55,0.52,0.54,0.47,0.4,0.47,0.54,0.54,0.52,0.54,0.63,0.75,0.66,0.62,0.54,0.49,0.54,0.63,0.67,0.73,0.97,0.94,0.79,0.63
21,龍潭,3,臭氧,O3,ppb,2002-08-16,29,28,20,17,15,12,x,11,24,50,83,103,88,91,84,74,73,66,60,45,34,4.4,6.5,13
21,龍潭,4,懸浮微粒,PM10,μg/m3,2002-08-16,92,77,72,72,72,70,72,56,41,41,41,48,80,x,x,96,96,90,100,119,132,160,136,136
21,龍潭,5,氮氧化物,NOx,ppb,2002-08-16,15,13,17,x,13,18,28,27,20,14,16,19,17,15,13,13,14,17,16,23,32,42,38,26
21,龍潭,6,一氧化氮,NO,ppb,2002-08-16,0.4,0,0,x,1.7,1.6,11,12,5.7,1.4,0.5,0.1,0.2,0.2,0.1,0.1,0,0,0,0.1,0.3,8.6,6.9,1.2
21,龍潭,7,二氧化氮,NO2,ppb,2002-08-16,15,13,16,x,11,16,17,15,14,12,16,19,16,15,13,13,14,17,16,23,32,34,31,25
21,龍潭,10,風速,WIND_SPEED,m/sec,2002-08-16,1,0.5,0.8,0.9,1.1,1.1,1,1.1,1.3,1.6,1.5,2.3,3.4,4.1,3.5,2.6,2.4,2.1,1.6,0.9,1,0.7,1,1.2
21,龍潭,11,風向,WIND_DIREC,degrees,2002-08-16,113,205,205,153,155,168,114,117,86,347,21,289,281,287,297,287,315,315,290,350,10,329,230,231
21,龍潭,14,溫度,AMB_TEMP,℃,2002-08-16,26.9,26.8,26.6,26.4,26.2,26.2,26.7,28.5,30.2,31.4,32.9,32.3,31.9,31.4,31.5,30.7,30.1,29.4,28.7,28.5,28.5,28,27.3,26.9
22,湖口,1,二氧化硫,SO2,ppb,2002-08-16,2.6,2.1,3,1.7,1.6,x,2.1,3.6,3.9,3.6,2.7,3,1.7,0.7,0.3,,0.2,,0.1,0.1,0.1,0.7,0.3,4.8
22,湖口,2,一氧化碳,CO,ppm,2002-08-16,0.7,0.73,0.63,0.52,0.46,0.48,0.57,0.65,0.54,0.49,0.53,0.46,0.41,0.34,0.31,,0.31,,0.32,0.48,0.5,0.6,0.7,0.82
22,湖口,3,臭氧,O3,ppb,2002-08-16,22,7,0.8,2.7,6.7,4.8,x,14,31,54,72,80,81,65,60,,62,,64,54,49,33,22,1.9
22,湖口,4,懸浮微粒,PM10,μg/m3,2002-08-16,159,125,126,105,96,88,91,99,99,88,100,99,84,67,48,,41,,46,51,48,69,71,70
22,湖口,5,氮氧化物,NOx,ppb,2002-08-16,22,36,52,x,20,26,35,27,16,11,9.5,6.8,4.5,2.2,1.4,,1.9,,2.1,8.4,8.5,22,28,63
22,湖口,6,一氧化氮,NO,ppb,2002-08-16,1,3.8,19,x,1.9,4.8,12,7.2,2.9,0.9,0.6,0.4,0.3,0.2,0.2,,0.2,,0.2,0.6,0.4,2.4,3.1,25
22,湖口,7,二氧化氮,NO2,ppb,2002-08-16,21,32,33,x,18,22,23,19,14,10,8.9,6.4,4.2,2,1.2,,1.6,,1.9,7.8,8,20,25,39
22,湖口,10,風速,WIND_SPEED,m/sec,2002-08-16,0.1,0,0.8,1,1,0.9,0.7,0.6,0.4,1.1,2.1,2.5,2.8,3.1,2.5,,1.5,,0.3,0.2,0.5,0.3,0,0.5
22,湖口,11,風向,WIND_DIREC,degrees,2002-08-16,888,180,144,144,137,137,144,148,888,335,302,310,298,296,300,,316,,300,888,336,888,221,167
22,湖口,14,溫度,AMB_TEMP,℃,2002-08-16,27.6,27.5,27.1,26.7,26.6,26.8,27.6,30.2,33.2,35.4,34.2,35.1,35.1,34.7,34.3,,32.2,,28.8,28.5,28.3,28.1,27.7,27.4
23,竹東,1,二氧化硫,SO2,ppb,2002-08-16,0.1,0.1,1.2,0.1,0,0.3,1.5,1.4,5.9,4.1,2.7,2.6,4.1,3.2,1.6,1.3,1.8,4,1.9,0.5,1.2,0.1,0.4,0.4
23,竹東,2,一氧化碳,CO,ppm,2002-08-16,0.39,0.36,0.38,0.3,0.33,0.37,0.49,0.54,0.68,0.64,0.58,0.68,0.7,0.56,0.51,0.46,0.5,0.73,0.79,0.6,0.63,0.55,0.48,0.42
23,竹東,3,臭氧,O3,ppb,2002-08-16,11,11,13,14,13,13,x,13,23,53,72,97,98,82,69,61,56,32,14,9.9,8.6,6.3,6.8,9.5
23,竹東,4,懸浮微粒,PM10,μg/m3,2002-08-16,74,49,31,31,31,32,35,40,48,66,80,81,94,94,87,73,58,49,48,48,47,42,28,22
23,竹東,5,氮氧化物,NOx,ppb,2002-08-16,8.3,5.9,6.8,x,4.3,6.9,12,16,35,25,20,15,18,17,13,13,14,19,25,16,15,13,11,8
23,竹東,6,一氧化氮,NO,ppb,2002-08-16,0.3,0.2,0,x,0,0.2,1.5,4.2,10,3.5,1.2,0.3,0.2,0.2,0.4,0.4,0.3,0.2,1.7,0.9,0.8,1.1,0.6,0.2
23,竹東,7,二氧化氮,NO2,ppb,2002-08-16,8.1,5.8,6.8,x,4.2,6.7,10,12,24,21,18,15,18,16,13,13,14,19,23,15,14,11,10,7.8
23,竹東,10,風速,WIND_SPEED,m/sec,2002-08-16,0.7,0.4,1.1,1.3,1.1,1.2,1.1,0.9,0.4,0.7,1,1.5,1.4,1.8,1.3,0.9,0.6,0.6,0.3,1.1,0.8,1.2,0.8,1
23,竹東,11,風向,WIND_DIREC,degrees,2002-08-16,139,100,146,149,144,150,159,137,888,338,888,267,309,312,312,330,888,128,92,129,140,127,131,142
23,竹東,14,溫度,AMB_TEMP,℃,2002-08-16,27,26.7,26.6,26.1,25.7,25.5,26,27.4,29.6,31.5,32.1,32.3,31.6,31.3,31.7,31.5,30.5,29.4,28.6,27.6,27.4,26.9,26.6,26.2
24,新竹,1,二氧化硫,SO2,ppb,2002-08-16,0.4,1.1,3.6,3.7,1.8,3.5,5.4,4.5,7.2,6.2,3.6,2.1,1.2,0.8,0.9,1.3,1.5,1.6,1.8,3.9,2.7,1.7,1.6,0.7
24,新竹,2,一氧化碳,CO,ppm,2002-08-16,0.61,0.47,0.48,0.41,0.37,0.46,0.63,0.87,1.08,1.01,0.75,0.55,0.41,0.4,0.37,0.37,0.39,0.42,0.42,0.46,0.39,0.3,0.25,0.2
24,新竹,3,臭氧,O3,ppb,2002-08-16,18,17,7.5,8.7,11,11,x,16,18,47,73,78,73,64,57,49,47,52,49,40,33,12,4.2,10
24,新竹,4,懸浮微粒,PM10,μg/m3,2002-08-16,56,48,50,52,43,43,57,65,66,81,101,111,96,80,55,27,13,12,16,18,24,47,69,70
24,新竹,5,氮氧化物,NOx,ppb,2002-08-16,17,15,21,x,16,15,32,27,40,33,18,11,8.8,8.7,7.8,7,7,8.1,9.4,22,26,49,44,25
24,新竹,6,一氧化氮,NO,ppb,2002-08-16,0.1,0.1,0.3,x,0.2,0.1,8.9,4.2,11,2.9,0.3,0.1,0.1,0.2,0.2,0.3,0.2,0.1,0.1,0.2,0.9,11,11,1
24,新竹,7,二氧化氮,NO2,ppb,2002-08-16,17,15,21,x,16,15,23,23,30,30,18,11,8.7,8.5,7.6,6.7,6.9,7.9,9.3,22,25,38,33,24
24,新竹,8,總碳氫化合物,THC,ppm,2002-08-16,2.5,2.3,2.4,2.7,4.1,2.7,2.7,2.6,2.6,2.5,2.3,2.2,2,1.9,2,2.1,2.2,2,1.9,1.9,2.3,2.7,2.7,2.6
24,新竹,9,非甲烷碳氫化合物,NMHC,ppm,2002-08-16,0.28,0.14,0.11,0.2,0.38,0.18,0.27,0.31,0.33,0.34,0.14,0.07,0.07,0.07,0.05,0.05,0.14,0.06,0.05,0.13,0.23,0.36,0.28,0.2
24,新竹,10,風速,WIND_SPEED,m/sec,2002-08-16,0.8,0.5,0.7,0.9,1.1,0.6,0.8,0.6,1,1.3,2.3,2.4,2.7,2.6,2.2,1.9,1.7,1.6,1,0.5,0.2,0.4,0.6,0.8
24,新竹,11,風向,WIND_DIREC,degrees,2002-08-16,231,266,215,214,181,181,141,888,122,311,316,313,320,328,328,352,19,22,10,2,888,888,210,201
24,新竹,14,溫度,AMB_TEMP,℃,2002-08-16,29.3,29,28.7,28.4,28.1,28,28.4,29.3,30.6,32,31.8,32.3,32.9,32.9,32.8,32.4,31.6,30.4,29.8,29.9,29.9,29.7,29.2,29
24,新竹,31,甲烷,CH4,ppm,2002-08-16,2.2,2.2,2.3,2.5,3.7,2.5,2.4,2.3,2.2,2.1,2.2,2.1,1.9,1.8,1.9,2,2.1,1.9,1.8,1.8,2.1,2.4,2.4,2.4
25,頭份,1,二氧化硫,SO2,ppb,2002-08-16,6,4.5,2.6,2.9,2,2.2,2.6,1.8,4.3,13,9.3,7,4.5,3.2,3,3,1.3,1.2,1.7,2.6,6.5,2.3,2.1,1.8
25,頭份,4,懸浮微粒,PM10,μg/m3,2002-08-16,76,76,76,73,75,77,81,90,90,130,145,138,109,92,79,66,57,54,63,60,87,100,92,81
25,頭份,5,氮氧化物,NOx,ppb,2002-08-16,26,24,21,x,23,26,40,26,25,38,19,11,6.5,5.7,3.1,3,1.2,1.7,2.8,7,11,25,27,27
25,頭份,6,一氧化氮,NO,ppb,2002-08-16,2.1,0.7,0.9,x,3.8,5.5,16,7,3.8,6,0.7,0.1,0,0,0,0,0,0,0,0,0,3,2.8,3.8
25,頭份,7,二氧化氮,NO2,ppb,2002-08-16,24,23,20,x,19,21,23,19,21,32,18,11,6.5,5.7,3.1,3,1.2,1.7,2.8,7,11,22,25,23
25,頭份,8,總碳氫化合物,THC,ppm,2002-08-16,1.9,x,2,1.9,1.9,2,2.1,2,2,2,1.9,1.8,1.8,1.7,1.6,1.6,1.5,1.5,1.5,1.6,1.7,1.8,1.8,1.8
25,頭份,9,非甲烷碳氫化合物,NMHC,ppm,2002-08-16,0.17,x,0.05,0.05,0.04,0.05,0.09,0.09,0.16,0.12,0.1,0.04,0.03,0.05,0.03,0.05,0.05,0.05,0.03,0.05,0.06,0.11,0.09,0.04
25,頭份,10,風速,WIND_SPEED,m/sec,2002-08-16,0.9,0.8,0.9,1,1.2,1.2,1.1,1.1,0.6,1.2,1.9,2.5,2.5,3.2,2.9,2.8,2.3,2,1.5,0.9,0.8,1.3,0.6,0.9
25,頭份,11,風向,WIND_DIREC,degrees,2002-08-16,172,183,146,115,114,104,112,89,89,192,313,299,314,312,331,336,358,342,358,6,358,145,97,113
25,頭份,14,溫度,AMB_TEMP,℃,2002-08-16,27.4,27.4,27.2,26.7,26.3,26,26.4,27.3,29.1,30.6,30.6,30.9,31.3,31.6,31.5,31.1,30.3,29.3,28.5,28.4,28.4,27.8,27.4,27
25,頭份,31,甲烷,CH4,ppm,2002-08-16,1.7,x,1.9,1.9,1.9,1.9,2,1.9,1.8,1.9,1.8,1.8,1.7,1.6,1.6,1.5,1.5,1.4,1.5,1.6,1.7,1.7,1.8,1.8
26,苗栗,1,二氧化硫,SO2,ppb,2002-08-16,4.5,3.7,5,3.3,1.1,1.7,1.6,2.7,3.9,5.4,4.6,2.2,1.2,1.4,0.9,0.8,0.7,1.6,1,0.9,1.1,1.2,0.9,1
26,苗栗,2,一氧化碳,CO,ppm,2002-08-16,0.43,0.41,0.43,0.37,0.33,0.37,0.44,0.6,0.83,0.64,0.57,0.53,0.5,0.43,0.35,0.35,0.37,0.44,1.19,3.3,2.06,0.96,0.71,0.62
26,苗栗,3,臭氧,O3,ppb,2002-08-16,14,13,11,13,16,14,x,19,32,65,80,83,87,74,68,62,52,42,36,36,24,7.1,10,10
26,苗栗,4,懸浮微粒,PM10,μg/m3,2002-08-16,100,97,89,80,67,59,56,53,32,75,117,141,142,141,77,32,20,20,51,42,42,58,47,106
26,苗栗,5,氮氧化物,NOx,ppb,2002-08-16,22,21,23,x,11,14,17,20,24,16,12,11,10,9.5,6,5.8,7.8,11,18,18,23,35,26,22
26,苗栗,6,一氧化氮,NO,ppb,2002-08-16,0.7,0.8,0.7,x,0.3,0.7,3,3.9,4,1.3,0.4,0.3,0.3,0.5,0.5,0.4,0.7,1.1,2,2.3,1.7,5.1,2.2,1.8
26,苗栗,7,二氧化氮,NO2,ppb,2002-08-16,22,21,22,x,10,13,14,17,20,15,12,11,9.8,9,5.5,5.3,7.1,9.6,16,16,21,30,24,20
26,苗栗,10,風速,WIND_SPEED,m/sec,2002-08-16,0.9,0.8,0.7,0.4,1,0.5,0.4,0.5,0.1,0.6,0.9,1.4,1.5,2.1,1.3,1.9,1.8,1.5,1.1,0.6,0.3,0.6,0.7,0.8
26,苗栗,11,風向,WIND_DIREC,degrees,2002-08-16,179,182,192,172,180,175,159,163,888,327,299,288,320,322,312,300,326,347,11,30,888,172,184,179
26,苗栗,14,溫度,AMB_TEMP,℃,2002-08-16,27,26.6,26.5,26.1,25.6,25.5,25.7,26.7,28.3,29.7,30.4,29.8,30.3,29.6,30.4,30.6,29.8,28.9,28.3,27.8,27.5,27.1,26.8,26.4
27,三義,1,二氧化硫,SO2,ppb,2002-08-16,0,0.1,0.4,0.6,0.6,0.5,0.3,0.1,0.9,2.1,3.1,3.6,7.2,8.2,5,2.9,1.5,0.6,0.4,0.1,0.1,0,0,0
27,三義,2,一氧化碳,CO,ppm,2002-08-16,0.4,0.32,0.23,0.3,0.29,0.26,0.32,0.31,0.3,0.39,0.51,0.45,0.47,0.41,0.33,0.3,0.31,0.3,0.3,0.27,0.24,0.24,0.23,0.3
27,三義,3,臭氧,O3,ppb,2002-08-16,8.2,4.7,13,7.9,2.4,0.9,x,12,30,43,67,90,77,69,65,66,54,45,35,32,30,23,21,8
27,三義,4,懸浮微粒,PM10,μg/m3,2002-08-16,21,32,29,31,20,37,38,42,28,21,39,51,34,78,74,58,41,39,42,47,33,32,42,42
27,三義,5,氮氧化物,NOx,ppb,2002-08-16,14,20,12,x,27,28,31,17,14,15,17,15,31,31,20,17,15,12,14,8.5,6.8,5.8,5.5,12
27,三義,6,一氧化氮,NO,ppb,2002-08-16,0.7,4,1.4,x,8.9,10,18,6.8,3.6,2.3,1.3,1,2.8,4,2.4,2.1,1.7,0.7,0.2,0.1,0.2,0.1,0.2,1
27,三義,7,二氧化氮,NO2,ppb,2002-08-16,14,16,10,x,18,18,14,11,11,13,15,14,28,27,18,15,13,11,13,8.4,6.7,5.6,5.3,11
27,三義,8,總碳氫化合物,THC,ppm,2002-08-16,2.2,2.2,x,2.3,2.2,2.2,2.3,2.2,2.1,2.3,2.4,2.3,2.5,2.3,2.2,2.2,2.1,2.1,2.1,2.1,2.2,2.2,2.2,2.3
27,三義,9,非甲烷碳氫化合物,NMHC,ppm,2002-08-16,0.07,0.07,x,0.11,0.04,0.04,0.09,0.09,0.04,0.11,0.2,0.16,0.22,0.13,0.07,0.12,0.04,0.05,0.04,0.07,0.05,0.06,0.08,0.07
27,三義,10,風速,WIND_SPEED,m/sec,2002-08-16,0.8,0.8,1,0.1,0.2,0.1,0,0.1,0.4,0.8,0.9,1.1,1.9,3.2,2.5,2.4,2.8,2.1,1.7,1.2,1,0.4,0.1,0.2
27,三義,11,風向,WIND_DIREC,degrees,2002-08-16,197,223,223,212,196,221,999,888,170,202,888,888,293,309,8,358,353,18,24,30,47,48,19,197
27,三義,14,溫度,AMB_TEMP,℃,2002-08-16,23.5,23.6,23.8,23.2,22.7,22.5,23.3,25.4,27.9,28.4,28.3,28.8,29.3,29.9,29,29,28,26.7,25.9,25.2,24.9,24.6,24.6,24.2
27,三義,21,酸雨,PH_RAIN,pH,2002-08-16,0,0,0,0,0,0,0,0,0,0,0,0,0,0,0,0,0,0,0,0,0,0,0,0
27,三義,22,導電度,RAIN_COND,μmho/cm,2002-08-16,0,0,0,0,0,0,0,0,0,0,0,0,0,0,0,0,0,0,0,0,0,0,0,0
27,三義,31,甲烷,CH4,ppm,2002-08-16,2.2,2.1,x,2.2,2.2,2.1,2.2,2.2,2.1,2.2,2.2,2.2,2.2,2.2,2.1,2.1,2.1,2,2.1,2.1,2.1,2.1,2.2,2.2
27,三義,32,降雨強度,RAIN_INT,㎜,2002-08-16,0,0,0,0,0,0,0,0,0,0,0,0,0,0,0,0,0,0,0,0,0,0,0,0
28,豐原,1,二氧化硫,SO2,ppb,2002-08-16,3.8,2,2.1,1.2,3,1.4,5.6,4.3,3.1,3.9,3.5,3.3,3.7,5.4,14,3.6,2.5,3.7,1.8,2.4,4.5,2,1.4,1.8
28,豐原,2,一氧化碳,CO,ppm,2002-08-16,0.71,0.54,0.63,0.54,0.61,0.72,1.01,1.25,1.1,1.12,0.8,0.75,0.72,0.71,0.73,0.63,0.74,0.84,0.79,0.92,1.08,1.04,0.97,0.8
28,豐原,3,臭氧,O3,ppb,2002-08-16,26,28,17,11,8.9,7.2,6.5,14,44,78,101,113,111,90,39,68,53,34,32,21,11,15,19,19
28,豐原,4,懸浮微粒,PM10,μg/m3,2002-08-16,85,91,88,75,49,49,49,59,51,54,69,78,95,110,110,94,67,53,53,47,54,65,65,73
28,豐原,5,氮氧化物,NOx,ppb,2002-08-16,20,12,15,x,18,21,39,41,28,30,21,20,18,21,59,19,19,31,27,32,45,33,28,22
28,豐原,6,一氧化氮,NO,ppb,2002-08-16,0.1,0.2,1.2,x,0.1,1,13,14,4.1,2.8,1,0.8,0.7,0.9,13,1.9,1.9,2.9,1.5,2.6,6.3,2.3,0.8,0.2
28,豐原,7,二氧化氮,NO2,ppb,2002-08-16,20,11,14,x,18,20,27,27,24,28,20,19,17,20,46,17,17,28,25,29,38,30,27,22
28,豐原,10,風速,WIND_SPEED,m/sec,2002-08-16,0.8,0.5,0,0,0.1,0,0.1,0.1,0.4,1.3,1.5,1.7,1.9,2.1,1.9,2.1,2.2,2,1.6,1.1,0.4,0.2,0.2,0.7
28,豐原,11,風向,WIND_DIREC,degrees,2002-08-16,177,167,31,999,50,54,22,47,888,315,295,293,296,322,319,334,338,345,352,359,340,319,109,173
28,豐原,14,溫度,AMB_TEMP,℃,2002-08-16,25.9,25.6,25.7,25.3,25.2,25.1,26,28,30,31.2,31.7,31.6,31.2,30.2,30.9,31.6,29.9,28.3,27.3,27.1,27.2,26.8,26.9,26.5
29,沙鹿,1,二氧化硫,SO2,ppb,2002-08-16,1.8,2.2,2,1.4,2.6,1.5,2,1,2.3,6.7,17,17,12,11,9.5,6.8,5.1,2,1.7,1,0.8,0.3,0.3,1
29,沙鹿,2,一氧化碳,CO,ppm,2002-08-16,0.8,0.57,0.51,0.45,0.56,0.54,0.62,0.58,0.59,0.43,0.39,0.38,0.39,0.36,0.33,0.27,0.23,0.3,0.35,0.39,0.63,0.63,0.68,0.62
29,沙鹿,3,臭氧,O3,ppb,2002-08-16,12,13,14,13,5.2,7.7,9.7,24,32,52,38,44,69,64,56,52,42,42,39,34,20,16,16,8.4
29,沙鹿,4,懸浮微粒,PM10,μg/m3,2002-08-16,66,65,56,56,51,48,56,50,61,72,82,100,100,94,81,59,45,26,26,26,28,34,42,50
29,沙鹿,5,氮氧化物,NOx,ppb,2002-08-16,25,20,17,x,20,18,20,14,20,21,40,43,30,23,13,10,8.9,6.3,7.7,9.6,18,19,18,22
29,沙鹿,6,一氧化氮,NO,ppb,2002-08-16,0.4,0.2,0.2,x,0.5,0.9,2.9,1.3,2.5,1.7,6.9,7.6,3.5,3,1.9,1,1.3,0.3,0.4,0.2,0.4,0.8,0.3,0.2
29,沙鹿,7,二氧化氮,NO2,ppb,2002-08-16,24,20,17,x,19,17,18,13,17,19,33,36,27,20,11,9.5,7.7,6,7.4,9.4,18,19,17,22
29,沙鹿,10,風速,WIND_SPEED,m/sec,2002-08-16,1.3,1.5,0.9,0.8,0.9,0.3,0.6,0.7,1.3,1.3,1.9,2,2.4,2.7,2.9,2.4,2.4,1.8,2,1.5,0.9,1,1,1.1
29,沙鹿,11,風向,WIND_DIREC,degrees,2002-08-16,143,147,173,165,187,141,158,175,251,250,305,307,291,306,311,334,348,350,6,4,45,68,77,226
29,沙鹿,14,溫度,AMB_TEMP,℃,2002-08-16,27.5,27,26.8,26.7,26.4,26.3,27,29.3,30.6,31.2,31.5,32.3,32.9,32.9,32.7,32.2,30.6,29.7,29,28.9,28.6,28.3,28,28.3
30,大里,1,二氧化硫,SO2,ppb,2002-08-16,0.7,1.6,0.8,0.5,1.2,1.4,1.7,2,2.3,1.6,1.3,1.2,1.3,1.3,1.3,4.4,2.2,1.3,1.1,1.5,1.3,1.4,1,0.8
30,大里,2,一氧化碳,CO,ppm,2002-08-16,0.48,0.38,0.38,0.36,0.37,0.49,0.56,0.85,0.85,0.79,0.61,0.6,0.58,0.51,0.45,0.47,0.57,0.65,0.71,0.81,0.88,0.93,0.76,0.67
30,大里,3,臭氧,O3,ppb,2002-08-16,18,22,19,17,14,8.3,x,17,36,61,71,76,105,102,85,56,48,37,31,23,14,9,13,12
30,大里,4,懸浮微粒,PM10,μg/m3,2002-08-16,16,28,46,33,30,25,25,40,54,68,61,61,66,65,58,72,60,45,55,42,42,49,64,60
30,大里,5,氮氧化物,NOx,ppb,2002-08-16,13,9.4,9.7,x,10,13,18,25,23,20,14,14,14,14,13,31,24,22,24,28,34,35,24,21
30,大里,6,一氧化氮,NO,ppb,2002-08-16,0.4,0.1,0.1,x,0.1,0.5,3.4,5.8,3.4,1.7,0.7,0.7,0.3,0.2,0.4,2.4,1.3,0.7,0.2,0.2,1,2,0.6,0.5
30,大里,7,二氧化氮,NO2,ppb,2002-08-16,13,9.3,9.6,x,10,13,15,19,19,19,13,14,14,14,12,29,23,21,24,28,33,33,24,20
30,大里,10,風速,WIND_SPEED,m/sec,2002-08-16,1.3,1.2,0.6,0.8,0.9,0.9,0.7,0.8,1.1,1.5,1.8,2,1.8,2.2,2.9,3,3,2.3,1.9,1.4,1,0.8,1,1.3
30,大里,11,風向,WIND_DIREC,degrees,2002-08-16,99,93,213,176,97,92,102,142,228,194,219,221,229,259,279,290,310,324,327,335,265,221,173,187
30,大里,14,溫度,AMB_TEMP,℃,2002-08-16,26.9,26.6,26.6,26.3,26.2,26.1,26.4,28.5,30.4,31.7,32.7,33.4,34.4,34.4,34.4,34,32.5,30.9,29.7,29.4,29.2,28.9,28.4,28.1
31,忠明,1,二氧化硫,SO2,ppb,2002-08-16,1.5,1.3,1,1.4,0.8,1.8,2,3.2,4.1,3.9,5,5.4,5.2,4.6,10,5.1,3.4,3.2,3.7,4.5,3.8,4.3,4.7,4.8
31,忠明,2,一氧化碳,CO,ppm,2002-08-16,0.75,0.84,0.66,0.62,0.52,0.62,0.69,1.14,1.37,0.91,0.68,0.59,0.65,0.49,0.59,0.48,0.48,0.58,0.73,0.78,0.63,0.98,1.37,1.14
31,忠明,3,臭氧,O3,ppb,2002-08-16,16,11,16,13,16,11,x,18,46,76,70,93,109,88,56,56,51,42,34,23,23,8.1,2.5,1.8
31,忠明,4,懸浮微粒,PM10,μg/m3,2002-08-16,77,48,50,35,40,31,12,24,24,58,59,69,68,74,77,52,51,46,45,68,44,59,66,67
31,忠明,5,氮氧化物,NOx,ppb,2002-08-16,28,29,24,x,18,27,32,45,46,30,32,26,25,17,44,19,13,15,22,30,24,39,45,48
31,忠明,6,一氧化氮,NO,ppb,2002-08-16,1.5,0.7,0.4,x,0.1,1.5,4.6,9.5,4.7,1.3,2,0.5,0.2,0.3,6.3,0.9,0.1,0.1,0,0.2,0.1,0.9,3.8,7.6
31,忠明,7,二氧化氮,NO2,ppb,2002-08-16,26,29,24,x,18,25,27,35,41,29,30,26,25,17,37,18,13,15,22,29,24,38,41,41
31,忠明,10,風速,WIND_SPEED,m/sec,2002-08-16,1.2,0.3,0.3,0.8,0.3,0.3,0.4,0.4,1.1,1.3,1.8,1.8,1.5,2.5,2.3,3,3.2,2.9,2.1,1.8,1.5,1,0.8,1.2
31,忠明,11,風向,WIND_DIREC,degrees,2002-08-16,187,888,174,192,178,888,315,888,271,888,213,274,258,313,301,335,340,333,346,350,341,343,79,201
31,忠明,14,溫度,AMB_TEMP,℃,2002-08-16,27.8,27.7,27.7,27.4,27.1,27.3,27.7,29.1,30.5,31.9,32.4,32.9,33.4,33.6,34.3,33.5,32,30.6,29.7,29.4,29.3,29.3,29.1,28.9
31,忠明,33,細懸浮微粒,PM2.5,μg/m3,2002-08-16,68,31,36,35,33,33,27,31,42,47,45,38,51,60,46,41,36,28,29,34,33,34,38,45
32,西屯,1,二氧化硫,SO2,ppb,2002-08-16,0,0,0,0,0,0.2,0.2,1.2,2.6,2.4,2.6,0.6,0.4,0.3,2.8,0.9,0.3,0.6,0.6,0.9,0.8,0.8,0.4,0.4
32,西屯,2,一氧化碳,CO,ppm,2002-08-16,0.63,0.45,0.41,0.42,0.4,0.36,0.42,0.69,0.87,0.52,0.36,0.39,0.38,0.32,0.33,0.33,0.29,0.28,0.33,0.32,0.38,0.57,0.64,0.7
32,西屯,3,臭氧,O3,ppb,2002-08-16,11,14,15,8.9,6.8,8.6,x,6,31,50,58,87,93,77,49,55,48,41,39,33,31,24,20,5
32,西屯,4,懸浮微粒,PM10,μg/m3,2002-08-16,62,56,56,39,49,40,52,35,39,55,41,50,70,79,73,78,76,66,50,50,50,47,54,28
32,西屯,5,氮氧化物,NOx,ppb,2002-08-16,26,18,13,x,20,17,28,54,37,21,22,11,9.3,8.8,34,12,7.5,7.7,9.7,13,13,18,19,32
32,西屯,6,一氧化氮,NO,ppb,2002-08-16,2.5,1.7,1.1,x,1.9,1.8,7.8,28,10,4.6,4.8,1.6,1.4,1.7,9.5,2.3,1.6,1.6,1.7,2,1.9,2.3,2,5.5
32,西屯,7,二氧化氮,NO2,ppb,2002-08-16,24,17,12,x,18,15,20,26,27,17,17,9.3,7.9,7.1,24,9.4,5.9,6.1,8,11,12,15,17,26
32,西屯,8,總碳氫化合物,THC,ppm,2002-08-16,2.4,2.2,2.4,2.7,2.4,2.5,3.3,2,2.4,2.1,2.1,2.1,2.1,2,2,1.9,1.7,1.8,1.8,1.8,2,2.1,2.4,3.3
32,西屯,9,非甲烷碳氫化合物,NMHC,ppm,2002-08-16,0.21,0.16,0.15,0.19,0.18,0.34,0.21,0.12,0.22,0.08,0.07,0.06,0.07,0.14,0.11,0.07,0.04,0.27,0.01,0.01,0.17,0.24,0.34,1.04
32,西屯,10,風速,WIND_SPEED,m/sec,2002-08-16,1.3,1.2,1.2,0.9,0.7,0.6,0.2,0.7,0.9,1.7,2.3,2.2,2.1,2.6,3,3.5,3.7,3.4,2.7,2.3,1.4,0.8,1.2,1.3
32,西屯,11,風向,WIND_DIREC,degrees,2002-08-16,195,222,227,220,218,219,211,209,184,198,217,214,259,281,322,341,351,347,352,351,358,12,8,213
32,西屯,14,溫度,AMB_TEMP,℃,2002-08-16,26.6,26.4,26.1,25.8,25.8,25.9,27,29.5,31.9,32.9,33.1,33.1,33,34,34.2,33.1,31.3,29.7,28.6,28.2,28.2,28.1,27.8,27.6
32,西屯,21,酸雨,PH_RAIN,pH,2002-08-16,0,0,0,0,0,0,0,0,0,0,0,0,0,0,0,0,0,0,0,0,0,0,0,0
32,西屯,22,導電度,RAIN_COND,μmho/cm,2002-08-16,0,0,0,0,0,0,0,0,0,0,0,0,0,0,0,0,0,0,0,0,0,0,0,0
32,西屯,31,甲烷,CH4,ppm,2002-08-16,2.2,2,2.3,2.5,2.2,2.2,3.1,1.9,2.2,2,2,2,2,1.9,1.9,1.8,1.7,1.6,1.8,1.8,1.8,1.9,2,2.2
32,西屯,32,降雨強度,RAIN_INT,㎜,2002-08-16,0,0,0,0,0,0,0,0,0,0,0,0,0,0,0,0,0,0,0,0,0,0,0,0
33,彰化,1,二氧化硫,SO2,ppb,2002-08-16,3.3,1.5,1.1,2.2,3.1,1.8,0.8,0.8,0.8,0.6,2,2.4,1.8,2.5,2.5,1.9,x,5,3.7,2.8,2.9,3.6,3,4
33,彰化,2,一氧化碳,CO,ppm,2002-08-16,0.58,0.31,0.27,0.32,0.35,0.31,0.26,0.4,0.4,0.33,0.59,0.59,0.5,0.51,0.49,0.49,x,0.85,0.72,0.85,0.7,0.79,0.61,0.5
33,彰化,3,臭氧,O3,ppb,2002-08-16,18,33,29,23,14,12,15,21,37,48,67,74,72,82,63,48,x,31,27,23,21,16,13,11
33,彰化,4,懸浮微粒,PM10,μg/m3,2002-08-16,79,79,68,51,39,39,39,31,31,31,31,37,46,42,56,54,37,x,x,46,43,44,45,64
33,彰化,5,氮氧化物,NOx,ppb,2002-08-16,21,8.5,6.9,x,14,11,8,11,9.8,6.7,18,19,15,16,15,15,39,x,24,27,27,31,27,23
33,彰化,6,一氧化氮,NO,ppb,2002-08-16,2.1,0.4,0.2,x,0.3,0.6,1.1,2.6,1.3,0.5,1.2,1.4,1.2,1.1,1.4,2.3,7.9,x,2.3,3.3,2.2,3.7,1.3,0.2
33,彰化,7,二氧化氮,NO2,ppb,2002-08-16,19,8.1,6.8,x,14,11,6.9,8,8.5,6.3,17,18,14,14,13,13,31,x,22,24,24,27,26,23
33,彰化,8,總碳氫化合物,THC,ppm,2002-08-16,x,x,x,x,x,x,x,x,x,x,x,x,x,x,x,x,x,x,x,2.1,2,2.1,2.1,x
33,彰化,9,非甲烷碳氫化合物,NMHC,ppm,2002-08-16,x,x,x,x,x,x,x,x,x,x,x,x,x,x,x,x,x,x,x,0.24,0.24,0.26,0.3,x
33,彰化,10,風速,WIND_SPEED,m/sec,2002-08-16,0.7,0.9,0.3,0.2,0.3,1.1,0.6,1.3,0.7,0.8,0.7,1.4,1.3,1.9,1.7,2,1.5,1.4,1.6,1.1,0.7,0.6,0.5,1.1
33,彰化,11,風向,WIND_DIREC,degrees,2002-08-16,126,126,108,121,104,106,111,104,117,150,256,244,262,281,321,347,334,1,9,15,13,26,108,178
33,彰化,14,溫度,AMB_TEMP,℃,2002-08-16,27.9,27.3,27,27,26.7,26.2,26.9,28.9,30.8,32.3,33,33.3,34.6,34.5,34.6,33.6,32.2,30.7,29.4,29.2,29.1,29.1,28.8,28.3
33,彰化,31,甲烷,CH4,ppm,2002-08-16,x,x,x,x,x,x,x,x,x,x,x,x,x,x,x,x,x,x,x,1.8,1.8,1.9,1.8,x
34,線西,1,二氧化硫,SO2,ppb,2002-08-16,1.3,1.9,1.6,2.8,1.6,1.9,4.6,11,4.1,2.9,2.1,2.4,2,1.5,0.7,0.3,0.1,0,0.1,0.4,0.6,1.8,1.1,0.9
34,線西,4,懸浮微粒,PM10,μg/m3,2002-08-16,x,x,x,x,x,x,x,x,x,x,x,x,x,x,112,81,70,63,57,79,111,99,148,96
34,線西,5,氮氧化物,NOx,ppb,2002-08-16,24,23,21,x,22,25,34,45,19,11,9.7,10,7.4,5,5.6,5.3,4.7,5.2,7.2,8.2,15,20,17,18
34,線西,6,一氧化氮,NO,ppb,2002-08-16,0.7,0.3,0.7,x,1.2,3,15,22,3.1,1.1,0.7,1.1,0.1,0.3,0.8,0.8,0.8,0.8,0.8,0.6,0.8,0.6,0.7,0.7
34,線西,7,二氧化氮,NO2,ppb,2002-08-16,24,22,21,x,21,22,19,23,16,10,8.9,8.9,7.3,4.7,4.8,4.5,3.9,4.4,6.4,7.6,14,19,16,18
34,線西,8,總碳氫化合物,THC,ppm,2002-08-16,2.8,x,2.8,2.9,2.9,2.9,2.7,2.4,2.4,2.3,2.3,2.3,2.2,2.1,2,2,1.9,x,1.9,2,2,2.2,2.4,2.5
34,線西,9,非甲烷碳氫化合物,NMHC,ppm,2002-08-16,0.35,x,0.24,0.25,0.18,0.28,0.26,0.2,0.2,0.12,0.05,0.02,0.02,0.01,0.02,0.01,0.01,x,0.01,0.01,0.01,0.04,0.14,0.13
34,線西,10,風速,WIND_SPEED,m/sec,2002-08-16,0,0,0,0,0,0,0,0.1,0.9,0.5,0.9,1.3,1.8,2.3,2.1,2.5,2.5,2.8,2.2,2.3,1,0.9,0.2,0.8
34,線西,11,風向,WIND_DIREC,degrees,2002-08-16,319,322,999,999,888,888,888,888,174,236,273,283,282,286,305,317,333,346,356,4,2,14,888,202
34,線西,14,溫度,AMB_TEMP,℃,2002-08-16,28,27.5,26.9,26.8,26.6,26.3,26.9,28.4,29.5,30.4,31.3,32,32.3,32.6,32.8,31.9,30.7,29.3,28.5,28.4,28.5,28.6,28.5,28
34,線西,31,甲烷,CH4,ppm,2002-08-16,2.4,x,2.6,2.6,2.7,2.6,2.4,2.3,2.3,2.2,2.2,2.3,2.2,2.1,2,1.9,1.9,x,1.9,2,2,2.1,2.2,2.4
35,二林,1,二氧化硫,SO2,ppb,2002-08-16,1,1.4,1.4,0.9,1,2,1.8,,,,,,,x,2.3,2.4,1.6,0.9,0.6,0.4,0.4,0.4,0.2,0.1
35,二林,2,一氧化碳,CO,ppm,2002-08-16,0.31,0.31,0.3,0.31,0.28,0.3,0.32,,,,,,,x,0,x,x,x,x,x,x,x,x,x
35,二林,3,臭氧,O3,ppb,2002-08-16,13,8.5,5.6,7.2,2.4,0.6,3.8,,,,,,,x,77,69,55,48,46,33,26,30,20,9.9
35,二林,4,懸浮微粒,PM10,μg/m3,2002-08-16,73,70,58,59,61,54,54,,,,,,,x,x,41,107,90,80,81,90,113,157,212
35,二林,5,氮氧化物,NOx,ppb,2002-08-16,x,17,18,x,16,21,22,,,,,,,x,38,4.5,3.2,2.9,3.4,6.1,8.9,9.5,13,18
35,二林,6,一氧化氮,NO,ppb,2002-08-16,x,0,0,x,0.1,3,7.6,,,,,,,x,32,0.3,0.2,0.1,0,0,0,2.8,3.5,2.5
35,二林,7,二氧化氮,NO2,ppb,2002-08-16,x,16,18,x,16,18,15,,,,,,,x,5.3,4.2,3,2.8,3.4,6.1,8.9,6.7,9.2,15
35,二林,10,風速,WIND_SPEED,m/sec,2002-08-16,1.1,0.8,1,1,0.9,0.6,1.1,,,,,,,x,3,3.6,3.2,2.3,1.2,0.7,0.1,0.5,0.8,1
35,二林,11,風向,WIND_DIREC,degrees,2002-08-16,126,144,153,125,134,137,93,,,,,,,x,297,300,314,323,336,308,294,354,169,193
35,二林,14,溫度,AMB_TEMP,℃,2002-08-16,26.3,26,25.7,25.1,25,24.9,25.7,,,,,,,x,32,31.2,30.3,29.1,28,27.5,27.4,27.6,27.1,26.7
36,南投,1,二氧化硫,SO2,ppb,2002-08-16,0.2,0.2,0.2,0.2,0.1,0.4,0.7,0.5,0.9,0.9,0.9,1.7,1.6,1.2,1.1,1.8,2.2,2.1,1,1,1,1.1,1,1
36,南投,2,一氧化碳,CO,ppm,2002-08-16,0.38,0.37,0.4,0.38,0.34,0.36,0.37,0.37,0.35,0.36,0.36,0.42,0.33,0.36,0.45,0.61,0.55,0.63,0.51,0.48,0.49,0.55,0.52,0.47
36,南投,3,臭氧,O3,ppb,2002-08-16,17,13,3.6,3.6,5.5,4,x,12,27,42,60,64,67,74,83,88,64,47,29,23,22,9.6,5.5,x
36,南投,4,懸浮微粒,PM10,μg/m3,2002-08-16,15,19,21,25,25,35,35,32,34,24,30,78,x,x,x,38,37,62,62,59,59,57,49,47
36,南投,5,氮氧化物,NOx,ppb,2002-08-16,10,8,13,x,7.1,10,15,11,6.2,7.2,7.2,8.5,5.3,x,7.4,15,13,15,20,22,24,29,27,30
36,南投,6,一氧化氮,NO,ppb,2002-08-16,0.2,0.1,0.2,x,0.1,1,5.5,3.1,0.8,0.5,0.2,0.1,0.1,x,0.1,0.1,0.3,0.1,0.2,0.2,0.1,0.8,2.8,7.5
36,南投,7,二氧化氮,NO2,ppb,2002-08-16,9.9,7.9,13,x,7,9.2,9.4,7.5,5.4,6.7,7,8.4,5.2,x,7.3,15,13,15,20,22,23,28,25,22
36,南投,8,總碳氫化合物,THC,ppm,2002-08-16,3.5,x,3.9,3.9,3.8,3.8,3.9,3.5,3.4,3.5,3.5,3.8,x,x,x,x,x,x,3.3,3.1,2.8,2.8,2.7,2.8
36,南投,9,非甲烷碳氫化合物,NMHC,ppm,2002-08-16,0.3,x,0.1,0.16,0.19,0.2,0.21,0.18,0.2,0.27,0.29,0.55,x,x,x,x,x,x,0.98,0.99,0.81,0.81,0.75,0.64
36,南投,10,風速,WIND_SPEED,m/sec,2002-08-16,0.6,1.3,0.9,0.8,0.5,0.5,0.8,0.5,0.6,1,1.2,0.9,1.5,1.8,1.7,1.8,1.9,1.3,1.4,1.1,0.7,0.6,0.7,0.9
36,南投,11,風向,WIND_DIREC,degrees,2002-08-16,157,143,141,133,167,179,145,153,164,138,156,282,279,247,304,325,310,295,174,186,186,184,185,159
36,南投,14,溫度,AMB_TEMP,℃,2002-08-16,25.6,25.1,24.7,24.7,24.6,24.4,25.1,28.2,30.8,32.3,33.5,33.1,34,34.6,35.2,33.8,32.7,30.6,28.1,27.6,27.7,27.3,26.9,26.5
36,南投,21,酸雨,PH_RAIN,pH,2002-08-16,0,0,0,0,0,0,0,0,0,0,0,0,0,0,0,0,0,0,0,0,0,0,0,0
36,南投,22,導電度,RAIN_COND,μmho/cm,2002-08-16,0,0,0,0,0,0,0,0,0,0,0,0,0,0,0,0,0,0,0,0,0,0,0,0
36,南投,31,甲烷,CH4,ppm,2002-08-16,3.2,x,3.8,3.8,3.6,3.6,3.7,3.4,3.2,3.2,3.2,3.2,x,x,x,x,x,x,2.4,2.2,2,2,2,2.2
36,南投,32,降雨強度,RAIN_INT,㎜,2002-08-16,0,0,0,0,0,0,0,0,0,0,0,0,0,0,0,0,0,0,0,0,0,0,0,0
37,斗六,1,二氧化硫,SO2,ppb,2002-08-16,0.9,1.4,1.6,1.2,1,0.7,2.1,15,17,3.4,2.6,2.5,0.8,0.5,0.7,2.3,2.6,1.1,1,2,1,0.9,1.6,1.4
37,斗六,2,一氧化碳,CO,ppm,2002-08-16,0.36,0.29,0.26,0.25,0.24,0.22,0.32,0.52,0.5,0.48,0.41,0.37,0.35,0.29,0.38,0.37,0.4,0.63,0.5,0.57,0.72,0.64,0.68,0.54
37,斗六,3,臭氧,O3,ppb,2002-08-16,16,7.8,14,14,14,12,5.8,4.9,14,46,51,63,76,82,89,88,65,44,46,27,16,9.6,8.6,11
37,斗六,4,懸浮微粒,PM10,μg/m3,2002-08-16,46,48,48,39,38,39,20,20,33,39,42,41,44,37,38,64,81,69,66,53,56,63,80,103
37,斗六,5,氮氧化物,NOx,ppb,2002-08-16,x,x,9,x,7.7,8.2,16,48,55,13,10,8.6,7.4,6.3,9,11,13,21,16,26,27,26,26,22
37,斗六,6,一氧化氮,NO,ppb,2002-08-16,x,x,0,x,0,0.1,4.4,27,24,1.9,1.1,0.7,0.5,0.3,0.2,0.4,0.5,0.9,0.2,0.1,0.5,0.6,1.1,1.2
37,斗六,7,二氧化氮,NO2,ppb,2002-08-16,x,x,9,x,7.7,8.1,12,21,31,11,8.9,7.9,7,6,8.7,11,12,20,15,26,26,25,25,21
37,斗六,14,溫度,AMB_TEMP,℃,2002-08-16,26.2,25.5,25.5,25.2,25.1,24.8,25.9,28.9,31.9,31.9,32.2,33.4,34.3,35.1,33.3,32.4,30.6,28.9,28.1,28.1,27.7,27,27,26.7
38,崙背,1,二氧化硫,SO2,ppb,2002-08-16,0.3,0.8,0.8,0.7,0.4,1,1.6,2.8,5.6,3.2,2,1.6,2.8,11,23,6.1,3,2,1.3,0.7,0.5,0.4,0.1,0
38,崙背,2,一氧化碳,CO,ppm,2002-08-16,0.49,0.52,0.47,0.39,0.38,0.35,0.4,0.35,0.31,0.29,0.24,0.27,0.39,0.41,0.33,0.18,0.16,0.16,0.2,0.24,0.29,0.3,0.29,0.3
38,崙背,3,臭氧,O3,ppb,2002-08-16,6.5,4.6,2.8,1.9,0.7,3.2,x,15,25,40,55,69,83,97,62,64,64,54,50,44,38,31,23,18
38,崙背,4,懸浮微粒,PM10,μg/m3,2002-08-16,88,82,71,69,55,53,49,61,61,67,67,54,56,100,118,110,102,84,61,54,66,73,74,84
38,崙背,5,氮氧化物,NOx,ppb,2002-08-16,21,23,25,x,34,26,31,26,21,13,7.2,6,21,31,35,7.6,4.9,4.3,4.8,6.6,9.3,11,12,16
38,崙背,6,一氧化氮,NO,ppb,2002-08-16,0.4,0.7,0.7,x,11,2.9,7.4,5.8,3.6,1.8,0.6,0.2,0.8,1.4,3.2,0.4,0.2,0.2,0.3,0.2,0.2,0.1,0.5,1
38,崙背,7,二氧化氮,NO2,ppb,2002-08-16,21,23,24,x,23,23,23,20,17,11,6.6,5.8,20,30,32,7.2,4.6,4.1,4.5,6.3,9.1,11,12,15
38,崙背,8,總碳氫化合物,THC,ppm,2002-08-16,3,3.1,3.3,3.5,3.8,3.4,3.4,3,2.7,2.6,2.5,2.5,2.6,2.7,2.6,2.4,2.4,2.5,2.5,2.8,3.2,2.9,2.8,2.8
38,崙背,9,非甲烷碳氫化合物,NMHC,ppm,2002-08-16,0.23,0.36,0.19,0.22,0.24,0.17,0.25,0.17,0.11,0.17,0.08,0.05,0.12,0.19,0.15,0.06,0.08,0.05,0.09,0.14,0.16,0.11,0.13,0.11
38,崙背,10,風速,WIND_SPEED,m/sec,2002-08-16,0.7,0.2,0.3,0.6,0.6,0.5,0.4,0.5,0.6,0.7,0.9,1.2,1.9,3.1,3.2,2.9,2.8,2.6,1.9,0.6,0.8,0.8,0.4,1.1
38,崙背,11,風向,WIND_DIREC,degrees,2002-08-16,188,194,113,116,149,130,91,107,46,190,203,245,286,312,312,316,315,341,350,337,347,13,178,184
38,崙背,14,溫度,AMB_TEMP,℃,2002-08-16,27.6,27.3,27.2,26.9,26.4,26.5,27.6,29.4,30.4,32,33.6,34,32.8,33.1,32.7,32.2,31.2,29.6,28.7,28.4,28.3,28.3,28.1,27.8
38,崙背,21,酸雨,PH_RAIN,pH,2002-08-16,0,0,0,0,0,0,0,0,0,0,0,0,0,0,0,0,0,0,0,0,0,0,0,0
38,崙背,22,導電度,RAIN_COND,μmho/cm,2002-08-16,0,0,0,0,0,0,0,0,0,0,0,0,0,0,0,0,0,0,0,0,0,0,0,0
38,崙背,31,甲烷,CH4,ppm,2002-08-16,2.7,2.7,3.1,3.3,3.6,3.3,3.2,2.9,2.5,2.5,2.4,2.5,2.5,2.5,2.4,2.4,2.4,2.4,2.4,2.7,3.1,2.8,2.7,2.7
38,崙背,32,降雨強度,RAIN_INT,㎜,2002-08-16,0,0,0,0,0,0,0,0,0,0,0,0,0,0,0,0,0,0,0,0,0,0,0,0
39,新港,1,二氧化硫,SO2,ppb,2002-08-16,1.5,1.8,2.5,2.8,4.6,4.3,4,4.3,7,8.4,12,3.8,1.8,2.3,1.8,2.2,1.7,0.9,2.6,2.2,1.7,1.5,1.1,2.3
39,新港,2,一氧化碳,CO,ppm,2002-08-16,0.95,0.71,0.63,0.42,0.36,0.42,0.58,0.5,0.41,0.35,0.31,0.3,0.31,0.31,0.28,0.29,0.29,0.29,0.33,0.33,0.32,0.32,0.32,0.58
39,新港,3,臭氧,O3,ppb,2002-08-16,0.7,1.8,1.2,3.9,2.3,1.7,x,10,13,16,17,55,69,61,46,44,47,48,42,40,42,38,33,8.7
39,新港,4,懸浮微粒,PM10,μg/m3,2002-08-16,31,30,40,39,34,36,24,41,46,73,56,47,42,42,39,25,19,15,12,26,48,65,65,79
39,新港,5,氮氧化物,NOx,ppb,2002-08-16,38,29,26,x,21,22,25,31,38,41,46,14,6.2,7.8,6.7,8,7,5.7,9,7.4,6.4,6.7,8.9,24
39,新港,6,一氧化氮,NO,ppb,2002-08-16,8.3,3.7,2.7,x,0.3,2.2,5.8,11,15,14,17,1.6,0,0.1,0.3,0.4,0.1,0,0,0,0,0,0,0.8
39,新港,7,二氧化氮,NO2,ppb,2002-08-16,29,25,23,x,21,20,19,20,23,26,29,12,6.2,7.6,6.4,7.6,6.9,5.7,9,7.4,6.4,6.7,8.9,23
39,新港,10,風速,WIND_SPEED,m/sec,2002-08-16,0.2,0.1,0.7,0.5,1,0.7,0.2,0.7,0.7,0.8,0.7,1.1,2,2.8,3.3,3.3,2.8,1.6,1.8,1.3,1,0.7,0.3,1
39,新港,11,風向,WIND_DIREC,degrees,2002-08-16,206,179,115,114,115,117,77,110,102,888,272,252,274,284,283,284,304,309,334,11,360,347,888,182
39,新港,14,溫度,AMB_TEMP,℃,2002-08-16,26.7,26.7,26.3,26,25.6,25.5,26.7,28.9,31.2,31.9,33.2,34.3,33.8,33.5,33.4,32.7,31.5,30.2,28.7,28.1,27.8,27.7,27.7,27.7
40,朴子,1,二氧化硫,SO2,ppb,2002-08-16,0.7,0.9,1,0.8,1,0.4,0.6,1.4,1.5,1.1,1.3,0.6,0.5,0.4,0.2,0.3,0.5,0.5,0.3,0.3,0.7,0.7,1,0.8
40,朴子,2,一氧化碳,CO,ppm,2002-08-16,0.33,0.4,0.41,0.41,0.4,0.37,0.4,0.51,0.34,0.32,0.35,0.37,0.33,0.28,0.29,0.3,0.33,0.35,0.3,0.28,0.32,0.28,0.27,0.33
40,朴子,3,臭氧,O3,ppb,2002-08-16,14,7.8,4.7,2.9,4.6,11,x,25,33,44,54,58,59,53,43,45,52,52,49,45,36,41,42,29
40,朴子,4,懸浮微粒,PM10,μg/m3,2002-08-16,17,14,21,26,29,23,23,35,71,60,60,54,53,59,39,33,27,27,21,34,40,53,61,59
40,朴子,5,氮氧化物,NOx,ppb,2002-08-16,x,x,21,x,19,13,18,12,7.3,6.9,6.8,6.8,5.9,4.3,4.7,5,5.6,6.5,6,6.1,8.7,6.4,5.4,9.4
40,朴子,6,一氧化氮,NO,ppb,2002-08-16,x,x,0.4,x,1.9,0.5,3.9,2.1,0.7,0.5,0.5,0.6,0.4,0.3,0.7,0.5,0.3,0.1,0,0,0,0,0,0
40,朴子,7,二氧化氮,NO2,ppb,2002-08-16,x,x,20,x,17,13,14,10,6.6,6.3,6.3,6.2,5.5,4,4.1,4.5,5.3,6.3,6,6.1,8.7,6.4,5.4,9.4
40,朴子,10,風速,WIND_SPEED,m/sec,2002-08-16,0,0,0.1,0.4,0.1,0.3,0.3,0.3,0.6,0.6,1.3,1.6,2,2.2,2.4,2.5,2,1.3,1.4,0.9,0.7,0.8,0.4,0.5
40,朴子,11,風向,WIND_DIREC,degrees,2002-08-16,92,151,51,77,92,81,69,94,64,146,220,254,268,287,271,288,314,311,357,2,351,15,49,146
40,朴子,14,溫度,AMB_TEMP,℃,2002-08-16,27.1,26.8,26.7,26.3,25.9,26,26.7,29,30.3,31.1,32.6,32.6,32.6,32.7,32.7,31.9,31.1,30,28.7,28.1,27.9,27.7,27.8,27.7
41,臺西,1,二氧化硫,SO2,ppb,2002-08-16,3.4,1.9,1.6,1.3,1.3,1.2,2.1,2.9,4.6,2.8,4.8,8,4.8,1.7,1.5,1.1,0.8,0.8,4.1,1.7,1.1,1.1,0.7,0.5
41,臺西,2,一氧化碳,CO,ppm,2002-08-16,0.24,0.19,0.2,0.24,0.35,0.59,0.61,0.41,0.34,0.29,0.36,0.38,0.26,0.3,0.29,0.24,0.25,0.23,0.24,0.31,0.32,0.29,0.3,0.3
41,臺西,3,臭氧,O3,ppb,2002-08-16,30,31,31,18,11,2.6,x,19,34,42,81,87,65,60,59,53,55,52,44,62,57,51,45,41
41,臺西,4,懸浮微粒,PM10,μg/m3,2002-08-16,64,37,57,46,59,64,63,85,75,41,38,88,104,x,55,48,35,30,50,48,101,86,96,116
41,臺西,5,氮氧化物,NOx,ppb,2002-08-16,8.4,5.6,3.9,x,12,24,28,17,16,13,14,14,7.9,4.8,3.9,3.8,4.2,3.3,9.9,7.8,5.5,7.2,5.5,4.3
41,臺西,6,一氧化氮,NO,ppb,2002-08-16,0.3,0.1,0.1,x,0.2,3.9,9.9,4,3.2,3,0.4,0.8,0.6,0.4,0.2,0.4,0.7,0.5,1.2,1.4,0.5,1.4,0.4,0.1
41,臺西,7,二氧化氮,NO2,ppb,2002-08-16,8.2,5.5,3.8,x,12,20,18,13,13,9.7,14,14,7.4,4.5,3.6,3.4,3.5,2.8,8.7,6.4,5,5.8,5.1,4.2
41,臺西,10,風速,WIND_SPEED,m/sec,2002-08-16,0.5,0.6,0.2,0.7,0.8,0.8,0.7,0.7,0.3,0.8,2.2,2.5,2.8,3.1,3.1,3.2,3.4,2.9,1.9,1.3,0.9,0.7,0.9,1.1
41,臺西,11,風向,WIND_DIREC,degrees,2002-08-16,235,193,888,141,138,140,123,59,888,168,296,299,311,307,310,323,326,337,348,33,37,29,164,177
41,臺西,14,溫度,AMB_TEMP,℃,2002-08-16,28.5,28.3,28.3,27.8,27.4,26.9,27.5,28.9,30,31,31.1,31.1,31.2,31.2,31.2,31,30.1,29.2,28.8,28.8,28.7,28.8,28.7,28.6
42,嘉義,1,二氧化硫,SO2,ppb,2002-08-16,0.3,0.5,0.3,0.2,0.1,0.9,2.2,2.2,2.8,2.3,2.2,1.2,0.4,1.3,0.7,0.3,0.3,0.5,0.5,1.1,1.3,2.3,2.8,1.6
42,嘉義,2,一氧化碳,CO,ppm,2002-08-16,0.58,0.49,0.39,0.33,0.32,0.32,0.42,0.58,0.55,0.49,0.35,0.37,0.32,0.34,0.36,0.3,0.3,0.42,0.53,0.64,0.66,0.75,0.67,0.59
42,嘉義,3,臭氧,O3,ppb,2002-08-16,9.6,9.5,13,15,17,16,x,18,40,60,68,77,77,87,65,55,47,49,38,26,18,11,11,16
42,嘉義,4,懸浮微粒,PM10,μg/m3,2002-08-16,51,50,50,38,32,20,37,31,34,52,59,59,59,42,59,56,51,42,58,59,48,36,53,54
42,嘉義,5,氮氧化物,NOx,ppb,2002-08-16,24,22,17,x,5.5,6.7,10,16,10,19,15,14,6.5,7.6,4.4,2.9,3.1,8.9,10,15,14,17,15,9.9
42,嘉義,6,一氧化氮,NO,ppb,2002-08-16,7.3,7.2,6.9,x,0,0,0.1,1.7,0.1,8.7,6,5,0.3,0,0,0,0,0,0,0,0,0,0,0
42,嘉義,7,二氧化氮,NO2,ppb,2002-08-16,17,15,9.8,x,5.5,6.7,10,14,10,11,8.8,8.6,6.2,7.6,4.4,2.9,3.1,8.9,10,15,14,17,15,9.9
42,嘉義,8,總碳氫化合物,THC,ppm,2002-08-16,2.1,2.2,2.1,2.1,2.1,2.1,2.1,2.2,2.1,2.1,2,2,2,2,2.1,2,1.9,2.1,2.1,2.3,2.2,2.3,2.3,2.2
42,嘉義,9,非甲烷碳氫化合物,NMHC,ppm,2002-08-16,0.23,0.23,0.05,0.11,0.12,0.09,0.14,0.2,0.19,0.18,0.16,0.15,0.17,0.11,0.1,0.17,0.18,0.14,0.16,0.19,0.23,0.29,0.32,0.19
42,嘉義,10,風速,WIND_SPEED,m/sec,2002-08-16,0.2,0.8,0.7,1.1,1.1,1.2,0.7,0.9,0.2,1,1.1,1.2,1.6,2,3.7,3.5,3.1,2.6,1.1,0.9,0.8,0.7,1.2,0.8
42,嘉義,11,風向,WIND_DIREC,degrees,2002-08-16,347,18,6,56,46,70,8,36,326,280,274,289,303,299,290,291,290,97,51,888,17,3,108,888
42,嘉義,14,溫度,AMB_TEMP,℃,2002-08-16,26,25.8,25.6,25.3,25.1,25.2,26.2,28.7,31,32.3,33,33.8,33.7,34.9,34,33.2,32.2,29.9,27.8,27.6,27.3,27.3,27,26.6
42,嘉義,31,甲烷,CH4,ppm,2002-08-16,1.9,2,2.1,2,1.9,2,2,2,1.9,1.9,1.8,1.8,1.8,1.9,2,1.8,1.8,2,2,2.1,2,2,2,2
43,新營,1,二氧化硫,SO2,ppb,2002-08-16,0.4,2,1.1,0.9,0.4,1.8,4.3,3.1,2,1.8,5,3.4,0.6,0.4,0.4,0.7,0.8,0.5,0.6,1,0.3,0.3,0.7,0.7
43,新營,2,一氧化碳,CO,ppm,2002-08-16,0.46,0.42,0.41,0.5,0.48,0.59,0.65,0.62,0.52,0.51,0.81,0.56,0.41,0.37,0.35,0.38,0.41,0.4,0.48,0.44,0.46,0.59,0.51,0.5
43,新營,3,臭氧,O3,ppb,2002-08-16,14,19,21,9.2,7.6,8.1,x,18,26,42,51,60,52,47,43,39,39,37,40,36,35,17,17,8
43,新營,4,懸浮微粒,PM10,μg/m3,2002-08-16,35,54,60,53,71,68,68,59,62,55,50,46,60,55,34,24,12,27,26,24,43,39,39,39
43,新營,5,氮氧化物,NOx,ppb,2002-08-16,7.9,6.9,5.2,x,8,7.1,9.1,15,13,7.4,12,10,6.4,6.1,5.3,7.2,8.5,7.9,9.1,12,11,16,13,14
43,新營,6,一氧化氮,NO,ppb,2002-08-16,0,0,0,x,0,0.1,1,2.7,2.1,0.5,1.1,0.4,0.2,0.6,0.5,0.8,0.9,0.2,0.1,0,0,0,0,0.1
43,新營,7,二氧化氮,NO2,ppb,2002-08-16,7.9,6.9,5.2,x,8,7,8.1,12,11,6.9,11,10,6.2,5.5,4.8,6.4,7.6,7.7,9.1,12,11,16,13,14
43,新營,8,總碳氫化合物,THC,ppm,2002-08-16,2.4,2.1,2.4,2.6,2.2,2.3,2.3,2.2,2,1.9,2,2.1,2,1.9,1.8,1.9,1.9,1.8,1.9,2,2,2.1,2.3,2.7
43,新營,9,非甲烷碳氫化合物,NMHC,ppm,2002-08-16,0.05,0.04,0.11,0.08,0.06,0.03,0.04,0.13,0.04,0.02,0.05,0.04,0.02,0.04,0.01,0.04,0.06,0.02,0.04,0.03,0.03,0.1,0.11,0.11
43,新營,10,風速,WIND_SPEED,m/sec,2002-08-16,1.1,0.9,0.5,0.5,0.4,0.8,0.7,0.7,1.1,1.1,1.1,1,2.2,2.3,3,2.9,2.6,1.9,1.7,1.3,0.9,0.8,0.8,1.3
43,新營,11,風向,WIND_DIREC,degrees,2002-08-16,192,196,193,103,84,124,91,97,75,888,888,308,311,309,304,311,312,346,333,333,24,108,109,192
43,新營,14,溫度,AMB_TEMP,℃,2002-08-16,27.9,27.8,27.8,27.1,26.6,26.4,27.3,30,31.2,32.1,32.7,32.7,32.4,33.6,33.6,33.2,31.8,30.9,29.7,29.2,29.3,28.7,28.5,28.2
43,新營,21,酸雨,PH_RAIN,pH,2002-08-16,0,0,0,0,0,0,0,0,0,0,0,0,0,0,0,0,0,0,0,0,0,0,0,0
43,新營,22,導電度,RAIN_COND,μmho/cm,2002-08-16,0,0,0,0,0,0,0,0,0,0,0,0,0,0,0,0,0,0,0,0,0,0,0,0
43,新營,31,甲烷,CH4,ppm,2002-08-16,2.4,2.1,2.3,2.5,2.1,2.3,2.2,2.1,2,1.9,2,2,2,1.9,1.8,1.9,1.8,1.8,1.8,1.9,1.9,2,2.2,2.6
43,新營,32,降雨強度,RAIN_INT,㎜,2002-08-16,0,0,0,0,0,0,0,0,0,0,0,0,0,0,0,0,0,0,0,0,0,0,0,0
44,善化,1,二氧化硫,SO2,ppb,2002-08-16,4.5,6.5,0.9,1.1,0.9,1.5,6.1,13,8.2,4.8,3.6,2.5,1.1,1.1,0.9,0.8,0.8,3.3,1.9,4.1,1.9,1.5,1.6,7.2
44,善化,2,一氧化碳,CO,ppm,2002-08-16,0.36,0.34,0.33,0.3,0.28,0.28,0.31,0.32,0.34,0.38,0.92,0.28,0.26,0.23,0.24,0.25,0.27,0.29,0.32,0.36,0.38,0.44,0.41,0.53
44,善化,3,臭氧,O3,ppb,2002-08-16,23,25,21,18,17,19,x,30,45,61,73,84,64,59,59,61,54,49,36,33,34,34,30,15
44,善化,4,懸浮微粒,PM10,μg/m3,2002-08-16,29,37,40,40,33,23,19,16,25,25,35,44,42,40,34,28,24,18,18,20,30,32,32,35
44,善化,5,氮氧化物,NOx,ppb,2002-08-16,7.2,7,6.4,x,8,6.7,12,14,12,8.3,8.3,5.4,4.1,3.7,3.7,4,5.1,9.3,16,18,16,18,19,23
44,善化,6,一氧化氮,NO,ppb,2002-08-16,0.1,0,0.1,x,0.2,0.2,3.1,4.2,2.3,0.8,0.6,0.1,0.1,0.2,0.2,0.2,0.4,0.3,0.5,0.5,0.3,0.6,0.9,1.8
44,善化,7,二氧化氮,NO2,ppb,2002-08-16,7.1,7,6.3,x,7.8,6.5,8.6,10,9.3,7.5,7.7,5.4,4,3.5,3.5,3.8,4.7,8.9,15,18,16,18,18,22
44,善化,10,風速,WIND_SPEED,m/sec,2002-08-16,0.9,0.5,0.4,0.1,0.8,0.9,1.1,0.5,0.3,0.9,1.3,1.3,3.3,3.4,3.7,3.9,3.6,2.4,1.5,1.2,0.7,1,0.7,1
44,善化,11,風向,WIND_DIREC,degrees,2002-08-16,113,85,101,170,83,83,77,140,888,888,243,888,284,269,283,274,280,313,288,306,278,228,213,147
44,善化,14,溫度,AMB_TEMP,℃,2002-08-16,27.1,27.1,26.6,26.6,26.2,25.7,26.8,29.1,31.3,32,32.9,34.1,33.1,33.4,34,33.2,32.4,30.8,29.6,28.9,28.6,28.4,28.3,27.8
45,安南,1,二氧化硫,SO2,ppb,2002-08-16,3.9,5,3.5,4,3.4,10,8.3,13,4.8,2.2,1.7,1,0.6,0.7,0.3,0.3,0.4,0.2,0.2,0.5,0.3,0.5,0.7,0.6
45,安南,2,一氧化碳,CO,ppm,2002-08-16,0.38,0.24,0.16,0.13,0.1,0.07,0.1,0.12,0.07,0.04,0.07,0.09,0.03,0.01,0.02,0.03,0.05,0.06,0.07,0.05,0.05,0.09,0.15,0.11
45,安南,3,臭氧,O3,ppb,2002-08-16,10,17,17,13,12,6.1,x,21,39,49,55,54,45,45,44,44,40,39,39,43,44,41,36,37
45,安南,4,懸浮微粒,PM10,μg/m3,2002-08-16,34,44,56,58,58,55,45,45,50,46,39,34,29,29,24,26,29,17,18,24,25,34,34,36
45,安南,5,氮氧化物,NOx,ppb,2002-08-16,22,18,17,x,15,20,25,23,8.8,6.4,5.2,3.2,1.4,1.4,1.8,1.6,2.5,2.5,5.1,5.4,5.3,6.9,8.7,7.4
45,安南,6,一氧化氮,NO,ppb,2002-08-16,0.4,0.3,0.6,x,0.6,2.5,8.6,7,1.4,0.9,0.3,0,0,0,0,0,0,0,0,0.1,0.1,0.1,0.2,0.2
45,安南,7,二氧化氮,NO2,ppb,2002-08-16,22,18,17,x,15,17,16,16,7.4,5.5,4.9,3.2,1.4,1.4,1.8,1.6,2.5,2.5,5.1,5.4,5.2,6.8,8.5,7.2
45,安南,10,風速,WIND_SPEED,m/sec,2002-08-16,0.7,0.2,0.9,0.4,0.6,0.9,0.8,0.6,0.6,1.1,2.1,2.8,3.3,3.2,3.7,3.5,3.4,2.5,1.9,1.5,1.1,0.2,0.2,1.1
45,安南,11,風向,WIND_DIREC,degrees,2002-08-16,97,159,105,95,93,110,94,87,888,287,303,305,301,296,292,298,295,313,309,318,293,275,317,286
45,安南,14,溫度,AMB_TEMP,℃,2002-08-16,28.7,28.6,28,27.8,27.9,27.2,28,29.4,31.2,32.1,32.2,32.5,32.7,33.2,32.9,32.5,31.4,30.4,29.6,29.1,28.9,29.2,29.4,29.3
46,臺南,1,二氧化硫,SO2,ppb,2002-08-16,9.6,6.8,11,5.5,5.4,1.9,1.4,2,2,2.2,1.2,0.9,1.2,0.8,0.7,0.7,0.4,0.6,0.7,0.5,0.1,0.3,0.2,0.1
46,臺南,2,一氧化碳,CO,ppm,2002-08-16,0.59,0.55,0.53,0.42,0.43,0.37,0.47,0.54,0.74,0.62,0.38,0.35,0.39,0.27,0.37,0.34,0.41,0.51,0.56,0.45,0.5,0.73,0.6,0.3
46,臺南,3,臭氧,O3,ppb,2002-08-16,4,8.4,3.8,17,16,15,x,26,50,58,42,48,36,34,37,36,33,33,28,33,35,26,25,35
46,臺南,4,懸浮微粒,PM10,μg/m3,2002-08-16,55,66,71,71,76,65,59,48,39,48,48,49,49,41,23,26,26,26,33,42,37,37,35,51
46,臺南,5,氮氧化物,NOx,ppb,2002-08-16,24,18,23,x,11,9.8,13,14,15,12,7.4,5.5,7.5,4.2,5.8,6.2,6.4,7.8,11,9.2,8.3,13,12,4.4
46,臺南,6,一氧化氮,NO,ppb,2002-08-16,0.1,0,0.3,x,0,0,1,1.5,0.8,0.3,0.5,0.2,0.9,0.4,0.5,0.7,0.4,0.2,0.2,0.1,0,0,0,0
46,臺南,7,二氧化氮,NO2,ppb,2002-08-16,24,18,22,x,11,9.8,12,12,14,11,6.9,5.3,6.6,3.8,5.3,5.5,5.9,7.6,11,9.1,8.3,13,12,4.4
46,臺南,8,總碳氫化合物,THC,ppm,2002-08-16,2.5,x,x,2.2,2.1,2,2,2,2.3,2.3,2.1,2,x,1.8,2,2,2,2.1,2.1,2.1,2,2.1,2.1,1.9
46,臺南,9,非甲烷碳氫化合物,NMHC,ppm,2002-08-16,0.33,x,x,0.12,0.1,0.06,0.07,0.07,0.19,0.28,0.04,0.02,0.1,0.02,0.05,0.04,0.08,0.17,0.14,0.11,0.07,0.26,0.19,0.03
46,臺南,14,溫度,AMB_TEMP,℃,2002-08-16,28.7,28.4,28.1,28.2,28.2,27.9,28.3,29.3,30.6,31,31.4,31.6,31.8,32.1,31.9,31.6,30.8,30.1,29.7,29.1,28.9,29.3,29,28.7
46,臺南,31,甲烷,CH4,ppm,2002-08-16,2.1,x,x,2.1,2,1.9,2,1.9,2.1,2,2,1.9,x,1.8,2,1.9,1.9,2,2,2,2,1.9,1.9,1.9
47,美濃,1,二氧化硫,SO2,ppb,2002-08-16,0.3,0.4,0.4,0.5,0.4,0.4,0.5,0.5,1.3,1.1,0.5,0.3,0.4,1,1.7,2.1,1.1,2,4.1,2.8,4.2,2.4,0.7,0.6
47,美濃,2,一氧化碳,CO,ppm,2002-08-16,0.26,0.3,0.28,0.29,0.31,0.34,0.37,0.35,0.37,0.32,0.32,0.31,0.23,0.24,0.41,0.27,0.34,0.29,0.25,0.31,0.32,0.36,0.38,0.38
47,美濃,3,臭氧,O3,ppb,2002-08-16,24,20,22,21,16,15,x,22,35,49,55,48,48,67,79,68,64,55,37,30,24,24,20,17
47,美濃,4,懸浮微粒,PM10,μg/m3,2002-08-16,39,38,49,50,58,58,61,39,46,46,40,39,x,x,50,63,52,53,59,49,49,35,41,40
47,美濃,5,氮氧化物,NOx,ppb,2002-08-16,4,4.5,3.6,x,5.2,6.4,9.1,7.6,5.5,4.2,4.5,4.2,3.3,4.5,6.2,6,6.3,7.7,9.8,12,14,13,11,10
47,美濃,6,一氧化氮,NO,ppb,2002-08-16,0,0.1,0,x,0.4,0.9,2.2,1.8,0.8,0.3,0.4,0.4,0.4,0.2,0.2,0.2,0.2,0.1,0.1,0.2,0.1,0.3,0.7,0.8
47,美濃,7,二氧化氮,NO2,ppb,2002-08-16,4,4.4,3.6,x,4.9,5.5,6.9,5.8,4.7,3.9,4.1,3.8,3,4.3,6,5.8,6.2,7.6,9.8,11,14,13,10,9.5
47,美濃,10,風速,WIND_SPEED,m/sec,2002-08-16,0.7,0.2,0.3,0.4,0.3,0.5,0.4,0.4,0.5,1,0.9,0.6,1.4,2.4,3,3,2.4,1.8,1.5,0.8,0.4,0.1,0.8,0.8
47,美濃,11,風向,WIND_DIREC,degrees,2002-08-16,30,36,888,37,18,35,51,151,148,228,888,888,315,296,291,277,262,244,244,258,255,281,46,29
47,美濃,14,溫度,AMB_TEMP,℃,2002-08-16,25.8,25.7,25.6,25.4,25.2,24.8,26.2,28,29.8,30.5,31.9,32.3,33.2,33.9,32.9,32.7,32.3,30.3,29.3,28.7,28.2,27.8,27.1,26.8
48,橋頭,1,二氧化硫,SO2,ppb,2002-08-16,2.8,1.4,1.4,1.3,2.3,1.5,2.8,4.1,5.7,6.2,3.9,1.7,2.3,1.6,0.9,0.8,0.6,0.5,0.3,0.8,0.7,1.6,0.9,0.3
48,橋頭,2,一氧化碳,CO,ppm,2002-08-16,0.97,0.88,0.86,0.83,0.85,0.85,0.94,1.07,0.94,1.01,0.86,0.77,0.78,0.75,0.72,0.71,0.75,0.83,0.8,0.87,0.88,0.92,0.79,0.71
48,橋頭,3,臭氧,O3,ppb,2002-08-16,3.7,2.9,4.1,7,6.5,2,x,12,35,45,56,53,62,49,38,32,34,29,31,32,28,25,31,37
48,橋頭,4,懸浮微粒,PM10,μg/m3,2002-08-16,43,40,42,42,37,45,38,43,55,65,65,65,46,46,36,35,20,15,15,18,15,15,23,23
48,橋頭,5,氮氧化物,NOx,ppb,2002-08-16,30,22,15,x,17,20,25,35,18,26,19,10,11,12,11,10,8,11,7.4,11,12,12,7.2,3.8
48,橋頭,6,一氧化氮,NO,ppb,2002-08-16,2.3,0.7,0.2,x,0.3,3.8,8.2,13,2.9,4.6,2.8,1.5,1.1,1.9,2,2.5,1.5,2.1,0.4,0.4,0.6,0.5,0.3,0
48,橋頭,7,二氧化氮,NO2,ppb,2002-08-16,27,21,15,x,17,16,17,22,15,22,16,9,9.9,9.7,8.7,8,6.6,8.9,7.1,10,11,12,6.8,3.8
48,橋頭,8,總碳氫化合物,THC,ppm,2002-08-16,2.2,2.2,x,1.9,1.9,2,2.2,2,1.8,1.8,1.7,1.6,1.6,1.6,1.6,1.6,1.5,1.6,1.6,1.7,1.8,2.1,2,1.6
48,橋頭,9,非甲烷碳氫化合物,NMHC,ppm,2002-08-16,0.09,0.04,x,0.04,0.07,0.02,0.22,0.15,0.01,0.05,0.05,0,0.01,0.01,0.03,0.02,0.01,0,0.04,0.09,0.06,0.17,0.12,x
48,橋頭,10,風速,WIND_SPEED,m/sec,2002-08-16,1.3,1.1,1.2,1,1.1,1.2,0.7,0.5,0.7,1.6,3.2,3.8,3.9,3.7,4,4.4,4,3.1,2.4,1.9,1.1,1.2,1.5,1.1
48,橋頭,11,風向,WIND_DIREC,degrees,2002-08-16,73,68,81,98,80,64,84,73,888,256,271,271,291,305,304,294,291,304,300,298,284,236,253,267
48,橋頭,14,溫度,AMB_TEMP,℃,2002-08-16,27.4,27.1,26.7,26.6,26.6,26.3,27.8,31.2,33.2,32.8,31.9,32.2,32.7,33.3,33.1,32.3,31.7,30.2,29.3,28.9,28.9,28.3,28.1,28.1
48,橋頭,21,酸雨,PH_RAIN,pH,2002-08-16,0,0,0,0,0,0,0,0,0,0,0,0,0,0,0,0,0,0,0,0,0,0,0,0
48,橋頭,22,導電度,RAIN_COND,μmho/cm,2002-08-16,0,0,0,0,0,0,0,0,0,0,0,0,0,0,0,0,0,0,0,0,0,0,0,0
48,橋頭,31,甲烷,CH4,ppm,2002-08-16,2.1,2.2,x,1.9,1.9,2,2,1.9,1.8,1.8,1.7,1.6,1.6,1.6,1.6,1.5,1.5,1.6,1.6,1.6,1.7,1.9,1.9,1.6
48,橋頭,32,降雨強度,RAIN_INT,㎜,2002-08-16,0,0,0,0,0,0,0,0,0,0,0,0,0,0,0,0,0,0,0,0,0,0,0,0
49,仁武,1,二氧化硫,SO2,ppb,2002-08-16,3.3,0.5,1.2,5.7,3.5,2.7,8.6,5.8,26,19,7.8,5,3.3,2.7,2.1,0.5,0.6,0.7,0.3,0.2,0.7,0.8,1.4,1.2
49,仁武,2,一氧化碳,CO,ppm,2002-08-16,0.81,0.42,0.42,0.4,0.36,0.34,0.49,0.52,0.61,0.73,0.43,0.34,0.26,0.24,0.28,0.23,0.21,0.23,0.25,0.28,0.43,0.42,0.41,0.33
49,仁武,3,臭氧,O3,ppb,2002-08-16,7.3,17,17,17,20,23,x,24,47,71,75,83,71,63,41,33,35,31,31,28,19,22,30,33
49,仁武,4,懸浮微粒,PM10,μg/m3,2002-08-16,55,65,62,60,67,52,50,50,50,67,93,76,69,55,55,50,40,40,32,31,28,19,22,24
49,仁武,5,氮氧化物,NOx,ppb,2002-08-16,34,13,12,x,13,9.8,25,21,36,64,26,18,12,11,18,13,12,14,13,17,27,24,19,19
49,仁武,6,一氧化氮,NO,ppb,2002-08-16,7.2,0.3,0.2,x,2.1,0.3,5.8,5.1,5,7.2,2,1.4,1.2,1.4,4,3.2,2.2,1.6,0.8,1.3,1.8,1.2,0.3,0.1
49,仁武,7,二氧化氮,NO2,ppb,2002-08-16,27,13,11,x,11,9.5,19,16,31,56,24,16,11,9.2,14,9.4,10,12,12,16,25,23,19,18
49,仁武,8,總碳氫化合物,THC,ppm,2002-08-16,2.9,2.4,2.2,2.3,2.1,2.2,2.2,2,2.2,2.5,2,1.9,1.8,1.8,1.8,1.8,1.8,1.8,1.9,1.9,2.2,1.8,1.9,1.8
49,仁武,9,非甲烷碳氫化合物,NMHC,ppm,2002-08-16,0.4,0.11,0.03,0.22,0.11,0.14,0.11,0.14,0.33,0.47,0.14,0.06,0.03,0.01,0.04,0.04,0.04,0.02,0.03,0.05,0.21,x,0.08,0.03
49,仁武,10,風速,WIND_SPEED,m/sec,2002-08-16,0.9,1,1,0.4,0.5,0.8,0.2,0.4,0.4,1.6,2.8,3.4,3.8,4.3,4.4,4.4,3.7,3.3,2.9,2.1,1.1,1.6,1.4,1
49,仁武,11,風向,WIND_DIREC,degrees,2002-08-16,94,100,113,93,94,109,121,139,182,296,301,300,295,296,293,304,302,297,295,297,269,248,245,270
49,仁武,14,溫度,AMB_TEMP,℃,2002-08-16,27.8,27.2,27.2,27.1,26.9,26.8,27.6,29.4,31,31.3,31.3,31.7,31.9,31.9,31.9,31.3,30.9,30.1,29.2,28.8,28.9,28.9,29.1,28.7
49,仁武,31,甲烷,CH4,ppm,2002-08-16,2.5,2.3,2.2,2.1,2,2.1,2.1,1.9,1.8,2,1.8,1.9,1.8,1.8,1.8,1.8,1.7,1.8,1.9,1.9,2,1.8,1.8,1.8
50,鳳山,1,二氧化硫,SO2,ppb,2002-08-16,9.8,2.4,3.7,3.8,5.2,2.5,4.6,4.4,3.9,8.4,11,6.4,6.3,4.1,3.4,2.5,1.8,1.7,1.5,1.5,1.9,2.1,5.5,3.9
50,鳳山,2,一氧化碳,CO,ppm,2002-08-16,1.06,0.63,0.54,0.51,0.51,0.49,0.58,0.71,0.73,0.88,1.05,0.97,0.82,0.66,0.63,0.68,0.73,0.77,0.85,0.8,0.92,1.02,0.91,0.76
50,鳳山,3,臭氧,O3,ppb,2002-08-16,7.1,11,13,16,14,17,x,21,38,55,73,101,106,71,48,37,36,29,25,26,21,20,16,22
50,鳳山,4,懸浮微粒,PM10,μg/m3,2002-08-16,x,x,x,x,x,x,x,x,x,x,x,x,x,x,x,x,x,x,x,x,x,x,x,x
50,鳳山,5,氮氧化物,NOx,ppb,2002-08-16,38,19,15,x,14,10,17,18,17,30,36,26,20,15,17,16,17,17,17,17,22,24,31,26
50,鳳山,6,一氧化氮,NO,ppb,2002-08-16,8.3,2.7,1.8,x,1.6,1.2,4.1,4.6,3.1,4.4,4.8,3.3,2.4,2,3.1,3.2,3.3,3.4,2.8,2.7,3.8,3.7,4.8,3.5
50,鳳山,7,二氧化氮,NO2,ppb,2002-08-16,30,17,13,x,12,9.3,12,14,14,25,32,22,18,13,14,13,13,13,14,14,18,20,26,22
50,鳳山,10,風速,WIND_SPEED,m/sec,2002-08-16,0.8,0.6,0.9,0.7,0.6,0.7,0.7,0.7,0.6,0.8,2,1.2,1.9,2.6,2.5,2.1,1.9,1.8,1.3,0.9,0.6,0.9,1.2,1.2
50,鳳山,11,風向,WIND_DIREC,degrees,2002-08-16,76,71,73,60,40,84,68,91,102,888,241,294,318,307,311,299,311,303,300,293,320,243,242,244
50,鳳山,14,溫度,AMB_TEMP,℃,2002-08-16,28.8,27.9,27.8,27.6,27.4,27.3,28,30.9,33,33.7,31.7,33.6,34.7,34.5,34.3,33.5,32.3,31.1,30.1,29.7,29.8,29.8,29.8,29.5
50,鳳山,33,細懸浮微粒,PM2.5,μg/m3,2002-08-16,46,22,26,28,24,21,29,2.1,24,39,64,44,55,30,28,23,18,14,11,20,14,18,25,17
51,大寮,1,二氧化硫,SO2,ppb,2002-08-16,1.5,1.6,1.4,1.8,1.6,4.3,6.5,1.8,6.2,9.6,13,4.6,2.6,3.3,4.6,5.2,4.2,3.5,2.6,1.8,1.5,1.7,2.2,5.2
51,大寮,2,一氧化碳,CO,ppm,2002-08-16,0.54,0.78,0.69,0.68,0.65,0.61,0.67,0.65,0.63,0.63,0.73,0.79,0.78,0.64,0.74,0.53,0.58,0.72,0.92,0.95,1,0.94,0.76,0.7
51,大寮,3,臭氧,O3,ppb,2002-08-16,18,7.8,8,9.4,5.3,4.5,x,17,31,55,56,95,95,82,70,32,30,26,22,16,16,11,15,10
51,大寮,4,懸浮微粒,PM10,μg/m3,2002-08-16,44,46,46,52,60,54,53,56,51,44,42,63,78,64,60,52,42,37,34,40,37,40,36,30
51,大寮,5,氮氧化物,NOx,ppb,2002-08-16,13,17,12,x,12,14,15,20,14,13,28,22,18,14,13,20,17,18,18,19,18,19,15,21
51,大寮,6,一氧化氮,NO,ppb,2002-08-16,0.7,1.5,0.7,x,1,1.6,4,2.6,2.3,1.2,2,1.2,1,1.1,1.1,1.8,1.9,1,0.7,0.7,0.7,0.7,0.7,1
51,大寮,7,二氧化氮,NO2,ppb,2002-08-16,12,15,11,x,11,13,11,17,11,12,26,21,17,13,12,18,15,17,18,19,18,18,14,20
51,大寮,8,總碳氫化合物,THC,ppm,2002-08-16,2.2,x,2.6,2.6,2.6,2.6,2.6,2.5,2,2,2.1,2,1.8,1.7,1.8,1.8,1.7,1.9,2.1,2.2,2.2,2.3,2.1,2.6
51,大寮,9,非甲烷碳氫化合物,NMHC,ppm,2002-08-16,0.21,x,0.18,0.17,0.34,0.27,0.21,0.06,0.05,0.07,0.15,0.14,0.12,0.09,0.06,0.09,0.03,0.16,0.17,0.31,0.27,0.25,0.16,0.47
51,大寮,10,風速,WIND_SPEED,m/sec,2002-08-16,0.2,0.2,0.6,0.3,0.3,0.4,0.2,0.6,0.3,0.3,0.7,1.2,1.4,2.1,2.6,1.7,1.7,1.8,1.1,0.6,x,0.2,0.6,0
51,大寮,11,風向,WIND_DIREC,degrees,2002-08-16,214,13,56,51,9,32,74,122,143,888,291,306,299,297,294,248,888,306,294,298,x,180,191,239
51,大寮,14,溫度,AMB_TEMP,℃,2002-08-16,28,27.6,27.5,27.5,27.2,27,27.8,29.6,31.5,32.7,32.3,33,34.3,34.2,33.6,32.5,32.7,31.1,30.1,29.5,29.2,28.8,28.7,28.2
51,大寮,31,甲烷,CH4,ppm,2002-08-16,2,x,2.5,2.5,2.3,2.3,2.4,2.4,2,1.9,2,1.9,1.7,1.7,1.8,1.7,1.7,1.8,1.9,1.9,1.9,2.1,2,2.1
52,林園,1,二氧化硫,SO2,ppb,2002-08-16,0,0.5,1.2,0.4,0.1,1.1,0.8,1.3,0.9,0.6,0.8,4.9,5.4,4.4,1.5,1.5,1.3,0.9,2.3,13,7.2,1.2,2.1,0.9
52,林園,2,一氧化碳,CO,ppm,2002-08-16,0.35,0.31,0.45,0.51,0.47,0.45,0.46,0.46,0.38,0.38,0.37,0.35,0.35,0.3,0.25,0.25,0.29,0.32,0.38,0.65,0.4,0.37,0.47,0.51
52,林園,3,臭氧,O3,ppb,2002-08-16,40,38,22,7,9.9,13,x,22,40,56,63,71,83,63,40,33,35,37,31,18,26,38,35,37
52,林園,4,懸浮微粒,PM10,μg/m3,2002-08-16,34,29,22,33,52,66,66,77,75,74,65,35,x,x,51,37,29,20,22,22,40,34,45,32
52,林園,5,氮氧化物,NOx,ppb,2002-08-16,2.3,3.1,9.8,x,11,9.1,10,11,11,6.4,7.3,5.8,x,x,x,x,x,x,x,x,x,x,x,x
52,林園,6,一氧化氮,NO,ppb,2002-08-16,0.5,0.6,0.6,x,0.8,0.6,1.9,2.5,1.9,1.2,1.1,1.3,x,x,x,x,x,x,x,x,x,x,x,x
52,林園,7,二氧化氮,NO2,ppb,2002-08-16,1.8,2.5,9.2,x,10,8.5,8.4,8.9,8.9,5.3,6.2,4.5,x,x,x,x,x,x,x,x,x,x,x,x
52,林園,8,總碳氫化合物,THC,ppm,2002-08-16,2.2,x,4.2,3.7,3.4,3.4,3.4,3.6,2.5,2.2,2.1,x,x,x,x,x,x,x,x,x,x,x,x,x
52,林園,9,非甲烷碳氫化合物,NMHC,ppm,2002-08-16,0.3,x,1.85,0.75,0.68,0.75,0.68,1.11,0.5,0.37,0.27,x,x,x,x,x,x,x,x,x,x,x,x,x
52,林園,10,風速,WIND_SPEED,m/sec,2002-08-16,1.5,1.6,1,1,1,0.8,1.1,0.7,1.1,2.4,3,3.9,4.4,4.9,4.7,3.1,3.2,3,2.7,1.9,0.6,1.1,1.5,1.4
52,林園,11,風向,WIND_DIREC,degrees,2002-08-16,237,250,358,40,40,43,32,56,182,205,225,239,240,242,240,245,249,251,259,245,888,212,217,236
52,林園,14,溫度,AMB_TEMP,℃,2002-08-16,28.5,28.3,27.7,26.9,26.8,26.8,27.5,30.3,31.9,31.9,32.2,32.3,32.4,32.5,31.8,30.9,30.7,30,29.7,29.4,29.3,29.2,29,28.8
52,林園,31,甲烷,CH4,ppm,2002-08-16,1.9,x,2.3,2.9,2.7,2.7,2.7,2.5,2,1.8,1.8,x,x,x,x,x,x,x,x,x,x,x,x,x
52,林園,33,細懸浮微粒,PM2.5,μg/m3,2002-08-16,22,22,21,29,34,30,23,20,15,16,25,31,43,46,33,21,18,13,5.9,2.4,7.2,12,14,15
53,楠梓,1,二氧化硫,SO2,ppb,2002-08-16,3.6,0.6,1.4,2.3,2.9,3,3.6,3.5,4.3,5.6,4.3,2.1,3.1,2.8,1.3,0.6,1.3,1,1.1,0.7,1,2.2,1.5,0.6
53,楠梓,2,一氧化碳,CO,ppm,2002-08-16,0.65,0.5,0.49,0.47,0.44,0.45,0.55,0.67,0.57,0.56,0.53,0.48,0.44,0.36,0.35,0.33,0.35,0.46,0.48,0.49,0.49,0.5,0.5,0.42
53,楠梓,3,臭氧,O3,ppb,2002-08-16,5.7,12,11,15,13,9.6,x,15,50,56,63,62,70,64,45,38,40,33,31,31,32,29,33,37
53,楠梓,4,懸浮微粒,PM10,μg/m3,2002-08-16,82,76,69,55,58,51,43,61,78,66,43,44,57,52,64,53,59,38,33,18,22,27,27,28
53,楠梓,5,氮氧化物,NOx,ppb,2002-08-16,x,x,x,x,x,x,x,x,x,x,x,x,x,x,x,13,11,38,42,47,42,58,48,39
53,楠梓,6,一氧化氮,NO,ppb,2002-08-16,x,x,x,x,x,x,x,x,x,x,x,x,x,x,x,1,1.6,3.3,5.8,5.6,2.1,4.9,3.3,2.4
53,楠梓,7,二氧化氮,NO2,ppb,2002-08-16,x,x,x,x,x,x,x,x,x,x,x,x,x,x,x,12,9,34,36,41,40,53,45,37
53,楠梓,8,總碳氫化合物,THC,ppm,2002-08-16,2.1,2,1.9,2,1.8,1.9,1.9,1.9,1.9,1.9,2,1.9,1.9,1.9,2,1.9,2,2,2.2,2.5,2,1.9,1.8,2.9
53,楠梓,9,非甲烷碳氫化合物,NMHC,ppm,2002-08-16,0.14,0.05,0.05,0.09,0.04,0.05,0.03,0.06,0.09,0.04,0.12,0.09,0.11,0.09,0.15,0.11,0.2,0.23,0.1,0.24,0.1,0.08,0.04,0.21
53,楠梓,10,風速,WIND_SPEED,m/sec,2002-08-16,0.9,1,0.7,0.3,0.5,0.4,0.1,0.4,0.4,0.9,1.8,2.1,2.4,2.2,2.4,2.5,2.1,1.4,1.4,0.8,0.3,0.5,0.9,0.5
53,楠梓,11,風向,WIND_DIREC,degrees,2002-08-16,64,51,62,51,57,54,38,49,267,276,258,270,266,275,275,282,288,289,257,281,248,258,231,256
53,楠梓,14,溫度,AMB_TEMP,℃,2002-08-16,28,27.5,27.4,27.4,27.2,27.1,27.9,30.2,31.5,32.1,32.3,32.6,32.9,32.7,32.8,32.2,31.7,30.5,29.5,29.1,29.1,29,29,28.8
53,楠梓,31,甲烷,CH4,ppm,2002-08-16,2,1.9,1.8,1.9,1.8,1.8,1.9,1.8,1.8,1.9,1.8,1.8,1.8,1.8,1.8,1.8,1.8,1.8,2.1,2.3,1.9,1.8,1.8,2.7
54,左營,1,二氧化硫,SO2,ppb,2002-08-16,3,3.9,3.6,3.9,5.4,10,9.5,10,19,14,6.6,5.7,4.1,1.9,0.8,1,1.1,1.5,0.8,1,1,0.6,0.9,1.2
54,左營,2,一氧化碳,CO,ppm,2002-08-16,0.3,0.6,0.61,0.56,0.52,0.82,0.72,0.91,0.93,0.59,0.4,0.3,0.29,0.21,0.22,0.26,0.32,0.5,0.45,0.52,0.5,0.33,0.36,0.3
54,左營,3,臭氧,O3,ppb,2002-08-16,26,19,9,11,11,7.9,x,27,50,70,80,86,70,48,32,35,37,33,36,34,39,41,42,41
54,左營,4,懸浮微粒,PM10,μg/m3,2002-08-16,49,56,62,62,62,64,66,74,74,82,73,67,156,105,68,42,23,14,14,23,22,33,32,32
54,左營,5,氮氧化物,NOx,ppb,2002-08-16,15,22,27,x,22,34,32,31,40,33,16,11,11,8.7,7.5,9,8.9,13,11,13,12,7.4,8.8,8.3
54,左營,6,一氧化氮,NO,ppb,2002-08-16,0.8,2.4,3.6,x,1.8,7.1,7.8,6.4,4.1,2.4,1.3,4.3,5.2,5.4,5.2,4.7,4.4,4.2,3,3.7,4,2.9,2.9,3.2
54,左營,7,二氧化氮,NO2,ppb,2002-08-16,15,19,24,x,20,27,25,25,36,31,14,7.2,5.5,3.4,2.4,4.3,4.5,9.3,8,9.4,7.8,4.5,5.9,5.1
54,左營,8,總碳氫化合物,THC,ppm,2002-08-16,1.8,2,2.2,2.1,2,2.1,2,2,2.2,1.9,1.7,x,x,x,1.7,1.7,1.8,1.9,1.8,1.8,1.7,1.7,1.7,1.7
54,左營,9,非甲烷碳氫化合物,NMHC,ppm,2002-08-16,0.14,0.22,0.17,0.12,0.11,0.21,0.22,0.31,0.4,0.2,0.06,x,x,x,0.05,0.06,0.04,0.13,0.12,0.14,0.13,0.07,0.06,0.06
54,左營,10,風速,WIND_SPEED,m/sec,2002-08-16,0.2,0.2,0.5,0.3,0.4,0.2,0.1,0.1,0.4,1.6,2,2.3,3,3.6,3.7,3,2.2,1.5,1.9,1.5,0.5,0.7,0.4,0.3
54,左營,11,風向,WIND_DIREC,degrees,2002-08-16,290,888,78,74,66,42,31,888,282,291,263,275,302,301,300,299,295,289,307,305,300,249,256,250
54,左營,14,溫度,AMB_TEMP,℃,2002-08-16,28.8,28.9,28.2,27.9,27.7,27.7,28.4,29.7,29.9,30.6,30.9,30.9,30.8,30.5,30.5,30.4,30.2,29.9,29.1,29,28.9,28.9,29,28.7
54,左營,31,甲烷,CH4,ppm,2002-08-16,1.6,1.8,2.1,2,1.9,1.9,1.8,1.7,1.8,1.7,1.7,x,x,x,1.7,1.7,1.7,1.8,1.7,1.6,1.6,1.6,1.7,1.7
56,前金,1,二氧化硫,SO2,ppb,2002-08-16,2.8,0.6,0.8,0.8,1.8,2.1,2.9,9.6,8.4,5.1,3.3,2.6,2.9,1.7,0.6,0.9,0.2,0.3,0.9,1.3,1,0.1,0.5,0.5
56,前金,2,一氧化碳,CO,ppm,2002-08-16,0.62,0.33,0.32,0.43,0.69,0.74,0.88,0.97,0.93,0.57,0.49,0.44,0.45,0.39,0.36,0.41,0.43,0.5,0.54,0.56,0.65,0.46,0.5,0.42
56,前金,3,臭氧,O3,ppb,2002-08-16,32,39,41,34,19,17,x,35,44,68,x,73,75,50,36,35,39,36,31,30,32,46,43,46
56,前金,4,懸浮微粒,PM10,μg/m3,2002-08-16,65,54,45,44,36,52,52,62,83,97,83,88,73,48,45,18,15,30,38,36,43,53,38,49
56,前金,5,氮氧化物,NOx,ppb,2002-08-16,17,6.9,6.2,x,19,19,25,35,37,17,x,11,9.4,20,14,21,9.1,16,34,42,30,8,16,8.1
56,前金,6,一氧化氮,NO,ppb,2002-08-16,0,0,0,x,0.6,0.4,3,5.1,6,1.6,x,0.9,1.3,8.4,6,11,1.9,6,17,19,13,0.2,4.1,0.1
56,前金,7,二氧化氮,NO2,ppb,2002-08-16,17,6.9,6.2,x,18,19,22,30,31,16,x,9.6,8.1,12,8.1,11,7.3,9.7,17,22,16,7.9,12,7.9
56,前金,10,風速,WIND_SPEED,m/sec,2002-08-16,1,1.2,0.5,0.3,0.3,0.2,0.3,0.4,1.2,2.2,2.5,3,2.8,2.9,3.1,2.4,2.3,1.7,1.7,1.1,0.6,0.7,0.5,0.6
56,前金,11,風向,WIND_DIREC,degrees,2002-08-16,248,261,277,317,333,316,326,281,265,253,245,261,261,313,311,322,291,302,318,335,309,253,279,251
56,前金,14,溫度,AMB_TEMP,℃,2002-08-16,28.6,28.3,28.4,28.3,28,27.9,28.5,29.7,29.6,30.4,30.3,31.2,32,31.8,31.8,31.2,30.6,29.8,29.3,29.4,29.3,28.7,28.7,28.5
57,前鎮,1,二氧化硫,SO2,ppb,2002-08-16,4.9,2.7,2.1,3.3,3.4,4.6,4.2,13,20,13,7.6,4.5,3.6,3.7,2.3,1.8,1.6,1.9,0.4,0.5,1,2.9,2.2,4.2
57,前鎮,4,懸浮微粒,PM10,μg/m3,2002-08-16,76,65,63,35,48,46,56,61,78,75,85,99,64,56,52,44,38,27,34,31,31,27,34,35
57,前鎮,5,氮氧化物,NOx,ppb,2002-08-16,16,15,11,x,17,19,19,37,50,33,22,17,14,13,13,11,10,12,10,9.4,14,19,11,16
57,前鎮,6,一氧化氮,NO,ppb,2002-08-16,3.9,3.7,3.6,x,2.4,1.4,2.3,7.4,8.8,4.3,2.5,2.8,2.2,2.5,4,2.1,1.2,0.8,0.2,0.1,0.3,1.3,0,0.2
57,前鎮,7,二氧化氮,NO2,ppb,2002-08-16,12,11,7.8,x,15,18,17,29,41,28,20,14,12,11,9.3,8.6,9.2,12,10,9.3,14,18,11,16
57,前鎮,8,總碳氫化合物,THC,ppm,2002-08-16,1.6,x,x,2.1,2,2.1,2.1,2.3,2.6,2.2,1.9,1.6,1.6,1.5,1.6,1.6,1.7,1.6,1.7,1.7,1.7,1.7,1.6,1.6
57,前鎮,9,非甲烷碳氫化合物,NMHC,ppm,2002-08-16,0.05,x,x,0.16,0.11,0.16,0.2,0.34,0.63,0.31,0.09,0.01,0.01,0.01,0.01,0,0.01,0.01,0.04,0.02,0.05,0.03,0,0
57,前鎮,14,溫度,AMB_TEMP,℃,2002-08-16,28.6,28.5,28.7,28.3,28.1,28,28.5,29.9,31.4,30.7,30.8,31.4,31.7,31.8,32.1,31.4,30.8,30,29.5,29.2,29.4,29.4,29.1,28.9
57,前鎮,31,甲烷,CH4,ppm,2002-08-16,1.6,x,x,2,1.9,1.9,1.9,1.9,1.9,1.9,1.8,1.6,1.6,1.5,1.6,1.6,1.6,1.6,1.7,1.7,1.7,1.7,1.6,1.6
58,小港,1,二氧化硫,SO2,ppb,2002-08-16,4.9,2.8,5.1,2.3,1.7,2.5,2.9,6.1,15,12,14,11,5.4,3.4,2.4,3.1,4.2,1.7,3.5,6.7,9.4,13,10,9.2
58,小港,2,一氧化碳,CO,ppm,2002-08-16,0.3,0.25,0.5,0.5,0.48,0.48,0.59,0.83,0.72,0.53,0.46,0.41,0.35,0.3,0.28,0.27,0.27,0.36,0.35,0.36,0.36,0.32,0.29,0.27
58,小港,3,臭氧,O3,ppb,2002-08-16,30,35,12,9.2,8.8,8.7,x,15,31,41,58,76,69,56,35,29,31,26,24,22,15,16,18,24
58,小港,4,懸浮微粒,PM10,μg/m3,2002-08-16,70,62,36,42,44,43,71,74,67,67,75,69,69,60,46,46,31,20,31,31,24,28,28,39
58,小港,5,氮氧化物,NOx,ppb,2002-08-16,13,7.7,19,x,14,16,27,38,41,24,26,17,10,12,14,12,13,16,16,22,31,26,23,20
58,小港,6,一氧化氮,NO,ppb,2002-08-16,0.1,0.1,0.7,x,1.3,1.7,7.7,11,7.9,3,2.9,1.6,1,1.6,2.9,2.6,1.8,1.4,0.4,0.4,0.4,0.8,0.9,0.5
58,小港,7,二氧化氮,NO2,ppb,2002-08-16,13,7.6,18,x,13,14,20,27,33,21,23,15,9.3,9.9,11,9.9,11,14,15,21,30,26,23,19
58,小港,8,總碳氫化合物,THC,ppm,2002-08-16,1.7,1.6,2.5,2.6,2.6,2.7,2.4,2.3,2.3,2.1,2,1.9,1.8,1.8,1.8,1.8,1.8,1.9,1.9,1.9,2,2,1.8,1.8
58,小港,9,非甲烷碳氫化合物,NMHC,ppm,2002-08-16,0.01,0.02,0.14,0.18,0.14,0.27,0.34,0.25,0.32,0.2,0.12,0.05,0.03,0.08,0.06,0.05,0.04,0.13,0.14,0.09,0.21,0.22,0.02,0.03
58,小港,10,風速,WIND_SPEED,m/sec,2002-08-16,1.5,1.6,0.6,1.1,1,1,0.9,0.8,1.1,2.4,2.9,3.4,4.3,4.6,4.3,4.2,3.6,2.9,2.3,2.1,1,1.3,1.4,1.5
58,小港,11,風向,WIND_DIREC,degrees,2002-08-16,276,282,52,46,39,47,40,60,888,231,266,269,278,285,278,274,278,289,301,292,295,276,231,270
58,小港,14,溫度,AMB_TEMP,℃,2002-08-16,28.5,28.5,28.1,27.6,27.4,27.3,27.8,29.4,30,29.6,30.4,31.1,31.2,31.5,31.7,30.9,30.3,30,29.6,29.3,29.4,29.5,29.2,28.9
58,小港,21,酸雨,PH_RAIN,pH,2002-08-16,0,0,0,0,0,0,0,0,0,0,0,0,0,0,0,0,0,0,0,0,0,0,0,0
58,小港,22,導電度,RAIN_COND,μmho/cm,2002-08-16,0,0,0,0,0,0,0,0,0,0,0,0,0,0,0,0,0,0,0,0,0,0,0,0
58,小港,31,甲烷,CH4,ppm,2002-08-16,1.6,1.6,2.4,2.4,2.5,2.4,2.1,2.1,2,1.9,1.8,1.9,1.8,1.8,1.8,1.8,1.7,1.8,1.8,1.8,1.8,1.8,1.7,1.8
58,小港,32,降雨強度,RAIN_INT,㎜,2002-08-16,0,0,0,0,0,0,0,0,0,0,0,0,0,0,0,0,0,0,0,0,0,0,0,0
59,屏東,1,二氧化硫,SO2,ppb,2002-08-16,2.4,1.4,0.9,0.8,0.6,0.5,0.5,0.8,2.1,2.6,1.4,2.9,2.9,1.9,3.2,2.7,4.4,4.1,1.1,4.8,2,4.7,4,5.1
59,屏東,2,一氧化碳,CO,ppm,2002-08-16,0.68,0.43,0.36,0.35,0.31,0.35,0.41,0.57,0.5,0.48,0.35,0.4,0.44,0.4,0.4,0.43,0.67,0.56,0.53,0.59,0.49,0.65,0.9,0.97
59,屏東,3,臭氧,O3,ppb,2002-08-16,16,15,16,15,12,10,x,17,37,62,61,78,90,83,80,60,48,37,32,19,24,16,9.7,6.1
59,屏東,4,懸浮微粒,PM10,μg/m3,2002-08-16,74,68,62,50,39,29,24,26,22,16,11,11,24,43,52,68,64,64,52,27,34,36,33,40
59,屏東,5,氮氧化物,NOx,ppb,2002-08-16,19,14,10,x,9.7,10,11,14,12,10,7,9.5,11,9.5,12,16,23,20,13,22,16,26,32,31
59,屏東,6,一氧化氮,NO,ppb,2002-08-16,1.3,1.1,1.1,x,1.1,1.3,2.5,3.4,1.9,1.2,1.1,1,1,1,1.1,1.4,1.8,1.3,1.1,1.3,1,2.7,3.9,5.1
59,屏東,7,二氧化氮,NO2,ppb,2002-08-16,18,12,9,x,8.6,8.9,8.5,10,10,9.1,6,8.5,10,8.5,11,14,22,19,12,20,15,23,28,26
59,屏東,8,總碳氫化合物,THC,ppm,2002-08-16,2.3,2.3,x,2,2,1.9,1.9,1.9,1.7,1.7,1.6,1.7,1.7,1.7,1.6,1.7,1.9,1.8,1.8,1.9,1.8,2,2.4,2.4
59,屏東,9,非甲烷碳氫化合物,NMHC,ppm,2002-08-16,0.15,0.08,x,0.03,0.03,0.03,0.03,0.08,0.05,0.09,0.01,0.03,0.03,0.04,0.02,0.05,0.24,0.18,0.14,0.18,0.03,0.31,0.42,0.39
59,屏東,10,風速,WIND_SPEED,m/sec,2002-08-16,0.5,0.6,0.7,0.4,0.8,0.5,0.6,0.7,0.5,0.9,1.4,1.5,2.3,2.5,3.1,3,1.3,2.1,2.1,0.8,0.7,0.7,0.6,0.2
59,屏東,11,風向,WIND_DIREC,degrees,2002-08-16,44,349,37,32,345,18,337,357,330,9,269,306,297,289,296,276,888,283,288,289,291,203,163,120
59,屏東,14,溫度,AMB_TEMP,℃,2002-08-16,27.9,27.5,27.3,27.1,26.9,26.7,27.4,29.2,30.8,32.3,32.9,33,32.9,33,33.3,31.7,30.9,30.7,29.9,29.4,29.3,29.4,29.2,28.6
59,屏東,31,甲烷,CH4,ppm,2002-08-16,2.2,2.2,x,2,1.9,1.9,1.8,1.8,1.7,1.6,1.6,1.6,1.7,1.6,1.6,1.6,1.7,1.7,1.7,1.8,1.7,1.7,1.9,2
60,潮州,1,二氧化硫,SO2,ppb,2002-08-16,0.3,0.1,0,0.1,0.1,0.5,0.3,0.5,2.7,2.7,1.7,1.7,4.8,4.8,1.6,2.5,5.3,6.5,4.1,5.4,5.2,3.8,0.9,0.8
60,潮州,2,一氧化碳,CO,ppm,2002-08-16,0.32,0.36,0.31,0.33,0.32,0.38,0.36,0.32,0.3,0.37,0.29,0.35,0.48,0.53,0.24,0.3,0.34,0.38,0.42,0.52,0.49,0.54,0.42,0.37
60,潮州,3,臭氧,O3,ppb,2002-08-16,9.2,6.3,5.1,5.3,2,0.4,x,15,38,65,64,81,121,111,51,49,48,36,18,9.3,6.6,3.1,8,7.7
60,潮州,4,懸浮微粒,PM10,μg/m3,2002-08-16,192,152,108,64,42,150,151,144,96,85,52,49,49,60,62,61,48,47,29,40,40,108,109,142
60,潮州,5,氮氧化物,NOx,ppb,2002-08-16,13,11,10,x,14,17,16,8.5,10,x,x,x,x,x,x,x,x,22,24,27,22,24,20,14
60,潮州,6,一氧化氮,NO,ppb,2002-08-16,1.5,1,0.9,x,2.6,5.3,5,1,0.2,0.1,0.1,0.1,0.1,0.1,0.1,0.1,0.1,0.1,0.5,1.9,1.7,2.2,1.5,1.1
60,潮州,7,二氧化氮,NO2,ppb,2002-08-16,11,10,9.2,x,12,12,11,7.5,9.9,12,9.4,11,18,19,8.6,9.1,17,22,24,25,20,21,18,13
60,潮州,10,風速,WIND_SPEED,m/sec,2002-08-16,0.3,0.2,0.1,0,x,0.1,0,0.1,0.1,0.4,0.9,1.3,1.4,1.7,2.9,1.8,1.1,0.9,0.5,0,0,0,0.3,0.7
60,潮州,11,風向,WIND_DIREC,degrees,2002-08-16,76,87,92,39,888,216,999,136,888,888,308,300,293,242,223,235,247,262,306,358,999,171,135,84
60,潮州,14,溫度,AMB_TEMP,℃,2002-08-16,26.2,25.9,26,25.6,25.4,25.2,26.1,27.8,29.5,31.1,32.4,33,33.6,32.5,30.6,31.1,30.8,30.2,29.5,28.3,27.9,27.2,26.7,26.5
61,恆春,1,二氧化硫,SO2,ppb,2002-08-16,0,0,0,0,0,0,0,0,0,0,0,0,0,0,0,0,0,0,0,0,0,0,0,0
61,恆春,2,一氧化碳,CO,ppm,2002-08-16,0.23,0.18,0.17,0.17,0.17,0.17,0.17,0.17,0.17,0.17,0.18,0.18,0.18,0.18,0.18,0.18,0.18,0.18,0.18,0.18,0.18,0.18,0.17,0.18
61,恆春,3,臭氧,O3,ppb,2002-08-16,6.6,6.8,6.5,6.7,6.6,7,x,8,9.3,11,12,13,11,11,8.6,8.7,9.8,8,8.4,8.1,8.4,9.6,9.2,8.7
61,恆春,4,懸浮微粒,PM10,μg/m3,2002-08-16,15,12,12,17,12,12,24,17,23,21,20,20,18,15,14,18,18,18,17,24,16,12,16,12
61,恆春,5,氮氧化物,NOx,ppb,2002-08-16,0.8,0.8,1,x,0.5,0.4,0.3,0.3,0.2,0.2,0.1,0.2,0.1,0.1,0.4,0.3,0.3,0,0.1,0.1,0.1,0.1,0.2,0.2
61,恆春,6,一氧化氮,NO,ppb,2002-08-16,0.1,0.1,0.1,x,0,0,0,0,0,0,0,0,0,0,0,0,0,0,0,0,0,0,0,0
61,恆春,7,二氧化氮,NO2,ppb,2002-08-16,0.7,0.7,0.9,x,0.5,0.4,0.3,0.3,0.2,0.2,0.1,0.2,0.1,0.1,0.3,0.3,0.3,0,0.1,0.1,0.1,0.1,0.2,0.2
61,恆春,10,風速,WIND_SPEED,m/sec,2002-08-16,2.6,2.7,3.2,3.1,3.4,3.8,5.2,4.9,5.4,5.1,x,4.9,4.7,x,x,x,x,3.2,3.2,2.7,4.1,3.6,x,2.6
61,恆春,11,風向,WIND_DIREC,degrees,2002-08-16,100,89,87,87,88,85,80,343,5,1,x,49,77,x,x,x,x,91,85,888,83,5,x,88
61,恆春,14,溫度,AMB_TEMP,℃,2002-08-16,26.3,25.9,25.3,25.5,25.2,25.2,26.6,28.4,29.8,29.6,30.3,30.8,30.6,30.4,30.7,30.3,30.5,29.7,27.4,27,27.4,27.2,27.1,26.8
61,恆春,21,酸雨,PH_RAIN,pH,2002-08-16,0,6,0,0,5.9,5.8,0,0,0,0,0,0,0,0,0,0,0,0,0,0,0,0,0,0
61,恆春,22,導電度,RAIN_COND,μmho/cm,2002-08-16,0,9.8,0,0,6.1,6.1,0,0,0,0,0,0,0,0,0,0,0,0,0,0,0,0,0,0
61,恆春,32,降雨強度,RAIN_INT,㎜,2002-08-16,0,1,0,0,3,0.5,0,0,0,0,0,0,0,0,0,0,0,0,0,0,0,0,0,0
62,臺東,1,二氧化硫,SO2,ppb,2002-08-16,0.2,0.2,0.1,0.1,0.1,0.1,0.1,0.3,0.3,0.3,0.2,0.2,0.2,0.2,0.2,0.2,0.4,0.4,0.4,0.3,0.4,0.4,0.2,0.1
62,臺東,2,一氧化碳,CO,ppm,2002-08-16,0.32,x,0.32,0.22,0.23,0.26,0.31,0.45,0.5,0.52,0.47,0.48,0.4,0.4,0.36,0.4,0.42,0.54,0.59,0.49,0.51,0.53,0.43,0.36
62,臺東,3,臭氧,O3,ppb,2002-08-16,3.9,4.3,4.1,4.2,4.2,4,5.1,6.7,9.6,11,12,13,13,13,17,15,13,10,8.5,7.3,7.5,6.3,6.6,6.9
62,臺東,4,懸浮微粒,PM10,μg/m3,2002-08-16,17,31,22,24,34,20,15,22,25,25,25,13,14,13,11,11,11,28,27,36,36,29,19,19
62,臺東,5,氮氧化物,NOx,ppb,2002-08-16,6.6,5.8,5.1,x,3,3.5,5.3,9.5,9.6,10,7.6,7.6,5.6,6.3,5.9,6.7,8.3,12,13,10,11,10,5.7,4.1
62,臺東,6,一氧化氮,NO,ppb,2002-08-16,2.7,2,1.4,x,0.5,1.3,3.1,6.4,6.2,6.6,4.6,4.6,3.3,3.8,2.9,3.5,4.4,7,7.2,4.9,5.7,5,2,1.2
62,臺東,7,二氧化氮,NO2,ppb,2002-08-16,3.9,3.8,3.8,x,2.5,2.3,2.2,3.1,3.4,3.6,3,2.9,2.3,2.5,3,3.2,3.9,4.8,5.8,5.2,5,5.1,3.7,2.9
62,臺東,8,總碳氫化合物,THC,ppm,2002-08-16,1.9,x,x,1.9,1.9,2,2,2,1.9,1.9,1.9,1.8,1.8,1.8,1.8,1.8,1.8,1.9,1.9,1.9,1.9,1.9,1.8,1.8
62,臺東,9,非甲烷碳氫化合物,NMHC,ppm,2002-08-16,0.04,x,x,0,0.01,0,0.02,0.09,0.05,0.07,0.08,0.03,0.02,0.03,0.04,0.06,0.05,0.09,0.11,0.11,0.11,0.09,0.04,0.01
62,臺東,10,風速,WIND_SPEED,m/sec,2002-08-16,1,0.7,0.8,1.2,1.1,1.4,1.5,1.5,1.8,2.6,2.5,2.8,2.8,2.7,2.5,2.3,2,2.1,1.6,1.4,1,0.8,0.8,1.2
62,臺東,11,風向,WIND_DIREC,degrees,2002-08-16,327,331,334,341,343,339,344,344,32,69,77,76,65,74,69,80,75,72,60,20,9,4,360,355
62,臺東,14,溫度,AMB_TEMP,℃,2002-08-16,27,26.7,26.7,26.8,26.8,26.9,28.8,31.3,31.8,31.2,30.9,30.7,30.9,31.2,31.5,31.1,30.2,29,28.6,28.5,27.9,27.8,27.5,27.2
62,臺東,21,酸雨,PH_RAIN,pH,2002-08-16,0,0,0,0,0,0,0,0,0,0,0,0,0,0,0,0,0,0,0,0,0,0,0,0
62,臺東,22,導電度,RAIN_COND,μmho/cm,2002-08-16,0,0,0,0,0,0,0,0,0,0,0,0,0,0,0,0,0,0,0,0,0,0,0,0
62,臺東,31,甲烷,CH4,ppm,2002-08-16,1.9,x,x,1.9,1.9,2,2,1.9,1.8,1.8,1.8,1.8,1.8,1.8,1.7,1.7,1.7,1.8,1.8,1.8,1.8,1.8,1.8,1.8
62,臺東,32,降雨強度,RAIN_INT,㎜,2002-08-16,0,0,0,0,0,0,0,0,0,0,0,0,0,0,0,0,0,0,0,0,0,0,0,0
63,花蓮,1,二氧化硫,SO2,ppb,2002-08-16,0,0,0,0,0,0.1,0.1,0.1,0.5,1.3,0.3,0.3,0.1,0.1,0.1,0,0.1,0.1,0,0.1,0.1,0.2,0.2,0.1
63,花蓮,2,一氧化碳,CO,ppm,2002-08-16,0.26,0.13,0.12,0.11,0.17,0.21,0.26,0.38,0.35,0.63,0.54,0.37,0.35,0.38,0.4,0.48,0.45,0.57,0.52,0.78,0.34,0.59,0.65,0.48
63,花蓮,3,臭氧,O3,ppb,2002-08-16,0.3,0.8,1,1,0.9,0.5,x,2,5.6,7.2,5.9,6,7.3,7,6.2,5.9,5,3.7,4.6,4.6,1.8,0.5,0.4,0.1
63,花蓮,4,懸浮微粒,PM10,μg/m3,2002-08-16,12,14,11,11,11,12,11,14,15,14,15,13,11,11,11,11,11,21,21,21,61,44,30,23
63,花蓮,5,氮氧化物,NOx,ppb,2002-08-16,5.8,6.3,5.8,x,1.2,3.2,4.5,8.5,9.4,14,20,29,6.7,18,9.2,11,21,12,9.3,11,5.6,16,18,14
63,花蓮,6,一氧化氮,NO,ppb,2002-08-16,2.4,1.5,0.7,x,0.2,1.3,2.3,5.6,5.1,8.2,14,21,4,12,4.9,5.7,12,5.6,3.1,4.5,1.2,8.8,11,7.7
63,花蓮,7,二氧化氮,NO2,ppb,2002-08-16,3.4,4.8,5,x,1,2,2.2,2.9,4.2,5.7,6.4,8.2,2.6,6,4.3,5.1,8.4,6.5,6.2,6.7,4.5,7.6,6.7,6.2
63,花蓮,8,總碳氫化合物,THC,ppm,2002-08-16,2,1.9,2,2,1.9,1.8,1.8,1.9,1.9,1.9,1.9,1.9,1.8,1.9,1.8,1.9,1.9,2,2,2.2,1.9,2.1,2.1,2
63,花蓮,9,非甲烷碳氫化合物,NMHC,ppm,2002-08-16,0.18,0.09,0,0.03,0.03,0.01,0.04,0.07,0.05,0.06,0.08,0.09,0.06,0.05,0.05,0.08,0.12,0.12,0.09,0.28,0.05,0.16,0.19,0.13
63,花蓮,10,風速,WIND_SPEED,m/sec,2002-08-16,1.6,1.8,2.1,2,2.1,2.4,2.5,2.4,1.9,3.1,4,4.5,4.6,4.5,3.3,2.6,2.3,1.7,2,1.3,0.7,0.6,1,1.2
63,花蓮,11,風向,WIND_DIREC,degrees,2002-08-16,242,224,231,229,224,231,221,228,226,157,153,149,150,153,153,152,149,156,147,150,154,888,302,256
63,花蓮,14,溫度,AMB_TEMP,℃,2002-08-16,27.9,27.7,27.5,27.2,26.8,26.7,27.2,29,31.8,33.4,33.3,33.6,34.1,34.1,32.1,31.3,30.7,30.4,29.7,29.6,29.3,29.2,28.7,28.1
63,花蓮,21,酸雨,PH_RAIN,pH,2002-08-16,0,0,0,0,0,0,0,0,0,0,0,0,0,0,0,0,0,0,0,0,0,0,0,0
63,花蓮,22,導電度,RAIN_COND,μmho/cm,2002-08-16,0,0,0,0,0,0,0,0,0,0,0,0,0,0,0,0,0,0,0,0,0,0,0,0
63,花蓮,31,甲烷,CH4,ppm,2002-08-16,1.8,1.8,2,1.9,1.9,1.8,1.8,1.8,1.9,1.8,1.8,1.8,1.8,1.8,1.7,1.8,1.8,1.8,1.9,1.9,1.9,1.9,2,1.9
63,花蓮,32,降雨強度,RAIN_INT,㎜,2002-08-16,0,0,0,0,0,0,0,0,0,0,0,0,0,0,0,0,0,0,0,0,0,0,0,0
64,陽明,1,二氧化硫,SO2,ppb,2002-08-16,1,0.9,1,0.8,0.8,0.1,0.1,0.3,0.2,0.6,0.2,0.2,0.1,0.1,0.1,0.2,2,4.1,1,0.2,0.7,0.4,0.2,0.1
64,陽明,2,一氧化碳,CO,ppm,2002-08-16,0.15,0.17,0.16,0.15,0.16,0.16,0.16,0.16,0.16,0.18,0.17,0.17,0.18,0.18,0.2,0.2,0.2,0.19,0.19,0.17,0.16,0.16,0.16,0.14
64,陽明,3,臭氧,O3,ppb,2002-08-16,10,9.9,10,9.1,9.4,9.3,x,12,14,17,18,21,26,23,24,24,24,25,19,17,15,15,16,18
64,陽明,4,懸浮微粒,PM10,μg/m3,2002-08-16,12,12,12,12,12,12,12,12,12,12,12,11,11,12,12,12,12,12,12,12,12,12,12,12
64,陽明,5,氮氧化物,NOx,ppb,2002-08-16,0.9,0.9,0.8,x,2.1,2.5,2.5,2.1,2.2,2.3,2,2.3,2.6,2.3,2.8,3.2,3.2,3.9,2.9,2.1,1.9,1.5,1.3,1
64,陽明,6,一氧化氮,NO,ppb,2002-08-16,0,0,0,x,0.3,0.4,0.7,0.6,0.6,0.7,0.5,0.5,0.5,0.5,0.6,0.6,0.7,0.6,0.4,0.3,0.3,0.3,0.3,0.3
64,陽明,7,二氧化氮,NO2,ppb,2002-08-16,0.9,0.9,0.8,x,1.8,2.1,1.8,1.4,1.5,1.6,1.5,1.8,2,1.8,2.3,2.6,2.6,3.3,2.5,1.7,1.6,1.3,1,0.8
64,陽明,10,風速,WIND_SPEED,m/sec,2002-08-16,7.3,7.3,5.8,6.6,3.5,6.6,7.3,7,6.8,5.4,7.1,5,4.5,3.9,3.3,1.3,0.8,2.4,4.1,4.1,4.1,7.6,7.2,6.5
64,陽明,11,風向,WIND_DIREC,degrees,2002-08-16,180,180,190,190,200,180,180,180,180,180,180,180,180,190,190,150,90,160,180,170,180,180,190,190
64,陽明,14,溫度,AMB_TEMP,℃,2002-08-16,21.6,21.7,21.7,21.8,21.5,21.4,22.3,24,25,26.6,27.5,27.8,28.4,27.7,26.3,26,25.7,24.4,22.9,22.6,22.2,22,22.3,23.3
64,陽明,21,酸雨,PH_RAIN,pH,2002-08-16,0,0,0,0,0,0,0,0,0,0,0,0,0,0,0,0,0,0,0,0,0,0,0,0
64,陽明,22,導電度,RAIN_COND,μmho/cm,2002-08-16,0,0,0,0,0,0,0,0,0,0,0,0,0,0,0,0,0,0,0,0,0,0,0,0
64,陽明,32,降雨強度,RAIN_INT,㎜,2002-08-16,0,0,0,0,0,0,0,0,0,0,0,0,0,0,0,0,0,0,0,0,0,0,0,0
64,陽明,38,相對濕度,RH,percent,2002-08-16,93,92,91,89,93,91,89,84,81,73,69,69,72,75,79,80,81,86,87,86,86,85,79,78
65,宜蘭,1,二氧化硫,SO2,ppb,2002-08-16,0.3,0.4,0.2,0.3,0.4,1,1.8,1.6,1.3,0.7,0.2,0.1,0.1,0.1,0.1,0.1,0.2,0.1,0.1,0.1,0.2,0.3,0.3,0.6
65,宜蘭,2,一氧化碳,CO,ppm,2002-08-16,0.37,0.38,0.37,0.37,0.33,0.49,0.48,0.45,0.45,0.41,0.34,0.32,0.29,0.3,0.31,0.32,0.35,0.41,0.4,0.4,0.4,0.37,0.37,0.51
65,宜蘭,3,臭氧,O3,ppb,2002-08-16,3.6,3.1,3,3.4,3,x,5.4,8.4,11,x,x,x,x,10,11,12,11,7.1,6,5.6,5.1,3.6,2.8,1.7
65,宜蘭,4,懸浮微粒,PM10,μg/m3,2002-08-16,29,25,15,12,17,12,12,18,17,32,33,11,x,22,25,17,20,22,24,43,27,17,17,17
65,宜蘭,5,氮氧化物,NOx,ppb,2002-08-16,9.9,9.3,9.2,x,12,19,17,16,17,14,7.4,5.9,5,6.2,9.5,6.8,7.9,8.2,8.7,8.8,9.1,10,12,17
65,宜蘭,6,一氧化氮,NO,ppb,2002-08-16,2.2,2,2.3,x,4.6,12,10,8.8,9.1,6.9,3.5,2.4,2,2.8,4.6,3.3,3.6,3.7,3.4,3.7,4.4,4.1,4.2,6.8
65,宜蘭,7,二氧化氮,NO2,ppb,2002-08-16,7.7,7.3,6.9,x,7.8,7.2,7.3,7,7.8,6.7,3.9,3.6,3.1,3.4,4.9,3.5,4.3,4.5,5.3,5.1,4.7,6.3,7.8,9.8
65,宜蘭,10,風速,WIND_SPEED,m/sec,2002-08-16,1.2,1.1,1.4,0.4,0.8,0.6,0.4,1.1,1.2,2.2,5.4,6.5,7.3,6.2,5.4,6,5,4.4,4.2,3.5,3.4,2.5,1.4,1.1
65,宜蘭,11,風向,WIND_DIREC,degrees,2002-08-16,8,352,23,888,309,309,339,47,49,67,81,115,119,121,120,121,122,115,117,119,115,117,107,34
65,宜蘭,14,溫度,AMB_TEMP,℃,2002-08-16,27.6,27.5,27.1,26.7,26.3,26.1,27.8,29.2,30.5,31.3,31.1,31.1,31,31.5,31.7,31.1,30.7,29.2,28.6,28.4,28.2,28.2,28,27.8
66,冬山,1,二氧化硫,SO2,ppb,2002-08-16,0.5,0.4,0.5,0.5,0.5,1,1.1,3.2,4.1,6.8,3.6,1.9,1,x,x,x,0.9,0.7,0.8,2.2,1.9,1.1,1,0.5
66,冬山,2,一氧化碳,CO,ppm,2002-08-16,0.18,0.14,0.18,0.01,0.7,1.04,0.41,0.43,0.43,0.5,0.49,0.49,0.42,x,x,x,x,0.65,0.91,0.89,1.45,0.84,0.77,0.46
66,冬山,3,臭氧,O3,ppb,2002-08-16,0,0,0,0,0,0,x,3.1,6.5,6.9,4.4,3.7,5.1,x,x,x,x,3.7,1.6,0.3,0.1,0.8,0.5,0.5
66,冬山,4,懸浮微粒,PM10,μg/m3,2002-08-16,24,25,20,20,17,17,24,26,34,40,44,44,35,26,x,x,48,39,32,32,32,26,20,19
66,冬山,5,氮氧化物,NOx,ppb,2002-08-16,12,11,22,x,21,25,21,18,22,30,28,28,22,x,x,x,25,17,21,35,36,22,22,12
66,冬山,6,一氧化氮,NO,ppb,2002-08-16,5.6,3.8,14,x,14,18,15,10,11,16,17,18,14,x,x,x,15,9.7,12,25,26,14,14,5.2
66,冬山,7,二氧化氮,NO2,ppb,2002-08-16,6.5,7,8.4,x,7.5,7.3,6.7,8.2,11,15,10,9.1,8.3,x,x,x,10,7.4,9.4,10,10,8.4,7.9,6.5
66,冬山,8,總碳氫化合物,THC,ppm,2002-08-16,2.5,x,2,2,2.2,2.6,2.4,2.1,2,1.9,1.8,1.8,1.8,x,x,x,x,x,x,x,x,x,2.4,2.4
66,冬山,9,非甲烷碳氫化合物,NMHC,ppm,2002-08-16,0.2,x,0.04,0.05,0.06,0.12,0.11,0.14,0.13,0.09,0.07,0.03,0.05,x,x,x,x,x,x,x,x,x,0.22,0.1
66,冬山,10,風速,WIND_SPEED,m/sec,2002-08-16,0.1,0.1,0,0,0,0,0,0.2,0.4,0.5,3.1,3.8,3.8,3.1,2.9,3.4,5,4.3,3.5,3.6,3.1,2.7,0.6,0.1
66,冬山,11,風向,WIND_DIREC,degrees,2002-08-16,250,242,218,249,219,999,319,340,273,278,134,130,139,135,136,137,140,151,137,134,143,147,240,235
66,冬山,14,溫度,AMB_TEMP,℃,2002-08-16,25.9,25.9,25.8,25.4,25.3,25.2,26.8,29.2,30.7,32.1,32.5,32.6,32.5,32.8,x,32.2,31.1,29.3,28.8,28.4,28.3,28.2,27.1,25.9
66,冬山,21,酸雨,PH_RAIN,pH,2002-08-16,0,0,0,0,0,0,0,0,0,0,0,0,0,0,0,x,0,0,0,0,0,0,0,0
66,冬山,22,導電度,RAIN_COND,μmho/cm,2002-08-16,0,0,0,0,0,0,0,0,0,0,0,0,0,0,0,x,0,0,0,0,0,0,0,0
66,冬山,31,甲烷,CH4,ppm,2002-08-16,2.3,x,1.9,2,2.1,2.4,2.3,1.9,1.9,1.8,1.8,1.8,1.7,x,x,x,x,x,x,x,x,x,2.2,2.3
66,冬山,32,降雨強度,RAIN_INT,㎜,2002-08-16,0,0,0,0,0,0,0,0,0,0,0,0,0,0,0,0,0,0,0,0,0,0,0,0
67,三重,1,二氧化硫,SO2,ppb,2002-08-16,2.3,1.6,1.8,1.1,1.7,3,2.1,3.8,2.8,2.6,2.4,2.2,2.4,2.3,2.6,4.2,x,3.7,3.7,3.1,2.7,2.4,2.2,1.9
67,三重,2,一氧化碳,CO,ppm,2002-08-16,0.84,0.43,0.21,0.17,0.23,0.58,0.75,2.13,1.73,1.2,0.9,1.1,1.04,1.04,1.9,x,x,2.71,2.7,2.18,1.79,1.99,1.85,1.51
67,三重,4,懸浮微粒,PM10,μg/m3,2002-08-16,23,24,17,10,10,10,15,23,51,41,38,35,29,29,34,34,x,53,48,37,37,18,10,18
67,三重,5,氮氧化物,NOx,ppb,2002-08-16,75,56,49,x,49,61,77,143,110,102,90,80,91,89,96,x,x,121,108,103,91,86,78,63
67,三重,6,一氧化氮,NO,ppb,2002-08-16,55,38,31,x,32,41,56,107,80,72,58,50,57,53,60,x,x,95,87,85,74,72,64,48
67,三重,7,二氧化氮,NO2,ppb,2002-08-16,20,18,18,x,17,20,21,35,30,30,32,30,33,36,36,x,x,26,21,18,17,14,14,14
67,三重,8,總碳氫化合物,THC,ppm,2002-08-16,2.1,x,x,2.1,2.2,2.1,2.3,2.6,2.5,2.2,2.1,2,2.1,2.2,2.3,2.5,x,2.5,2.6,2.2,2.1,2.2,2.2,2.1
67,三重,9,非甲烷碳氫化合物,NMHC,ppm,2002-08-16,0.11,x,x,0.08,0.1,0.04,0.29,0.59,0.52,0.24,0.16,0.12,0.23,0.27,0.33,0.53,x,0.58,0.64,0.19,0.1,0.26,0.19,0.14
67,三重,14,溫度,AMB_TEMP,℃,2002-08-16,30.4,30.1,29.8,29.6,29.4,29.5,30.2,33.2,34.1,35.4,36,36.1,37,36.7,35.1,35.5,x,32.7,31.8,31.1,30.5,30.5,30.2,30.2
67,三重,31,甲烷,CH4,ppm,2002-08-16,2,x,x,2,2.1,2.1,2,2,2,2,1.9,1.9,1.9,1.9,2,2,x,2,2,2,2,2,2,2
67,三重,33,細懸浮微粒,PM2.5,μg/m3,2002-08-16,18,18,28,29,18,12,9.5,13,22,26,20,14,12,13,13,16,x,30,28,24,19,14,8.7,8
68,中壢,1,二氧化硫,SO2,ppb,2002-08-16,8.8,11,8.5,7.7,5,3.5,5.9,4.7,5.7,11,8.8,11,6.7,5.6,4.5,3.4,3.5,3.3,5,4.8,8.2,7,5,5.7
68,中壢,2,一氧化碳,CO,ppm,2002-08-16,0.63,0.83,1.05,1.05,1,1.41,2.07,1.61,1.73,1.41,1.57,1.46,1.17,1.14,1.4,1.44,1.43,1.61,2.28,1.31,1.4,1.44,1.19,1
68,中壢,4,懸浮微粒,PM10,μg/m3,2002-08-16,115,89,58,52,74,80,122,84,63,77,77,77,127,141,124,108,83,84,64,44,64,64,62,34
68,中壢,5,氮氧化物,NOx,ppb,2002-08-16,42,44,35,x,33,41,91,54,60,54,54,47,32,28,40,46,43,46,77,53,66,62,45,46
68,中壢,6,一氧化氮,NO,ppb,2002-08-16,17,15,6.5,x,10,19,63,27,29,10,11,6.7,4.3,3,8.7,12,7.4,14,21,7.4,30,44,30,33
68,中壢,7,二氧化氮,NO2,ppb,2002-08-16,26,29,28,x,23,22,28,26,31,43,43,40,28,25,31,34,36,32,57,45,36,18,14,14
68,中壢,8,總碳氫化合物,THC,ppm,2002-08-16,3,x,3.1,3.3,3,2.7,2.8,2.6,2.7,2.7,2.7,3,2.9,2.8,2.8,2.7,2.7,2.7,2.9,2.6,2.8,2.6,2.6,2.7
68,中壢,9,非甲烷碳氫化合物,NMHC,ppm,2002-08-16,1.16,x,0.78,0.89,0.61,0.51,0.69,0.54,0.6,0.61,0.7,0.84,0.69,0.65,0.76,0.65,0.67,0.66,0.92,0.53,0.74,0.59,0.61,0.57
68,中壢,14,溫度,AMB_TEMP,℃,2002-08-16,28,27.9,27.7,27.6,27.3,27.2,27.6,28.7,29.3,30.5,31.9,31.9,31.6,31,30.9,30.6,30.2,29.5,29.4,29,28.9,28.9,28.6,28.2
68,中壢,31,甲烷,CH4,ppm,2002-08-16,1.9,x,2.3,2.4,2.4,2.2,2.1,2.1,2.1,2.1,2,2.2,2.2,2.2,2.1,2,2,2,2,2.1,2.1,2,2,2.1
69,竹山,1,二氧化硫,SO2,ppb,2002-08-16,1.9,1.6,3.5,1.4,1.7,0.5,2,1.5,2.1,0.8,3.2,7.1,4.6,2.9,1,0.8,1.4,0.2,0.4,0.5,0.3,0.4,0.4,0.3
69,竹山,2,一氧化碳,CO,ppm,2002-08-16,0.26,0.34,0.32,0.34,0.27,0.34,0.38,0.39,0.37,0.34,0.31,0.35,0.28,0.27,0.27,0.34,0.38,0.45,0.75,0.63,0.58,0.53,0.42,0.3
69,竹山,3,臭氧,O3,ppb,2002-08-16,12,9.2,5.7,5.9,6.8,6.1,x,13,28,41,50,65,68,69,70,82,65,33,18,13,19,13,14,15
69,竹山,4,懸浮微粒,PM10,μg/m3,2002-08-16,48,51,56,53,54,59,56,59,55,50,41,38,49,43,40,36,53,85,72,70,64,80,82,82
69,竹山,5,氮氧化物,NOx,ppb,2002-08-16,11,12,12,x,10,11,16,15,11,4.7,9.5,15,8.6,7,5.4,6.9,11,14,25,23,19,17,12,9.1
69,竹山,6,一氧化氮,NO,ppb,2002-08-16,0.1,0.1,0.3,x,1.2,1.3,3.7,3.7,2,0.3,0.5,1,0.7,0.5,0.4,0.4,0.7,1.3,0.8,0.8,0.7,0.8,0.7,1.1
69,竹山,7,二氧化氮,NO2,ppb,2002-08-16,11,12,12,x,9,9.9,13,11,9.2,4.4,9,14,7.9,6.6,5,6.5,11,13,24,22,18,16,12,8
69,竹山,10,風速,WIND_SPEED,m/sec,2002-08-16,0,0,0,0,0.3,0.1,0,0.2,0.6,0.6,1,1.3,1.6,1,0.9,1.4,2.8,1.1,0.3,0,0.1,0.2,0.4,0.6
69,竹山,11,風向,WIND_DIREC,degrees,2002-08-16,323,999,888,313,231,360,273,259,240,240,283,248,302,304,330,313,888,56,15,357,888,3,213,218
69,竹山,14,溫度,AMB_TEMP,℃,2002-08-16,25.2,25,25,24.7,24.5,24.4,25.3,27.2,29.3,30.8,31.4,32.1,32.6,32.8,33.3,33.1,29.2,24.9,25.7,25.9,26.5,26.1,26.2,26.1
70,永和,1,二氧化硫,SO2,ppb,2002-08-16,0.2,0.4,0.4,0.4,0.5,1.7,0.4,1.1,2.1,1.7,x,x,0.9,x,1.3,2.8,1.9,1.5,1.5,1.5,1.2,1.1,0.8,0.7
70,永和,2,一氧化碳,CO,ppm,2002-08-16,0.28,0.31,0.37,0.46,0.56,0.62,0.81,1.6,1.56,1.04,x,x,0.63,x,0.87,1.26,0.98,0.97,1.39,1.26,0.87,0.92,0.71,0.79
70,永和,3,臭氧,O3,ppb,2002-08-16,2,1.1,0.8,0.5,0.2,0,x,1.9,3.4,6.4,x,x,17,18,18,37,13,8.8,5.4,3.7,4.2,3.8,5.1,3.7
70,永和,4,懸浮微粒,PM10,μg/m3,2002-08-16,12,25,14,24,21,25,25,22,22,39,x,x,x,x,x,x,55,41,26,16,28,20,12,11
70,永和,5,氮氧化物,NOx,ppb,2002-08-16,7.6,8.5,9.2,x,12,15,26,48,41,36,x,x,12,16,x,31,22,17,23,27,19,21,14,18
70,永和,6,一氧化氮,NO,ppb,2002-08-16,2.5,2.5,3.1,x,6.5,9,18,40,32,24,x,x,5.3,6.9,x,7.3,6,6.7,12,16,10,13,7.3,9.5
70,永和,7,二氧化氮,NO2,ppb,2002-08-16,5.2,5.9,6.1,x,5,6.4,8,8.7,9,11,x,x,7,9.3,x,24,16,10,11,11,8.6,7.9,7.1,8.3
70,永和,8,總碳氫化合物,THC,ppm,2002-08-16,1.8,1.9,1.9,x,2.1,2.1,2.2,2.4,2.4,2.3,x,x,x,x,x,2.4,2.3,2.2,2.4,2.3,2.2,2.4,2.1,2.2
70,永和,9,非甲烷碳氫化合物,NMHC,ppm,2002-08-16,0.08,0.09,0.17,x,0.24,0.21,0.26,0.63,0.66,0.51,x,x,x,x,x,0.48,0.45,0.41,0.6,0.49,0.29,0.4,0.22,0.3
70,永和,10,風速,WIND_SPEED,m/sec,2002-08-16,2.4,1.6,1.4,1,0.7,1,1.2,1.7,1.9,2.4,2.6,2.7,2.8,2.5,2,1.6,1.8,1.7,1.8,2,1.9,2.3,2.5,1.5
70,永和,11,風向,WIND_DIREC,degrees,2002-08-16,92,88,83,83,87,84,87,81,80,75,83,89,89,88,92,105,91,83,83,81,87,81,87,84
70,永和,14,溫度,AMB_TEMP,℃,2002-08-16,29.7,29.6,29.7,29.6,29.3,28.9,29.9,31.3,32.5,34.1,35.1,35.1,35.4,35.3,35.4,34.4,32.8,31.8,31.1,30.7,30.3,30.1,29.9,30
70,永和,31,甲烷,CH4,ppm,2002-08-16,1.8,1.8,1.8,x,1.8,1.9,1.9,1.8,1.8,1.8,x,x,x,2,x,2,1.9,1.8,1.8,1.9,1.9,2,1.8,1.9
71,復興,1,二氧化硫,SO2,ppb,2002-08-16,0.6,0.3,0.3,0.5,0.7,0.8,1.2,1.8,2.4,2.1,1.6,1.2,1.1,0.7,0.6,0.6,0.6,0.8,0.9,1,0.9,0.9,0.8,0.6
71,復興,2,一氧化碳,CO,ppm,2002-08-16,0.26,0.23,0.22,0.4,0.42,0.44,0.6,0.92,1.46,1.03,0.71,0.62,0.51,0.38,0.39,0.39,0.41,0.59,0.81,0.74,0.73,0.67,0.45,0.36
71,復興,4,懸浮微粒,PM10,μg/m3,2002-08-16,59,50,40,37,40,39,48,45,64,97,110,110,94,73,54,37,37,26,28,28,28,31,24,18
71,復興,5,氮氧化物,NOx,ppb,2002-08-16,17,9.9,8.9,12,x,11,14,21,38,33,23,22,20,15,17,16,19,23,24,22,23,21,18,18
71,復興,6,一氧化氮,NO,ppb,2002-08-16,0,0,0,0,x,0,0.3,1,2.3,0,0,0,0,0,0,0,0.2,1.4,1,0.2,0.9,0,0,0
71,復興,7,二氧化氮,NO2,ppb,2002-08-16,17,9.9,8.9,12,x,11,14,20,36,33,23,22,20,15,17,16,19,22,23,22,22,21,18,18
71,復興,8,總碳氫化合物,THC,ppm,2002-08-16,2.1,2,x,3.5,2.6,x,2.4,2.9,3,2.7,2.3,2.1,2,2.2,2,2.1,2.1,2.1,2.2,2.2,2.3,2.2,2.1,2.1
71,復興,9,非甲烷碳氫化合物,NMHC,ppm,2002-08-16,0.1,0.05,x,1.02,0.28,x,0.17,0.59,0.75,0.33,0.09,0.09,0.07,0.1,0.05,0.13,0.11,0.13,0.23,0.2,0.31,0.09,0.09,0.04
71,復興,14,溫度,AMB_TEMP,℃,2002-08-16,28.9,28.8,28.8,28.6,28.5,28.4,28.4,29.4,30.5,30.2,30.6,31.6,31.9,32.3,32.4,31.6,30.7,30.4,30,29.7,29.8,29.7,29.3,29
71,復興,31,甲烷,CH4,ppm,2002-08-16,2,2,x,2.4,2.3,x,2.2,2.3,2.3,2.4,2.2,2.1,2,2.1,2,2,2,2,1.9,2,2,2.1,2,2.1
72,埔里,1,二氧化硫,SO2,ppb,2002-08-16,1.3,x,1.3,1.4,1.8,1.9,1.8,1.9,1.8,1.6,,1.8,1.9,1.8,1.9,2.3,2.1,2.4,3.3,2.1,2.4,2.4,1.8,1.9
72,埔里,2,一氧化碳,CO,ppm,2002-08-16,0.64,0.64,x,0.48,0.43,0.49,0.56,0.71,0.72,0.66,,0.42,x,0.34,0.45,0.59,0.7,0.72,0.7,0.63,0.99,1.07,0.87,0.71
72,埔里,3,臭氧,O3,ppb,2002-08-16,15,13,12,11,8.6,6.7,x,14,19,41,,50,x,x,x,x,108,92,40,41,30,24,19,15
72,埔里,4,懸浮微粒,PM10,μg/m3,2002-08-16,65,60,53,53,53,54,52,48,53,60,,33,x,57,61,60,70,87,121,113,138,129,120,97
72,埔里,5,氮氧化物,NOx,ppb,2002-08-16,8.2,7.3,6.3,5.6,x,9.1,9.2,26,13,8.5,,5.9,x,x,x,x,13,21,39,20,20,18,18,14
72,埔里,6,一氧化氮,NO,ppb,2002-08-16,0.1,0.6,0.1,0.4,x,1.5,2.5,10,3.5,0.3,,0.1,x,x,x,x,0,0,0,0.1,1.1,1.3,0.7,1.4
72,埔里,7,二氧化氮,NO2,ppb,2002-08-16,11,9.1,8.5,7.5,x,9.1,8.4,16,11,9.7,,7.7,x,x,x,x,12,21,39,20,19,16,17,12
72,埔里,8,總碳氫化合物,THC,ppm,2002-08-16,2.5,2.3,2.4,x,2.5,2.4,2.4,2.3,2.2,2.2,,x,x,x,x,2,2.2,2.1,2.3,2.3,2.5,2.5,2.5,2.5
72,埔里,9,非甲烷碳氫化合物,NMHC,ppm,2002-08-16,0.08,0.14,0.04,x,0.03,0.05,0.11,0.15,0.12,0.14,,x,x,x,x,0.09,0.23,0.23,0.3,0.18,0.29,0.37,0.31,0.18
72,埔里,10,風速,WIND_SPEED,m/sec,2002-08-16,0.5,0.3,0.4,0.4,0.1,0.4,0.4,0.4,0.4,0.9,,2.7,3.5,2.5,2.3,2.8,1.6,1.7,0.9,0.6,0.4,0,0.9,0.3
72,埔里,11,風向,WIND_DIREC,degrees,2002-08-16,196,228,191,92,229,88,188,105,93,78,,241,234,257,254,265,267,267,212,186,90,14,194,104
72,埔里,14,溫度,AMB_TEMP,℃,2002-08-16,23.3,22.9,22.6,22.2,22,21.7,22.4,24.5,26.7,29.5,,31.6,32.5,32.8,33,32.2,31.1,29.9,28.2,26,25.6,25.4,25.2,25
72,埔里,31,甲烷,CH4,ppm,2002-08-16,2.4,2.2,2.4,x,2.5,2.3,2.2,2.2,2.1,2.1,,x,x,x,x,1.9,1.9,1.9,2,2.1,2.2,2.1,2.2,2.4
75,馬祖,1,二氧化硫,SO2,ppb,2002-08-16,0.1,0.2,0.2,0.1,0.1,0.1,0.3,0.1,0.8,0.2,0.1,0.2,0.2,0.1,0.1,0.1,0.1,0.1,0.1,0.1,0.2,0.1,0.1,0.2
75,馬祖,2,一氧化碳,CO,ppm,2002-08-16,0.15,0.07,0.07,0.08,0.07,0.08,0.08,0.08,0.09,0.08,0.08,0.08,0.08,0.08,0.08,0.08,0.08,0.08,0.08,0.08,0.09,0.09,0.09,0.09
75,馬祖,3,臭氧,O3,ppb,2002-08-16,7.7,6.5,7.2,7.2,7.3,7,x,7.6,8.4,10,12,15,18,18,17,16,17,17,16,13,14,13,11,9.5
75,馬祖,4,懸浮微粒,PM10,μg/m3,2002-08-16,13,17,19,16,12,11,11,9,7,8,10,11,16,18,12,10,12,14,16,19,16,13,13,13
75,馬祖,5,氮氧化物,NOx,ppb,2002-08-16,2.2,2.3,2.5,x,1.7,2.1,2.6,2.3,3.3,2.3,2,2.1,1.9,1.5,1.7,1.6,1.4,1.2,1.4,1.7,1.9,2,2.2,2.5
75,馬祖,6,一氧化氮,NO,ppb,2002-08-16,0.8,0.8,1,x,0.7,1,1.4,1.2,1.9,1,0.7,0.6,0.4,0.2,0.3,0.3,0.2,0.1,0.2,0.3,0.4,0.4,0.5,0.7
75,馬祖,7,二氧化氮,NO2,ppb,2002-08-16,1.4,1.6,1.5,x,1,1.2,1.2,1.1,1.4,1.4,1.3,1.6,1.5,1.3,1.4,1.3,1.2,1.1,1.2,1.4,1.5,1.6,1.7,1.8
75,馬祖,10,風速,WIND_SPEED,m/sec,2002-08-16,4.5,5.3,4.8,4.7,4.9,4.4,4.5,5.5,4.8,5.4,5,4.9,5.2,6.8,6.6,7.5,7.2,7.4,6.6,5.7,5.2,4.8,4,3.8
75,馬祖,11,風向,WIND_DIREC,degrees,2002-08-16,45,45,47,45,44,45,47,44,43,43,41,42,43,41,44,45,45,45,48,45,44,44,44,44
75,馬祖,14,溫度,AMB_TEMP,℃,2002-08-16,26.9,26.8,26.8,26.8,26.8,26.8,26.8,27.5,27.7,27.8,28.3,28.9,28.7,28.7,28.6,28.3,28.2,27.7,27.2,27.2,27.2,27.1,27,26.8
75,馬祖,21,酸雨,PH_RAIN,pH,2002-08-16,0,0,0,0,0,0,0,0,0,0,0,0,0,0,0,0,0,0,0,0,0,0,0,0
75,馬祖,22,導電度,RAIN_COND,μmho/cm,2002-08-16,0,0,0,0,0,0,0,0,0,0,0,0,0,0,0,0,0,0,0,0,0,0,0,0
75,馬祖,32,降雨強度,RAIN_INT,㎜,2002-08-16,0,0,0,0,0,0,0,0,0,0,0,0,0,0,0,0,0,0,0,0,0,0,0,0
77,金門,1,二氧化硫,SO2,ppb,2002-08-16,0.3,0.4,2.5,4.6,7.4,x,8,8.8,19,16,14,9.7,6.3,3.3,1.7,0.9,0.6,0.2,0.5,1,0.8,0.5,0.6,1.4
77,金門,2,一氧化碳,CO,ppm,2002-08-16,0.17,0.14,0.21,0.24,0.34,0.34,0.29,0.28,0.42,0.41,0.41,0.41,0.27,0.18,0.16,0.15,0.17,0.17,0.21,0.2,0.17,0.13,0.1,0.06
77,金門,3,臭氧,O3,ppb,2002-08-16,25,20,15,11,9.9,13,x,29,36,43,59,73,68,56,55,52,50,49,50,52,55,37,29,15
77,金門,4,懸浮微粒,PM10,μg/m3,2002-08-16,x,x,x,x,x,x,x,x,x,x,x,x,x,x,x,26,13,14,25,37,38,51,51,31
77,金門,5,氮氧化物,NOx,ppb,2002-08-16,3.3,4.3,6,x,13,10,6.6,5.8,13,14,10,7.4,4.8,2.7,2.7,2.5,3.1,3.7,4,5.1,4.4,4.8,3.2,2.3
77,金門,6,一氧化氮,NO,ppb,2002-08-16,0,0,0,x,0.1,0,0.1,0.1,0.8,1.2,0.4,0,0.1,0,0,0,0,0.2,0,0,0,0,0,0
77,金門,7,二氧化氮,NO2,ppb,2002-08-16,3.3,4.3,5.9,x,12,10,6.5,5.8,13,13,10,7.4,4.8,2.6,2.6,2.5,3.1,3.6,4,5.1,4.4,4.8,3.2,2.3
77,金門,8,總碳氫化合物,THC,ppm,2002-08-16,1.9,x,2.2,2.3,2.4,2.3,2.2,2.1,2.3,2.2,2.1,2.2,2,1.9,1.9,2,2,2,2,2,1.9,1.9,1.9,1.9
77,金門,9,非甲烷碳氫化合物,NMHC,ppm,2002-08-16,0,x,0.08,0.11,0.16,0.16,0.2,0.11,0.27,0.07,0.07,0.14,0.07,0.04,0.03,0.04,0.02,0.02,0.03,0.04,0.03,0.03,0.06,0.04
77,金門,10,風速,WIND_SPEED,m/sec,2002-08-16,0.6,0.7,0.5,0.9,0.8,1.1,1.4,1,1.3,2,2.2,2.3,2.5,2.6,3.1,2.7,2.2,1.5,1.2,0.9,0.8,2.1,2.2,2.3
77,金門,11,風向,WIND_DIREC,degrees,2002-08-16,352,31,41,53,61,71,60,44,1,290,276,145,135,133,129,124,135,144,138,108,42,60,60,52
77,金門,14,溫度,AMB_TEMP,℃,2002-08-16,28.2,27.9,27.8,27.5,27.2,27,27.3,28.2,29.2,29.8,29.8,30.6,31,31.1,30.9,30.8,30,29.5,29.2,29.1,29,28.6,28.3,28.3
77,金門,31,甲烷,CH4,ppm,2002-08-16,1.9,x,2.1,2.2,2.2,2.2,2,2,2,2.1,2,2,1.9,1.9,1.9,2,2,1.9,1.9,2,1.9,1.9,1.8,1.9
