SiteId,SiteName,ItemId,ItemName,ItemEngName,ItemUnit,MonitorDate,MonitorValue00,MonitorValue01,MonitorValue02,MonitorValue03,MonitorValue04,MonitorValue05,MonitorValue06,MonitorValue07,MonitorValue08,MonitorValue09,MonitorValue10,MonitorValue11,MonitorValue12,MonitorValue13,MonitorValue14,MonitorValue15,MonitorValue16,MonitorValue17,MonitorValue18,MonitorValue19,MonitorValue20,MonitorValue21,MonitorValue22,MonitorValue23
1,基隆,1,二氧化硫,SO2,ppb,1998-11-03,0.1,0.2,0.2,0.3,1.2,1.5,1.9,1.3,1.6,3.7,3.5,2.9,3.5,8.4,1.3,1,2.2,4.8,18,3.9,3.2,2.7,4.3,4.8
1,基隆,2,一氧化碳,CO,ppm,1998-11-03,0.5,0.5,0.4,0.4,0.4,0.4,0.6,1,1.1,0.7,0.8,0.8,0.8,0.8,0.8,0.8,1.1,1.1,2,1,1,0.7,1,0.6
1,基隆,3,臭氧,O3,ppb,1998-11-03,47,46,49,47,42,40,x,28,31,32,29,29,29,25,30,30,24,20,7.5,20,17,23,16,26
1,基隆,4,懸浮微粒,PM10,μg/m3,1998-11-03,65,63,50,45,38,28,47,25,38,44,33,47,44,44,52,48,53,43,70,43,33,39,21,29
1,基隆,5,氮氧化物,NOx,ppb,1998-11-03,12,9.7,7.7,x,9.1,8.3,17,28,27,25,31,32,32,36,26,26,34,40,108,34,38,28,37,20
1,基隆,6,一氧化氮,NO,ppb,1998-11-03,0.9,0.4,0.3,x,0.2,0.3,1.5,3.5,3.3,3.2,4.3,5.6,7.2,7.6,3.9,4.3,5.7,7.6,62,5.4,6.6,4,7,1
1,基隆,7,二氧化氮,NO2,ppb,1998-11-03,11,9.3,7.4,x,8.9,8,16,24,24,22,26,27,25,28,22,22,29,32,46,29,31,24,30,19
1,基隆,8,總碳氫化合物,THC,ppm,1998-11-03,x,x,x,x,x,x,x,x,x,x,x,x,x,x,x,x,x,x,x,x,x,x,x,x
1,基隆,9,非甲烷碳氫化合物,NMHC,ppm,1998-11-03,x,x,x,x,x,x,x,x,x,x,x,x,x,x,x,x,x,x,x,x,x,x,x,x
1,基隆,10,風速,WIND_SPEED,m/sec,1998-11-03,0.8,0.6,0.5,0.3,0.2,0.3,0.5,0.4,0.2,1.2,1,0.8,1.3,1,0.6,0.7,0.4,0.2,x,0.4,0.2,0.6,0.3,0.4
1,基隆,11,風向,WIND_DIREC,degrees,1998-11-03,115,116,116,121,128,133,122,148,155,120,123,118,113,117,150,130,137,152,190,888,888,888,888,124
1,基隆,14,溫度,AMB_TEMP,℃,1998-11-03,23,23.1,23.1,22.9,22.6,22.5,22.5,22.4,22.3,22.6,22.8,24.1,25.3,25.1,24,24.2,23.9,23.3,23.2,23.7,23.7,23.6,23.7,23.8
1,基隆,31,甲烷,CH4,ppm,1998-11-03,x,x,x,x,x,x,x,x,x,x,x,x,x,x,x,x,x,x,x,x,x,x,x,x
2,汐止,1,二氧化硫,SO2,ppb,1998-11-03,0.9,1.3,1.2,3.4,7.8,4.4,6.8,8.6,8.8,4.1,5,3.2,4.6,4.1,7.2,2.9,4.2,5.9,5.6,7.8,8.2,4,1,0.5
2,汐止,2,一氧化碳,CO,ppm,1998-11-03,0.5,0.5,0.4,0.4,0.4,0.4,0.7,1.7,1.6,1.1,1,0.9,0.8,0.7,0.9,0.9,1,1.5,1.6,1.8,1.8,1.3,1,0.7
2,汐止,3,臭氧,O3,ppb,1998-11-03,33,27,30,28,27,23,x,4.7,8.3,13,16,20,21,19,13,16,12,9.4,6.8,2.8,2.7,4.8,8.7,11
2,汐止,4,懸浮微粒,PM10,μg/m3,1998-11-03,58,46,51,46,50,55,43,43,42,57,61,57,57,65,63,71,54,72,97,98,86,78,49,30
2,汐止,5,氮氧化物,NOx,ppb,1998-11-03,15,20,13,x,15,21,45,85,92,67,58,47,38,39,55,46,55,73,75,110,107,72,42,33
2,汐止,6,一氧化氮,NO,ppb,1998-11-03,0.5,0.7,0.2,x,0.5,1.3,9.8,36,45,22,18,13,8,9.1,18,13,17,27,28,61,61,34,11,5.9
2,汐止,7,二氧化氮,NO2,ppb,1998-11-03,14,19,13,x,15,19,35,48,47,45,40,34,30,30,37,34,38,47,47,48,46,38,31,27
2,汐止,10,風速,WIND_SPEED,m/sec,1998-11-03,2.4,1.4,1.3,1.7,1.8,1.4,0.9,0.7,1.3,1.2,0.9,1.4,1.6,1.7,1.9,1.8,1.6,1.3,0.7,0.9,0.4,1,1.2,0.8
2,汐止,11,風向,WIND_DIREC,degrees,1998-11-03,87,87,85,89,88,87,75,84,84,71,71,76,70,68,69,70,76,82,85,85,86,79,90,88
2,汐止,14,溫度,AMB_TEMP,℃,1998-11-03,22.5,22.2,22.1,22.3,22.2,22.1,21.8,22,22.4,22.8,23.4,24.9,25,24.9,24.7,24.2,24,23.6,23.3,23.3,23.6,23.3,23.1,23.2
3,萬里,1,二氧化硫,SO2,ppb,1998-11-03,1.3,1.2,1.2,1.8,0.8,0.3,0.6,0.6,0.3,0.6,0.7,0.6,0.2,0.2,0.2,0.4,0.2,0.1,0.2,0.1,0.8,0.2,0.1,0.3
3,萬里,2,一氧化碳,CO,ppm,1998-11-03,0.2,0.1,0.1,0.1,0.1,0.1,0.1,0.2,0.2,0.2,0.2,0.1,0.1,0.2,0.1,0.2,0.1,0.1,0.1,0.1,0.3,0.2,0.2,0.1
3,萬里,3,臭氧,O3,ppb,1998-11-03,53,54,54,51,54,54,x,50,53,48,42,52,53,50,47,45,49,45,46,46,38,42,42,43
3,萬里,4,懸浮微粒,PM10,μg/m3,1998-11-03,54,58,70,94,75,63,48,33,27,33,34,25,28,34,46,45,35,34,15,22,18,22,36,32
3,萬里,5,氮氧化物,NOx,ppb,1998-11-03,3.1,2.7,2.9,x,1.5,1.4,2.1,5.1,3.5,7.5,12,3.9,1.5,4.2,5.4,7,2.8,6.3,4.7,4.1,12,7,6.6,4.1
3,萬里,6,一氧化氮,NO,ppb,1998-11-03,0,0,0,x,0.1,0.1,0.1,0.6,0.4,0.7,0.9,0.2,0.1,0.3,0.3,0.6,0.2,0.6,0.4,0.2,1.1,0.4,0.4,0
3,萬里,7,二氧化氮,NO2,ppb,1998-11-03,3.1,2.7,2.8,x,1.4,1.3,2,4.5,3.2,6.9,11,3.7,1.4,4,5.1,6.4,2.5,5.7,4.3,3.9,11,6.6,6.2,4.1
3,萬里,8,總碳氫化合物,THC,ppm,1998-11-03,2.1,2.1,x,1.9,1.9,x,1.9,2,2,2,2.1,2,2,2,1.9,2,2,2,1.9,2,1.9,2,1.9,1.9
3,萬里,9,非甲烷碳氫化合物,NMHC,ppm,1998-11-03,0,0,x,0,0,x,0,0,0,0,0,0,0,0,0,0,0,0,0,0,0,0,0,0
3,萬里,10,風速,WIND_SPEED,m/sec,1998-11-03,3.3,2.9,3.2,3.5,3.9,4,4.5,4.4,3.8,4,2.9,3.8,4,2.6,1.1,2,3.6,1.2,2.3,1.3,1.2,1.6,1,0.7
3,萬里,11,風向,WIND_DIREC,degrees,1998-11-03,49,48,43,43,49,48,38,51,49,57,888,39,51,33,888,180,888,888,888,28,357,1,888,59
3,萬里,14,溫度,AMB_TEMP,℃,1998-11-03,23.1,23.1,23.2,23.3,23.4,23.4,23.5,23.4,23.6,23.1,22.8,22.9,23.4,23.3,23.1,23,23.1,23.1,23.3,23.4,23.3,23.3,23.6,23.9
3,萬里,21,酸雨,PH_RAIN,pH,1998-11-03,0,0,0,0,0,0,0,0,0,4.4,4.2,4.3,4.3,4.3,4.4,4.4,4.4,4.4,4.5,4.6,0,4.7,4.6,4.7
3,萬里,22,導電度,RAIN_COND,μmho/cm,1998-11-03,0,0,0,0,0,0,0,0,0,213,123,79,104,120,93,108,143,116,72,57,0,30,33,59
3,萬里,31,甲烷,CH4,ppm,1998-11-03,2.1,2.1,x,1.9,1.9,x,1.9,2,2,2,2.1,2,2,2,1.9,2,2,2,1.9,2,1.9,2,1.9,1.9
3,萬里,32,降雨強度,RAIN_INT,㎜,1998-11-03,0,0,0,0,0,0,0,0,0,1,3,1.5,0.5,1.5,2.5,2.5,2,2.5,4.5,6.5,0,27,10,1
4,新店,1,二氧化硫,SO2,ppb,1998-11-03,0.2,0.3,0.2,0.1,0.3,0.4,0.9,1.2,1.2,2.9,1.5,1.2,0.7,0.7,0.7,0.9,0.9,1.2,1,0.8,1,1.7,0.6,0.6
4,新店,2,一氧化碳,CO,ppm,1998-11-03,0.3,0.3,0.3,0.3,0.3,0.3,0.5,0.9,0.8,0.6,0.5,0.5,0.5,0.4,0.4,0.5,0.6,0.9,1,1,0.8,1,0.7,0.5
4,新店,3,臭氧,O3,ppb,1998-11-03,48,46,46,47,46,44,x,17,28,31,30,35,38,35,33,28,25,17,12,9.5,12,7.5,17,25
4,新店,4,懸浮微粒,PM10,μg/m3,1998-11-03,33,34,29,40,36,36,33,34,26,25,27,29,28,38,30,26,24,30,34,32,32,32,35,32
4,新店,5,氮氧化物,NOx,ppb,1998-11-03,5.2,5.6,5.8,x,3.3,5.2,17,34,27,23,23,16,14,13,15,19,21,29,36,35,30,37,22,14
4,新店,6,一氧化氮,NO,ppb,1998-11-03,0.1,0.1,0.1,x,0.1,0.1,0.8,4.4,5.6,4.5,4.3,3.7,3.6,3.3,3.7,3.6,2.2,2.9,4.4,3.5,1.5,4.1,0.9,0.3
4,新店,7,二氧化氮,NO2,ppb,1998-11-03,5.2,5.5,5.7,x,3.2,5.1,17,30,21,19,18,13,10,10,11,15,19,26,31,31,28,33,21,13
4,新店,10,風速,WIND_SPEED,m/sec,1998-11-03,1.7,1.4,1.5,2.4,2.5,1.9,1.3,1.5,1.6,2.4,1.9,2.4,2.9,3.7,3.4,2.4,2.2,1.7,1.8,1,1.3,0.7,1.3,1.3
4,新店,11,風向,WIND_DIREC,degrees,1998-11-03,102,94,98,83,92,82,57,69,77,54,67,79,89,89,88,103,94,102,86,67,81,59,77,85
4,新店,14,溫度,AMB_TEMP,℃,1998-11-03,23.4,23.3,23.3,23.1,23.3,23.3,23.3,23.5,25.4,25.7,26,27.9,27.7,26.4,26.8,26.8,26.3,25.8,25.1,25.1,24.8,24.7,25,24.7
5,土城,1,二氧化硫,SO2,ppb,1998-11-03,0.3,0.4,0.2,0.4,0.8,3.3,2.9,3.8,4.2,3.1,3,2.3,2.6,1,0.3,0.3,2.6,2.4,3.8,3.6,3.5,5,2.4,1.5
5,土城,2,一氧化碳,CO,ppm,1998-11-03,0.5,0.5,0.4,0.4,0.4,0.4,0.6,1.1,1.1,0.9,0.8,0.7,0.6,0.5,0.6,0.6,1,1.2,1.2,1.4,1.1,1.1,1.2,0.9
5,土城,3,臭氧,O3,ppb,1998-11-03,37,37,37,36,35,31,x,20,26,32,33,36,30,31,32,27,15,9.3,6.3,2.8,7.3,6.8,7.2,12
5,土城,4,懸浮微粒,PM10,μg/m3,1998-11-03,41,40,45,40,32,39,39,36,36,22,28,x,x,x,97,52,30,32,32,40,39,25,19,18
5,土城,5,氮氧化物,NOx,ppb,1998-11-03,9.8,8.7,7.3,x,8.2,12,18,29,32,29,27,23,20,16,15,18,34,37,40,46,36,37,35,25
5,土城,6,一氧化氮,NO,ppb,1998-11-03,0.2,0.1,0.2,x,0.1,0.2,0.7,1.9,6.1,5.5,6,4.9,3.5,4.6,4.5,3.9,4.4,2.8,3.3,6,1.4,1.1,0.9,0.7
5,土城,7,二氧化氮,NO2,ppb,1998-11-03,9.6,8.5,7.1,x,8.2,12,17,27,26,24,21,18,17,12,10,14,30,34,36,40,35,36,34,24
5,土城,14,溫度,AMB_TEMP,℃,1998-11-03,23.7,23.6,23.3,23.3,23.3,23.4,23.7,23.9,26.6,27,28.2,29.4,29.1,30.1,30.3,29.3,26.9,26,25.3,25.2,25.2,25.1,25.1,25.2
6,板橋,1,二氧化硫,SO2,ppb,1998-11-03,4.2,1.8,1.3,2.1,2.4,2.7,3.3,3.9,5,3.9,x,x,3,2.5,x,x,4.1,5.8,6.9,5.8,5.9,5.6,2.9,1.6
6,板橋,2,一氧化碳,CO,ppm,1998-11-03,0.5,0.4,0.4,0.4,0.3,0.4,0.5,1.2,1.1,0.8,x,x,x,x,x,x,1,1.4,1.4,1.5,1.3,1.4,1.3,0.8
6,板橋,3,臭氧,O3,ppb,1998-11-03,31,31,32,33,32,27,x,12,17,23,x,x,x,x,x,x,11,4.1,2.4,1.7,1.5,1.6,4.4,11
6,板橋,4,懸浮微粒,PM10,μg/m3,1998-11-03,x,x,x,x,x,x,x,x,x,x,x,x,x,x,x,x,x,126,104,73,37,16,17,17
6,板橋,5,氮氧化物,NOx,ppb,1998-11-03,16,14,12,x,13,17,29,48,50,39,x,31,29,33,x,x,47,63,63,66,61,63,49,30
6,板橋,6,一氧化氮,NO,ppb,1998-11-03,0.6,0.4,0.4,x,0.2,0.8,3.8,10,13,8.7,x,7.2,6,8.3,x,x,11,20,18,22,18,20,11,3.5
6,板橋,7,二氧化氮,NO2,ppb,1998-11-03,16,14,12,x,12,17,25,38,37,30,x,24,23,24,x,x,36,44,44,43,43,43,38,27
6,板橋,8,總碳氫化合物,THC,ppm,1998-11-03,1.9,1.9,1.8,1.9,1.8,1.7,1.8,2.2,2.1,1.9,x,1.9,1.9,x,x,x,2.4,2.6,2.6,2.6,2.5,2.6,2.5,2.1
6,板橋,9,非甲烷碳氫化合物,NMHC,ppm,1998-11-03,0.1,0.1,0,0.1,0.1,0.2,0.3,0.5,0.5,0.4,x,0.3,0.3,x,x,x,0.5,0.7,0.8,0.7,0.6,0.7,0.7,0.3
6,板橋,14,溫度,AMB_TEMP,℃,1998-11-03,23.7,23.5,23.4,23.5,23.6,23.6,23.7,23.7,24.8,25.7,26.6,27.6,27.8,27.9,x,27,26,25.6,25,25.1,25.1,25.1,25,25.1
6,板橋,21,酸雨,PH_RAIN,pH,1998-11-03,0,0,0,0,0,0,0,0,0,0,0,0,0,0,0,0,0,0,0,0,0,0,0,0
6,板橋,22,導電度,RAIN_COND,μmho/cm,1998-11-03,0,0,0,0,0,0,0,0,0,0,0,0,0,0,0,0,0,0,0,0,0,0,0,0
6,板橋,31,甲烷,CH4,ppm,1998-11-03,1.7,1.7,1.8,1.8,1.7,1.6,1.5,1.6,1.7,1.5,x,1.5,1.6,x,x,x,1.9,1.9,1.8,1.9,1.9,1.9,1.8,1.8
6,板橋,32,降雨強度,RAIN_INT,㎜,1998-11-03,0,0,0,0,0,0,0,0,0,0,0,0,0,0,0,0,0,0,0,0,0,0,0,0
7,新莊,1,二氧化硫,SO2,ppb,1998-11-03,1.8,1.2,1,2.1,2.9,3.7,4,3.3,4.4,5.2,5.4,3.3,3.7,3.5,4.1,5.2,8.2,8.3,7.9,6.3,6.7,4.5,2.5,2.6
7,新莊,2,一氧化碳,CO,ppm,1998-11-03,0.4,0.4,0.4,0.4,0.4,0.4,0.4,0.8,0.9,0.6,0.6,0.5,0.5,0.5,0.5,0.6,0.7,1,1.1,1.1,0.9,1,0.9,0.6
7,新莊,3,臭氧,O3,ppb,1998-11-03,39,44,41,38,36,35,x,23,31,35,37,42,40,38,34,25,16,9.1,8.4,6.3,8.9,11,13,19
7,新莊,4,懸浮微粒,PM10,μg/m3,1998-11-03,29,29,29,34,32,32,25,24,27,34,46,51,35,37,37,41,41,48,42,46,39,37,37,30
7,新莊,5,氮氧化物,NOx,ppb,1998-11-03,15,9.9,11,x,13,14,19,31,28,27,26,19,19,19,24,30,38,43,44,45,38,35,30,22
7,新莊,6,一氧化氮,NO,ppb,1998-11-03,0.1,0.1,0.1,x,0,0,0.1,1.3,3.8,4.7,5.2,2.9,2.2,2.6,3.6,3.9,4.4,3.9,3.8,4.9,2.4,0.9,0.9,0
7,新莊,7,二氧化氮,NO2,ppb,1998-11-03,15,9.8,10,x,13,14,19,29,25,22,20,16,16,16,20,27,33,39,40,40,36,34,30,22
7,新莊,8,總碳氫化合物,THC,ppm,1998-11-03,x,x,x,x,x,x,x,x,x,x,x,x,x,x,x,x,x,x,x,x,x,x,x,x
7,新莊,9,非甲烷碳氫化合物,NMHC,ppm,1998-11-03,x,x,x,x,x,x,x,x,x,x,x,x,x,x,x,x,x,x,x,x,x,x,x,x
7,新莊,10,風速,WIND_SPEED,m/sec,1998-11-03,2.9,2.6,2.5,2.6,2.6,2.9,3.2,3.3,4.8,5.3,5.6,5.1,5.2,5.1,5,4.9,4.1,3.8,3.4,3,2.9,2.6,3.1,2.7
7,新莊,11,風向,WIND_DIREC,degrees,1998-11-03,81,79,78,78,79,75,74,77,74,75,76,72,73,76,75,74,71,72,72,72,74,73,75,69
7,新莊,14,溫度,AMB_TEMP,℃,1998-11-03,23.7,23.5,23.3,23.4,23.6,23.7,23.9,24.1,25,26.3,27,27.8,27.9,27.9,27.7,26.7,26,25.7,25.5,25.6,25.6,25.5,25.5,25.3
7,新莊,31,甲烷,CH4,ppm,1998-11-03,x,x,x,x,x,x,x,x,x,x,x,x,x,x,x,x,x,x,x,x,x,x,x,x
8,菜寮,1,二氧化硫,SO2,ppb,1998-11-03,0.8,1.3,1.1,0.9,1.3,2.1,1.2,1.9,2,2.9,4.7,2.6,3.1,3.9,5.3,7.3,8.6,6,5.9,4.5,5,3.5,2,2.6
8,菜寮,2,一氧化碳,CO,ppm,1998-11-03,0.6,0.6,0.5,0.4,0.4,0.4,0.5,1,1,0.8,0.7,0.6,0.6,0.6,0.6,0.6,0.8,0.9,1.2,1,1,1,0.8,0.6
8,菜寮,3,臭氧,O3,ppb,1998-11-03,35,32,33,35,34,31,27,20,26,30,29,34,34,30,25,17,9.1,8.9,3.8,5.2,6.3,8.7,13,13
8,菜寮,4,懸浮微粒,PM10,μg/m3,1998-11-03,37,42,42,34,34,27,28,32,51,31,26,35,27,51,66,53,61,45,20,38,30,23,16,36
8,菜寮,5,氮氧化物,NOx,ppb,1998-11-03,14,16,14,x,11,14,19,29,26,26,28,20,16,19,25,33,43,39,49,42,40,35,25,24
8,菜寮,6,一氧化氮,NO,ppb,1998-11-03,0.1,0.1,0,x,0,0.1,0.2,2.1,2.6,5,6.3,3.4,2.6,2.8,4.3,5.7,7.4,4,7.5,4.8,3.8,1.3,0.5,0.2
8,菜寮,7,二氧化氮,NO2,ppb,1998-11-03,14,16,14,x,11,14,18,27,23,21,22,16,14,16,20,27,36,35,42,37,36,34,24,24
8,菜寮,10,風速,WIND_SPEED,m/sec,1998-11-03,2.9,2.4,1.9,1.9,2.3,1.9,1.5,2.1,2.9,3.1,3.4,3.3,4,3.6,3.8,3.5,2.9,3.1,2,1.8,1.5,1.8,2.5,2.6
8,菜寮,11,風向,WIND_DIREC,degrees,1998-11-03,106,102,100,101,101,98,86,87,87,80,93,82,77,80,79,90,88,93,80,81,89,73,85,81
8,菜寮,14,溫度,AMB_TEMP,℃,1998-11-03,23.3,23.1,23,23.1,23.3,23.3,23.5,23.8,24.3,26.4,26.8,27.8,27.7,27,27,26,25.6,25.2,25.1,25.2,25.1,25.1,24.7,24.6
9,林口,1,二氧化硫,SO2,ppb,1998-11-03,0.8,1.1,1,0.8,0.7,0.7,0.9,1.4,1.7,1.9,3,1.4,1.8,3,2.7,4.1,5.7,3.6,3.8,3.7,2.1,2.6,1.7,0.4
9,林口,2,一氧化碳,CO,ppm,1998-11-03,0.3,0.3,0.3,0.2,0.2,0.2,0.3,0.5,0.4,0.3,0.3,0.3,0.3,0.3,0.3,0.3,0.4,0.5,0.5,0.4,0.4,0.4,0.4,0.3
9,林口,3,臭氧,O3,ppb,1998-11-03,38,37,35,36,35,34,x,23,31,37,34,40,38,34,33,22,20,14,18,20,19,21,15,23
9,林口,4,懸浮微粒,PM10,μg/m3,1998-11-03,29,24,24,24,24,33,31,31,27,20,15,11,11,16,25,34,34,32,33,27,24,21,16,12
9,林口,5,氮氧化物,NOx,ppb,1998-11-03,10,11,11,x,10,11,14,27,22,15,20,12,12,14,17,28,28,34,27,22,24,21,26,14
9,林口,6,一氧化氮,NO,ppb,1998-11-03,0.1,0,0,x,0,0.1,0.2,2.3,2.6,1.7,3.1,1.6,1.7,2.3,3,4.3,3,2.8,1.4,0.5,0.7,0.7,0.6,0.2
9,林口,7,二氧化氮,NO2,ppb,1998-11-03,10,11,11,x,9.9,11,14,25,19,13,17,10,10,12,14,24,26,31,26,22,23,20,25,14
9,林口,10,風速,WIND_SPEED,m/sec,1998-11-03,5.3,4.7,4.5,4.4,4,4.5,3.4,3.6,5.4,5.3,5.1,6.1,6,6.2,6.6,5.3,4.9,5.1,4.3,3.9,4.2,2.5,4.4,5.8
9,林口,11,風向,WIND_DIREC,degrees,1998-11-03,101,99,96,90,93,86,83,85,84,83,83,79,71,86,98,99,93,101,92,90,98,90,103,106
9,林口,14,溫度,AMB_TEMP,℃,1998-11-03,20.6,20.2,20.1,20.3,20.5,20.8,21.3,21.6,22.4,23.4,23.9,25,25.1,24.7,24.9,23.9,23.3,22.9,22.7,22.7,22.7,22.8,22.8,22.7
10,淡水,1,二氧化硫,SO2,ppb,1998-11-03,0.3,0.8,0.6,0,0,0.1,0.2,0.4,0.7,0.3,0.3,0.3,x,0.2,0.3,0.2,0.3,1.2,0.6,0.4,0.4,0.7,1.2,1.4
10,淡水,2,一氧化碳,CO,ppm,1998-11-03,0.6,0.5,0.6,0.4,0.4,0.4,0.5,0.6,0.5,0.5,0.5,0.4,x,x,x,x,x,x,x,x,x,x,x,x
10,淡水,3,臭氧,O3,ppb,1998-11-03,32,40,37,49,49,47,x,41,43,43,45,46,x,46,44,42,39,33,34,35,36,34,27,19
10,淡水,4,懸浮微粒,PM10,μg/m3,1998-11-03,59,73,49,57,38,22,29,15,10,40,61,52,x,x,x,129,134,90,89,38,32,20,20,19
10,淡水,5,氮氧化物,NOx,ppb,1998-11-03,18,9.7,12,x,1.8,3.3,5.8,9.4,6.8,8.7,5.9,5.4,x,4.3,5,5.4,7.9,19,13,12,12,13,22,26
10,淡水,6,一氧化氮,NO,ppb,1998-11-03,1.1,0.4,0.5,x,0.1,0.2,0.7,1.4,0.8,1.3,0.8,0.9,x,0.5,0.7,0.6,0.5,3.6,0.9,0.5,1.7,2,2.7,3.6
10,淡水,7,二氧化氮,NO2,ppb,1998-11-03,16,9.3,11,x,1.8,3,5.1,7.9,6,7.4,5.1,4.5,x,3.8,4.3,4.8,7.4,15,12,11,10,11,19,23
10,淡水,10,風速,WIND_SPEED,m/sec,1998-11-03,,0.5,,,2.3,,,3.8,2.9,,4.9,,,3.3,,,2.3,,,0,2.1,,1.3,
10,淡水,11,風向,WIND_DIREC,degrees,1998-11-03,,90,,,45,,,23,45,,23,,,23,,,45,,,0,315,,270,
10,淡水,14,溫度,AMB_TEMP,℃,1998-11-03,22.7,22.8,22.6,22.9,23.1,23.1,23.2,23.5,24.5,24.8,25.3,26.4,26.4,26,26.7,25.6,25.5,25.3,24.9,24.7,24.7,24.6,24.8,25.1
10,淡水,38,相對濕度,RH,percent,1998-11-03,,83,,,80,,,82,76,,77,,,78,,,76,,,81,82,,86,
11,士林,1,二氧化硫,SO2,ppb,1998-11-03,0,0,0,0,x,0,0,0.1,0.1,0,x,1.2,0.9,0.9,1.9,1.8,0.8,1.2,0.2,1.3,0.1,0,0.9,0.9
11,士林,2,一氧化碳,CO,ppm,1998-11-03,0.4,0.4,0.3,0.3,0.3,0.3,0.4,0.6,0.6,0.5,x,0.4,0.4,0.4,0.4,0.4,0.4,0.4,0.5,0.5,0.4,0.5,0.5,0.3
11,士林,3,臭氧,O3,ppb,1998-11-03,45,45,47,46,45,44,x,33,35,39,x,36,34,34,31,28,30,27,28,22,29,28,22,25
11,士林,4,懸浮微粒,PM10,μg/m3,1998-11-03,35,30,35,30,32,27,13,15,16,19,13,x,x,32,32,32,37,47,37,29,22,25,16,10
11,士林,5,氮氧化物,NOx,ppb,1998-11-03,4.3,3.5,2.6,x,2.8,3.5,8,18,17,12,x,x,18,15,18,22,16,19,16,22,15,14,18,13
11,士林,6,一氧化氮,NO,ppb,1998-11-03,0,0,0,x,0,0,0.5,2.6,2.9,2.5,x,x,4.9,3.1,4.1,4.8,2.3,2,1.6,1.9,0.9,0.5,0.7,0.2
11,士林,7,二氧化氮,NO2,ppb,1998-11-03,4.3,3.5,2.6,x,2.8,3.5,7.5,15,14,9.7,x,x,13,12,13,17,14,17,15,20,14,14,17,13
11,士林,10,風速,WIND_SPEED,m/sec,1998-11-03,3.7,3.5,3.4,3.4,3.7,3.6,4.1,4,4.4,5.1,4.8,5.1,4.9,4.3,5.1,3.8,4.5,4.7,3.7,2.6,3.3,2.6,3.2,3.5
11,士林,11,風向,WIND_DIREC,degrees,1998-11-03,113,106,99,102,106,103,76,98,100,95,78,74,81,89,97,95,93,94,94,101,101,108,113,106
11,士林,14,溫度,AMB_TEMP,℃,1998-11-03,23.3,23.1,23.2,23.5,23.8,23.8,24.1,24.5,24.9,26.2,26.9,27.3,26.9,26.7,27,26.5,25.4,25.2,25.3,25.4,25.5,25.7,25.7,25.7
12,中山,1,二氧化硫,SO2,ppb,1998-11-03,0.9,1.8,1.5,1.5,1.6,3.7,1.2,2.2,2.1,2,4,3.5,3.3,3,5.1,8.9,9.5,6.4,7.1,6,4.7,2.3,1.8,2.7
12,中山,2,一氧化碳,CO,ppm,1998-11-03,0.8,0.7,0.7,0.6,0.6,0.6,0.7,1.3,1.3,1,1,0.8,0.7,0.6,0.7,0.9,0.9,1.2,1.8,1.4,0.9,1.1,1.1,1
12,中山,3,臭氧,O3,ppb,1998-11-03,33,29,31,35,35,28,x,16,19,27,25,32,32,28,23,15,9.3,7.4,3.6,3.6,7.7,11,9.4,6.8
12,中山,4,懸浮微粒,PM10,μg/m3,1998-11-03,39,39,36,37,56,45,44,36,46,42,41,40,22,28,28,29,45,50,42,49,40,35,31,21
12,中山,5,氮氧化物,NOx,ppb,1998-11-03,21,23,20,x,16,24,31,54,48,38,43,30,26,26,38,48,53,62,80,70,51,44,42,41
12,中山,6,一氧化氮,NO,ppb,1998-11-03,1,0.9,0.7,x,0.6,1.4,4.4,17,14,11,14,7.9,5.6,5.5,11,15,15,20,34,27,13,9.3,10,7.9
12,中山,7,二氧化氮,NO2,ppb,1998-11-03,20,22,20,x,15,22,26,38,34,27,30,22,20,21,27,33,38,42,46,43,38,35,32,33
12,中山,8,總碳氫化合物,THC,ppm,1998-11-03,2.2,2.3,2.1,2.1,2.1,2,2,2.3,2.3,2.2,2.2,2.1,2,2,2.2,2.2,2.4,2.4,2.7,2.4,2.3,2.2,2.2,2.3
12,中山,9,非甲烷碳氫化合物,NMHC,ppm,1998-11-03,0.2,0.2,0,0,0,0,0.1,0.3,0.3,0.2,0.2,0.2,0.1,0.1,0.2,0.2,0.3,0.4,0.6,0.3,0.2,0.2,0.2,0.2
12,中山,14,溫度,AMB_TEMP,℃,1998-11-03,23.3,23.1,23,23.2,23.3,23.3,23.3,23.7,24.2,26,26.6,27.9,27.7,27.1,27.3,26.4,25.5,25.2,25.1,25.2,25.2,25.2,24.7,24.5
12,中山,31,甲烷,CH4,ppm,1998-11-03,2,2,2.1,2,2,2,2,2,2,2,2,1.9,1.9,1.9,2,2,2.1,2,2.1,2.1,2,2,2,2.1
13,萬華,1,二氧化硫,SO2,ppb,1998-11-03,1.9,1.4,0.9,1.8,3.1,3.5,3.4,4.4,4.8,4.4,4,2.8,3.5,3.4,3.4,5.4,7.1,9.7,8.4,6,6.8,4.7,2.4,2.2
13,萬華,2,一氧化碳,CO,ppm,1998-11-03,0.6,0.4,0.4,0.4,0.3,0.4,0.6,1.3,1.4,0.9,0.8,0.8,0.7,0.7,0.7,0.9,1.2,1.6,1.6,1.7,1.5,1.4,1.2,0.9
13,萬華,3,臭氧,O3,ppb,1998-11-03,36,41,40,38,36,33,20,10,17,23,27,30,29,27,27,18,8.8,3.8,2.2,1,1,2.6,6.7,12
13,萬華,4,懸浮微粒,PM10,μg/m3,1998-11-03,40,36,26,25,27,30,29,29,32,33,33,35,30,31,43,48,56,55,62,59,46,44,37,25
13,萬華,5,氮氧化物,NOx,ppb,1998-11-03,13,8.3,8.1,x,9.6,13,26,49,46,37,34,30,26,27,26,37,48,57,59,64,60,50,38,26
13,萬華,6,一氧化氮,NO,ppb,1998-11-03,0.5,0.3,0.3,x,0,0.1,2.4,12,12,9.2,8.4,7.7,6.3,5.9,5.4,7.6,11,16,17,23,19,12,6,1.9
13,萬華,7,二氧化氮,NO2,ppb,1998-11-03,13,8,7.8,x,9.6,13,24,37,34,28,25,23,20,21,21,29,37,42,42,41,41,38,32,25
13,萬華,10,風速,WIND_SPEED,m/sec,1998-11-03,3.2,3,2.5,2.3,2.3,2,2.4,2.2,3.7,3.9,3.9,3.9,4.4,3.7,3.7,2.9,2.8,2.6,3.1,2.3,1.6,1.7,2.5,2.4
13,萬華,11,風向,WIND_DIREC,degrees,1998-11-03,56,56,76,75,18,25,34,50,37,44,51,52,61,62,78,68,48,58,53,53,64,65,59,51
13,萬華,14,溫度,AMB_TEMP,℃,1998-11-03,23.6,23.5,23.4,23.4,23.4,23.5,23.5,23.8,25,26,26.5,27.8,28.3,28.1,28.1,26.9,26,25.5,25,25.1,25.2,25.1,25,25
14,古亭,1,二氧化硫,SO2,ppb,1998-11-03,2.5,0.6,1.6,3,3.3,4.1,3,4.6,5.4,3.4,3.6,3.3,4.2,2.8,2.7,5.3,4.1,5.5,6.3,4.9,5.7,5.1,2.2,1.1
14,古亭,2,一氧化碳,CO,ppm,1998-11-03,0.4,0.3,0.3,0.3,0.3,0.3,0.6,1.2,1.6,1,0.8,0.7,0.7,0.7,0.7,0.8,1,1.3,1.4,1.2,1.1,1.1,1,0.6
14,古亭,3,臭氧,O3,ppb,1998-11-03,35,35,36,36,35,30,x,9.1,12,22,23,26,23,23,21,14,10,4,2.8,4.3,2.8,3.4,8.3,16
14,古亭,4,懸浮微粒,PM10,μg/m3,1998-11-03,58,49,47,38,45,37,42,41,45,50,47,46,30,36,46,43,56,52,76,72,46,44,25,13
14,古亭,5,氮氧化物,NOx,ppb,1998-11-03,13,10,8.4,x,9.4,13,32,63,70,45,43,37,38,35,36,48,53,67,70,58,62,60,43,25
14,古亭,6,一氧化氮,NO,ppb,1998-11-03,0.9,0.8,0.3,x,0.2,0.7,6.8,23,29,15,14,12,11,11,11,15,16,25,26,19,20,19,11,3.1
14,古亭,7,二氧化氮,NO2,ppb,1998-11-03,12,9.5,8.1,x,9.2,13,25,40,41,30,29,25,27,24,25,33,37,42,44,39,41,41,32,22
14,古亭,8,總碳氫化合物,THC,ppm,1998-11-03,2.1,2.1,2.2,2.1,2,2,2.1,2.3,2.6,2.3,2.2,2.2,2.2,2.2,2.3,2.3,2.4,2.5,2.6,2.4,2.4,2.4,2.4,2.2
14,古亭,9,非甲烷碳氫化合物,NMHC,ppm,1998-11-03,0.1,0.1,0,0,0,0,0.1,0.4,0.5,0.3,0.3,0.3,0.3,0.2,0.2,0.3,0.4,0.5,0.6,0.4,0.4,0.4,0.3,0.2
14,古亭,10,風速,WIND_SPEED,m/sec,1998-11-03,3.6,2.5,3.1,3.4,3.4,3.4,2.9,2.9,3.7,4.6,4.1,3.8,4.4,4.5,4.5,4,3.8,3.7,3.4,3.2,2.3,2.5,2.8,3
14,古亭,11,風向,WIND_DIREC,degrees,1998-11-03,83,88,82,74,67,67,58,66,57,54,49,56,57,62,71,67,69,70,58,56,73,56,61,59
14,古亭,14,溫度,AMB_TEMP,℃,1998-11-03,22.7,22.4,22.4,22.5,22.5,22.5,22.5,22.8,23.9,25.2,25.5,26.5,26.5,26.3,26.2,25.4,24.7,24.4,24,24,24.1,24,24,24
14,古亭,31,甲烷,CH4,ppm,1998-11-03,2,2,2.2,2.1,2,2,2,2,2,2,1.9,2,2,2,2,2,2,2,2,2,2.1,2,2,2
14,古亭,33,細懸浮微粒,PM2.5,μg/m3,1998-11-03,16,20,42,22,14,17,32,22,14,25,44,26,18,21,29,22,17,22,36,18,13,14,25,17
15,松山,1,二氧化硫,SO2,ppb,1998-11-03,2.3,1.1,3.4,4.1,4.9,5.6,3.2,5.8,3.7,3.3,3,3.1,4,3.6,4.6,3.7,5,5.2,6.9,6.3,5.9,4.6,1.5,1.9
15,松山,2,一氧化碳,CO,ppm,1998-11-03,0.4,0.1,0.2,0.1,0.1,0.2,0.3,1,0.9,0.6,0.4,0.3,0.2,0.4,0.5,0.5,0.6,0.9,1.1,1.3,1,0.9,0.7,0.6
15,松山,3,臭氧,O3,ppb,1998-11-03,28,33,29,28,26,24,16,5.1,11,15,20,26,24,20,19,17,8.3,5.9,2,1.5,2.1,2.9,8.9,7.5
15,松山,4,懸浮微粒,PM10,μg/m3,1998-11-03,31,36,32,31,44,44,44,37,36,41,48,51,44,42,51,56,55,51,48,51,44,37,39,23
15,松山,5,氮氧化物,NOx,ppb,1998-11-03,30,20,19,x,28,25,38,80,62,56,45,37,31,38,42,45,61,68,85,93,74,65,46,43
15,松山,6,一氧化氮,NO,ppb,1998-11-03,5.7,2.9,1.4,x,6.9,2.7,6.9,33,20,18,13,11,6.1,8.5,12,12,18,23,36,46,29,22,12,9.5
15,松山,7,二氧化氮,NO2,ppb,1998-11-03,25,17,18,x,21,23,31,47,42,38,32,26,25,29,30,33,43,45,49,47,45,43,34,34
15,松山,10,風速,WIND_SPEED,m/sec,1998-11-03,2.6,2.4,2.5,2.7,2.6,2.6,2.4,2.3,2.6,2.9,3.4,4,4,3.2,3.4,3.4,2.9,2.9,2.2,2.2,2,2.1,2.6,2.3
15,松山,11,風向,WIND_DIREC,degrees,1998-11-03,82,83,86,88,83,84,70,78,71,65,68,60,56,61,67,69,69,70,69,87,79,80,80,68
15,松山,14,溫度,AMB_TEMP,℃,1998-11-03,23.8,23.5,23.4,23.5,23.4,23.5,23.2,23.6,24.2,25.1,25.5,27.3,26.9,26.7,27.2,26.7,25.9,25.4,25,25,25.2,25,24.6,24.5
16,大同,1,二氧化硫,SO2,ppb,1998-11-03,2.3,2.3,2.2,1.7,1.7,2.2,2.7,5.3,5.2,4.9,5.6,4.8,4.3,4.7,5.7,7.3,9,9.1,11,7.6,6.6,5.6,5.4,4
16,大同,2,一氧化碳,CO,ppm,1998-11-03,1.9,1.5,1.3,1,0.8,1.2,2,5.7,5.5,4,3.8,3.3,2.8,3,3.7,4.1,4.9,7,8.9,5.5,4.7,5,4.3,2.9
16,大同,4,懸浮微粒,PM10,μg/m3,1998-11-03,x,x,x,x,x,x,x,x,x,x,x,x,x,x,x,x,x,x,x,x,x,x,x,x
16,大同,5,氮氧化物,NOx,ppb,1998-11-03,86,74,61,x,42,63,165,254,230,212,195,172,145,154,174,201,233,263,320,251,209,187,167,123
16,大同,6,一氧化氮,NO,ppb,1998-11-03,53,40,29,x,18,29,114,195,168,152,136,122,100,106,123,150,182,199,254,198,157,138,123,84
16,大同,7,二氧化氮,NO2,ppb,1998-11-03,33,33,31,x,24,34,51,59,62,60,59,50,45,49,52,50,50,64,66,53,53,49,44,38
16,大同,8,總碳氫化合物,THC,ppm,1998-11-03,2.8,2.9,2.9,2.7,2.6,2.9,3.3,4.9,6,4.9,4.2,3.8,4.3,3.5,4.5,4.6,4.6,6.5,9,5.9,5.1,5.5,5.3,4
16,大同,9,非甲烷碳氫化合物,NMHC,ppm,1998-11-03,0.7,0.8,0.5,0.3,0.2,0.4,0.8,2.3,3.5,2.4,1.8,1.5,2,1.2,2.1,2.1,2.1,4,6.5,3.5,2.6,3.1,2.9,1.6
16,大同,14,溫度,AMB_TEMP,℃,1998-11-03,23.6,23.3,23.1,23.2,23.4,23.4,23.7,24.4,24.9,26.8,27.5,29,28.8,28.2,28.1,26.9,26.3,26,26,25.9,25.7,25.7,25.2,24.9
16,大同,31,甲烷,CH4,ppm,1998-11-03,2.1,2.2,2.5,2.4,2.3,2.6,2.5,2.6,2.5,2.5,2.5,2.3,2.3,2.2,2.4,2.5,2.5,2.5,2.4,2.4,2.5,2.4,2.4,2.4
17,桃園,1,二氧化硫,SO2,ppb,1998-11-03,2.7,4.3,4.6,6.2,7.8,9.6,6.6,4.5,5.9,5,3.2,3.3,2.7,2.4,4,5.3,5.2,10,6.2,5.7,13,5.7,9.6,9.5
17,桃園,2,一氧化碳,CO,ppm,1998-11-03,0.5,0.4,0.4,0.4,0.4,0.4,0.6,1.1,0.9,0.7,0.6,0.6,0.7,0.6,0.7,0.7,0.9,1.2,1.1,1,1,1,1,0.7
17,桃園,3,臭氧,O3,ppb,1998-11-03,34,32,34,32,28,25,x,17,23,27,30,30,30,29,27,21,15,7.5,10,11,8.1,11,9.2,13
17,桃園,4,懸浮微粒,PM10,μg/m3,1998-11-03,46,37,40,33,16,23,26,26,49,35,35,45,43,42,40,47,39,42,57,48,32,29,19,25
17,桃園,5,氮氧化物,NOx,ppb,1998-11-03,10,11,9.5,x,16,21,30,46,37,31,24,26,26,23,28,33,42,59,46,41,46,41,42,29
17,桃園,6,一氧化氮,NO,ppb,1998-11-03,0.1,0.1,0,x,0.1,0.7,3.4,10,8.1,7,4.9,5.3,5.2,4.7,5.4,5.6,7.4,13,6.8,3.9,5.1,4.7,3.3,0.6
17,桃園,7,二氧化氮,NO2,ppb,1998-11-03,10,11,9.5,x,15,20,26,35,29,24,19,20,20,18,22,27,35,45,39,37,41,36,38,29
17,桃園,8,總碳氫化合物,THC,ppm,1998-11-03,2,2.1,2,2,1.9,2,2.1,2.4,2.2,2.2,2,2,2,1.9,2.2,2.2,2.3,2.6,2.5,2.5,2.4,2.3,2.3,2.1
17,桃園,9,非甲烷碳氫化合物,NMHC,ppm,1998-11-03,0,0,0,0,0,0,0,0.3,0.2,0.1,0,0.1,0.1,0,0.2,0.2,0.3,0.5,0.4,0.4,0.3,0.3,0.3,0.1
17,桃園,10,風速,WIND_SPEED,m/sec,1998-11-03,4.6,4.2,5.1,4.3,4.4,3.5,2.9,3,4.4,5.1,5.9,4.8,4.8,5.2,5.5,5.4,4.2,3.5,3.6,3.4,4,1.9,3,5
17,桃園,11,風向,WIND_DIREC,degrees,1998-11-03,80,75,79,75,75,68,57,60,75,72,76,70,65,69,76,74,69,69,72,72,76,53,73,77
17,桃園,14,溫度,AMB_TEMP,℃,1998-11-03,22.1,21.9,21.9,21.8,22,22,22.3,22.9,24.5,25.9,26.4,27.2,28,27.6,27.4,25.7,25.1,24.3,24.1,24.1,24.1,24,24,23.9
17,桃園,31,甲烷,CH4,ppm,1998-11-03,2,2,2,2,1.9,1.9,2,2,2,2,2,2,1.9,1.9,2,2,2,2.1,2.1,2.1,2.1,1.9,2,2
18,大園,1,二氧化硫,SO2,ppb,1998-11-03,5.5,1.2,0.3,1.5,2.7,3.1,2,3.4,2.7,1.3,0.3,0,0,0.1,x,x,0,0,0,0.2,0.7,0,0.1,0.3
18,大園,2,一氧化碳,CO,ppm,1998-11-03,0.3,0.4,0.3,0.3,0.3,0.3,0.3,0.3,0.3,0.3,0.3,0.3,0.3,0.3,0.3,0.3,0.3,0.3,0.3,0.3,0.3,0.3,0.3,0.3
18,大園,3,臭氧,O3,ppb,1998-11-03,21,34,35,28,28,31,x,34,36,41,42,44,46,46,45,38,37,37,37,38,38,39,38,36
18,大園,4,懸浮微粒,PM10,μg/m3,1998-11-03,33,36,19,17,20,21,17,22,20,22,15,11,15,22,23,x,x,30,23,27,28,26,33,27
18,大園,5,氮氧化物,NOx,ppb,1998-11-03,28,13,11,x,20,14,6.9,12,10,5.8,4.8,3.6,1.9,3.4,3.8,5.8,5.7,5.1,4.3,3.6,3.4,2.3,2.7,3.8
18,大園,6,一氧化氮,NO,ppb,1998-11-03,1.1,0.1,0.1,x,0.9,0.3,0.3,1.1,1.3,0.9,0.7,0.4,0.2,0.4,0.4,1.6,0.3,0,0,0,0,0,0,0
18,大園,7,二氧化氮,NO2,ppb,1998-11-03,27,13,11,x,19,14,6.6,11,8.7,4.9,4.1,3.2,1.8,3,3.4,4.2,5.4,5,4.3,3.5,3.3,2.3,2.7,3.8
18,大園,10,風速,WIND_SPEED,m/sec,1998-11-03,3.3,3.1,3.2,2.9,4.1,5.7,6.6,6.3,6.2,7.7,8,8.6,9.7,8.9,8.3,7.6,6.8,6.4,6.5,6.7,5.6,4.7,4.9,3.4
18,大園,11,風向,WIND_DIREC,degrees,1998-11-03,65,73,68,71,66,61,60,62,60,57,55,49,44,51,50,54,54,52,50,54,53,49,51,51
18,大園,14,溫度,AMB_TEMP,℃,1998-11-03,22.2,22,21.8,21.8,22.3,22.7,23.2,23.5,24.2,25,25,25.3,25.2,25.2,25,24.7,24.2,23.7,23.7,23.7,23.8,23.8,23.8,23.9
19,觀音,1,二氧化硫,SO2,ppb,1998-11-03,13,17,19,19,14,11,4.2,7.5,5.6,3.5,3.2,1.2,0.7,1.1,0.9,0.8,0.8,1.1,0.6,3.7,2.5,2.3,2.9,1
19,觀音,2,一氧化碳,CO,ppm,1998-11-03,0.2,0.3,0.3,0.2,0.2,0.2,0.2,0.2,0.3,0.2,0.2,0.2,0.2,0.2,0.2,0.2,0.2,0.2,0.2,0.2,0.2,0.2,0.2,0.2
19,觀音,3,臭氧,O3,ppb,1998-11-03,35,18,19,29,40,38,x,39,39,38,40,48,51,51,49,47,44,43,44,28,34,37,34,42
19,觀音,4,懸浮微粒,PM10,μg/m3,1998-11-03,79,58,60,60,48,48,63,35,23,24,37,53,65,60,60,144,109,88,56,24,37,21,44,53
19,觀音,5,氮氧化物,NOx,ppb,1998-11-03,14,39,30,x,9.3,11,6.6,10,14,16,15,4.5,2.2,4.2,3.3,2.8,3.5,4.6,2.6,20,13,9.4,12,2.9
19,觀音,6,一氧化氮,NO,ppb,1998-11-03,0.3,8.2,1.7,x,0,0,0,0.2,1.5,2.7,2.3,0.3,0,0.2,0,0,0,0,0,0.2,0.1,0.1,0.1,0
19,觀音,7,二氧化氮,NO2,ppb,1998-11-03,14,31,28,x,9.3,11,6.6,9.9,12,14,12,4.2,2.2,4.1,3.3,2.8,3.5,4.6,2.6,20,13,9.3,12,2.9
19,觀音,8,總碳氫化合物,THC,ppm,1998-11-03,2.2,2.4,2.6,2.4,2.2,2.1,2.1,2.1,2.3,2.3,2.3,2.1,2.1,2.1,2.2,2.2,2.1,2,2,2,2,2,2,2.1
19,觀音,9,非甲烷碳氫化合物,NMHC,ppm,1998-11-03,0,0,0.1,0,0,0,0,0.1,0,0,0,0,0,0,0,0,0,0,0,0,0,0,0,0
19,觀音,10,風速,WIND_SPEED,m/sec,1998-11-03,6.2,5.9,5.6,5.7,7.4,7.6,9.1,8.8,9.6,11,11,11,12,12,11,11,9.8,9.4,9.8,8.6,8.2,7,7.1,6.9
19,觀音,11,風向,WIND_DIREC,degrees,1998-11-03,30,30,27,31,31,29,26,27,25,20,19,16,16,16,17,20,20,20,20,24,21,22,21,19
19,觀音,14,溫度,AMB_TEMP,℃,1998-11-03,22.6,22.4,22.3,22.4,22.8,23.2,23.7,24.4,25.4,25.9,26,26,25.8,25.6,25.5,25.3,24.5,23.9,23.9,23.9,24,23.9,24.1,24
19,觀音,21,酸雨,PH_RAIN,pH,1998-11-03,0,0,0,0,0,0,0,0,0,0,0,0,0,0,0,0,0,0,0,0,0,0,0,0
19,觀音,22,導電度,RAIN_COND,μmho/cm,1998-11-03,0,0,0,0,0,0,0,0,0,0,0,0,0,0,0,0,0,0,0,0,0,0,0,0
19,觀音,31,甲烷,CH4,ppm,1998-11-03,2.2,2.4,2.5,2.4,2.2,2.1,2,2.1,2.3,2.2,2.3,2.1,2.1,2.1,2.2,2.2,2.1,2,2,2,2,2,2,2.1
19,觀音,32,降雨強度,RAIN_INT,㎜,1998-11-03,0,0,0,0,0,0,0,0,0,0,0,0,0,0,0,0,0,0,0,0,0,0,0,0
20,平鎮,1,二氧化硫,SO2,ppb,1998-11-03,2,1,1.6,2.2,3,4.7,5.9,4.5,3.6,2,2.2,2.2,2.2,1.8,1.5,2.2,3.6,5.5,5.2,8.3,5.3,4.8,7.4,5.9
20,平鎮,2,一氧化碳,CO,ppm,1998-11-03,x,x,x,x,x,x,x,x,x,3,4,0.5,0.5,0.5,0.6,0.7,0.8,1.2,1.1,1,1.1,0.8,0.9,0.8
20,平鎮,3,臭氧,O3,ppb,1998-11-03,46,49,51,50,45,41,x,29,36,45,46,49,53,x,43,34,23,9.9,9.9,9.1,9.4,15,4.5,10
20,平鎮,4,懸浮微粒,PM10,μg/m3,1998-11-03,62,56,40,25,22,22,18,19,26,33,46,44,40,x,0,19,27,27,36,36,35,44,35,37
20,平鎮,5,氮氧化物,NOx,ppb,1998-11-03,13,11,13,x,22,28,39,51,55,42,25,21,18,18,22,23,34,46,43,41,39,31,48,36
20,平鎮,6,一氧化氮,NO,ppb,1998-11-03,0.4,0.7,2.8,x,4.6,6.6,9.4,15,19,11,1.5,1.4,0.1,2.9,0.9,0.3,0.9,3.1,2.4,2.2,1.1,0.2,5.3,3.2
20,平鎮,7,二氧化氮,NO2,ppb,1998-11-03,13,10,10,x,18,22,30,36,36,30,23,19,18,16,21,23,33,43,40,39,38,30,43,33
20,平鎮,8,總碳氫化合物,THC,ppm,1998-11-03,1.8,1.8,1.8,1.6,1.5,1.6,1.6,1.8,1.7,1.9,2.2,2.1,2.1,2.2,2.7,2.8,2.8,2.7,2.7,2.7,2.6,2.4,2.8,2.9
20,平鎮,9,非甲烷碳氫化合物,NMHC,ppm,1998-11-03,0.1,0.1,0.1,0.1,0.1,0.2,0.1,0.3,0.3,0.3,0.3,0.3,0.3,0.3,0.4,0.4,0.5,0.6,0.7,0.7,0.5,0.5,0.5,0.4
20,平鎮,14,溫度,AMB_TEMP,℃,1998-11-03,21.9,21.8,21.8,21.6,21.7,21.9,22.2,23.1,24.6,25.8,26.6,27,27.9,x,27.9,26.8,26,24.8,24.4,24.3,24.4,24.2,23.6,23.9
20,平鎮,31,甲烷,CH4,ppm,1998-11-03,1.7,1.7,1.7,1.5,1.4,1.4,1.5,1.4,1.4,1.6,1.9,1.8,1.9,1.9,2.3,2.3,2.3,2.1,2,2,2,2,2.3,2.5
21,龍潭,1,二氧化硫,SO2,ppb,1998-11-03,0.2,0.6,0.9,1,1.8,2.7,2.6,2.9,4.2,2.9,2.5,2.5,1.9,1.9,1.2,1.4,2.2,3.2,2.6,3.1,3.1,3.8,4,2.8
21,龍潭,2,一氧化碳,CO,ppm,1998-11-03,0.3,0.3,0.3,0.3,0.3,0.3,0.4,0.6,0.8,0.7,0.6,0.6,0.5,0.5,0.4,0.4,0.5,0.9,0.9,1,1.1,0.9,0.7,0.7
21,龍潭,3,臭氧,O3,ppb,1998-11-03,35,32,30,30,29,25,x,19,22,31,33,34,35,31,28,22,16,6.6,5.7,4,2.5,3.2,5.5,5.2
21,龍潭,4,懸浮微粒,PM10,μg/m3,1998-11-03,27,27,27,23,29,30,36,45,39,45,45,42,45,47,54,51,49,48,55,51,41,47,32,32
21,龍潭,5,氮氧化物,NOx,ppb,1998-11-03,5.2,6.8,8.1,x,11,14,17,30,35,29,27,27,22,22,18,23,29,46,43,47,55,49,39,35
21,龍潭,6,一氧化氮,NO,ppb,1998-11-03,0,0,0,x,0,0,1,4.9,8.5,5.6,5,4.8,3.7,4.1,3.5,3.5,3.8,6.9,6,8,15,9.3,3.5,2.8
21,龍潭,7,二氧化氮,NO2,ppb,1998-11-03,5.1,6.8,8.1,x,11,14,16,25,27,23,22,22,18,18,15,19,25,39,37,39,40,39,36,32
21,龍潭,10,風速,WIND_SPEED,m/sec,1998-11-03,7.3,5.7,5.2,4.9,4.1,5.3,6.2,6.9,6.7,7.7,7.2,7,7.1,7.4,7.9,6.9,6.2,4.2,3.7,2.6,0.9,2.2,2.8,2
21,龍潭,11,風向,WIND_DIREC,degrees,1998-11-03,156,152,156,155,164,163,156,160,157,157,157,155,155,158,159,159,158,159,162,147,150,152,158,156
21,龍潭,14,溫度,AMB_TEMP,℃,1998-11-03,21.1,21.1,21,20.8,20.7,20.9,21.2,21.7,23.2,24.4,25.3,26,26.9,26.8,26.5,25.1,24.7,23.7,23.4,22.9,22.8,22.9,22.8,22.6
22,湖口,1,二氧化硫,SO2,ppb,1998-11-03,1.8,1.7,1.4,2.3,4.4,2.6,0.9,1,3.5,3.9,3.2,2.4,1.4,1.8,1.6,1.5,2.5,2,1.5,2.2,1.5,2,1.8,2.2
22,湖口,2,一氧化碳,CO,ppm,1998-11-03,0.5,0.5,0.5,0.5,0.5,0.5,0.5,0.7,0.7,0.7,0.6,0.5,0.5,0.5,0.5,0.5,0.6,0.7,0.6,0.6,0.6,0.6,0.5,0.5
22,湖口,3,臭氧,O3,ppb,1998-11-03,26,29,28,26,20,20,x,22,22,28,28,28,32,28,28,x,12,8.8,9.5,6.9,8.9,5,12,8.9
22,湖口,4,懸浮微粒,PM10,μg/m3,1998-11-03,71,65,77,53,26,44,34,35,36,41,33,55,71,82,54,59,76,82,82,82,57,32,38,20
22,湖口,5,氮氧化物,NOx,ppb,1998-11-03,9.9,6.7,5.3,x,13,12,9.4,15,21,19,18,17,11,14,19,18,24,25,20,24,20,26,16,19
22,湖口,6,一氧化氮,NO,ppb,1998-11-03,0.1,0.1,0.1,x,0.1,0,0.2,1.8,3.8,3.1,3.1,3,1.4,2.1,4.7,2.4,1.8,1,0.4,0.6,0.3,0.7,0.1,0.1
22,湖口,7,二氧化氮,NO2,ppb,1998-11-03,9.7,6.6,5.2,x,13,12,9.2,13,17,16,15,14,9.6,11,14,16,22,24,20,24,19,25,16,18
22,湖口,10,風速,WIND_SPEED,m/sec,1998-11-03,6.8,6.2,5.3,4.9,3.8,4.3,4.8,4.8,5.7,6.3,6.6,6.7,7.2,7.4,7.5,6.4,5.3,5,3.9,3.4,3.4,3.2,3.1,2.7
22,湖口,11,風向,WIND_DIREC,degrees,1998-11-03,110,109,107,109,97,102,101,106,105,104,102,93,92,92,92,92,94,95,96,103,97,102,104,97
22,湖口,14,溫度,AMB_TEMP,℃,1998-11-03,22.3,22.1,21.9,21.8,21.6,21.6,22.2,24,25.9,27.4,28.4,28.6,27.9,27.8,27.3,26.8,25.6,24.1,23.8,23.7,23.6,23.5,23.5,23.6
23,竹東,1,二氧化硫,SO2,ppb,1998-11-03,0,0,0,0,0,0.1,1.1,1.5,1.9,2.2,1.3,x,x,x,x,x,x,x,x,x,x,x,x,x
23,竹東,2,一氧化碳,CO,ppm,1998-11-03,0.2,0.2,0.2,0.2,0.2,0.2,0.4,0.7,0.4,0.3,0.3,x,x,x,x,x,x,x,x,x,x,x,x,x
23,竹東,3,臭氧,O3,ppb,1998-11-03,49,35,9,13,7.8,12,x,11,17,33,50,54,56,x,x,x,x,x,x,x,x,x,x,x
23,竹東,4,懸浮微粒,PM10,μg/m3,1998-11-03,38,23,22,36,29,27,16,26,34,39,41,39,x,x,x,x,x,x,x,x,x,x,x,x
23,竹東,5,氮氧化物,NOx,ppb,1998-11-03,13,23,41,x,21,18,30,40,42,36,x,51,64,x,x,x,x,x,x,x,x,x,x,x
23,竹東,6,一氧化氮,NO,ppb,1998-11-03,8,8.4,12,x,1.6,0.3,3.6,11,14,13,x,32,43,x,x,x,x,x,x,x,x,x,x,x
23,竹東,7,二氧化氮,NO2,ppb,1998-11-03,5.2,15,29,x,19,18,26,29,28,24,x,19,21,x,x,x,x,x,x,x,x,x,x,x
23,竹東,10,風速,WIND_SPEED,m/sec,1998-11-03,1,1.4,1.1,1.1,0.7,0.9,1,0.8,0.8,1.4,1.3,1.9,2.8,2.4,x,x,x,x,x,x,x,x,x,x
23,竹東,11,風向,WIND_DIREC,degrees,1998-11-03,157,164,166,171,162,163,173,169,149,115,64,56,35,14,x,x,x,x,x,x,x,x,x,x
23,竹東,14,溫度,AMB_TEMP,℃,1998-11-03,21.9,21.8,21.1,20.2,20.4,20.2,20.8,22.3,24.7,27.2,29.1,29.7,29.6,x,x,x,x,x,x,x,x,x,x,x
24,新竹,1,二氧化硫,SO2,ppb,1998-11-03,2.8,2.8,3.2,4.1,5.9,3.8,5.5,8,6,4.7,3.2,3.1,3.8,4.1,4.7,4.9,6.4,7.7,7.3,7.2,8.2,8.2,7.7,6.6
24,新竹,2,一氧化碳,CO,ppm,1998-11-03,0.3,0.3,0.3,0.4,0.5,0.4,0.5,1,0.8,0.7,0.6,0.5,0.4,0.4,0.4,0.5,0.7,0.9,0.7,0.7,0.7,0.7,0.5,0.4
24,新竹,3,臭氧,O3,ppb,1998-11-03,39,40,38,27,20,23,x,16,30,39,49,55,50,45,41,37,20,7.2,7.7,5.3,3.5,5,2.9,11
24,新竹,4,懸浮微粒,PM10,μg/m3,1998-11-03,32,36,32,25,27,41,48,44,52,51,38,27,32,33,39,31,38,46,55,51,41,39,30,17
24,新竹,5,氮氧化物,NOx,ppb,1998-11-03,14,12,11,x,24,22,30,43,32,28,23,x,22,25,27,27,39,51,43,44,50,44,49,32
24,新竹,6,一氧化氮,NO,ppb,1998-11-03,0,0,0,x,0.1,0.2,2.6,11,7.6,5.4,3.2,x,3.6,4.7,5.5,3.7,5.6,8.9,5.2,7,12,8.3,11,1.6
24,新竹,7,二氧化氮,NO2,ppb,1998-11-03,14,12,11,x,24,22,28,32,24,23,20,x,18,20,22,23,34,42,38,37,38,36,37,30
24,新竹,8,總碳氫化合物,THC,ppm,1998-11-03,2.1,2.1,2,2.5,2.6,2.4,2.4,2.6,2.2,2.1,2.1,2.2,2.1,2.1,2.3,2.3,2.6,2.6,2.4,2.6,2.5,2.6,2.4,2.2
24,新竹,9,非甲烷碳氫化合物,NMHC,ppm,1998-11-03,0,0,0,0.1,0.1,0.1,0.1,0.3,0.2,0.2,0.2,0.1,0.1,0.1,0.2,0.2,0.4,0.4,0.2,0.3,0.2,0.3,0.2,0.1
24,新竹,10,風速,WIND_SPEED,m/sec,1998-11-03,3.1,2.4,0.9,0.4,0.7,1.2,1.3,1.4,2.8,2.9,3.3,3.7,3.5,3.5,3.5,3.3,2.4,2,2.3,1.9,1.7,1.7,1.8,1.7
24,新竹,11,風向,WIND_DIREC,degrees,1998-11-03,66,73,72,68,64,33,30,59,80,66,71,53,37,25,25,24,31,22,24,27,28,53,47,25
24,新竹,14,溫度,AMB_TEMP,℃,1998-11-03,23.2,23.2,22.8,22.6,22.5,22.4,22.7,24.3,26.6,27.8,28.7,29.8,29.2,29.1,29,28.2,27.3,25.8,25,24.9,24.6,24.3,24.5,24.4
24,新竹,31,甲烷,CH4,ppm,1998-11-03,2.1,2,2,2.4,2.5,2.4,2.3,2.3,2.1,2,1.9,2.1,2,2,2,2.1,2.2,2.2,2.2,2.3,2.3,2.3,2.2,2.1
25,頭份,1,二氧化硫,SO2,ppb,1998-11-03,14,4.2,1.3,0.9,0.9,5.1,2.6,2.9,4.1,5.5,5.1,11,25,82,66,37,37,31,22,21,16,9.8,6.8,11
25,頭份,4,懸浮微粒,PM10,μg/m3,1998-11-03,51,35,35,34,24,15,18,22,40,46,40,34,41,29,54,55,57,57,60,73,58,62,59,48
25,頭份,5,氮氧化物,NOx,ppb,1998-11-03,13,20,28,x,23,59,60,53,30,24,20,15,17,45,42,33,35,44,42,40,45,69,71,70
25,頭份,6,一氧化氮,NO,ppb,1998-11-03,0.3,0.7,5.9,x,12,42,43,33,9,4.6,2.2,1.6,2.2,14,13,7.4,6.5,7.8,7,5.8,12,37,44,39
25,頭份,7,二氧化氮,NO2,ppb,1998-11-03,13,20,22,x,11,17,17,20,21,20,17,14,14,31,29,25,28,36,35,35,34,32,28,30
25,頭份,8,總碳氫化合物,THC,ppm,1998-11-03,2.3,2.3,2.3,2.3,2.3,2.4,2.5,2.5,2.2,2.1,2.1,2,1.9,1.9,2,2.1,2.1,2.2,2.3,2.4,2.6,2.9,2.8,2.8
25,頭份,9,非甲烷碳氫化合物,NMHC,ppm,1998-11-03,0,0,0,0,0.1,0.1,0.1,0.2,0.1,0,0.1,0,0,0,0,0.1,0.1,0.2,0.3,0.3,0.4,0.6,0.5,0.4
25,頭份,10,風速,WIND_SPEED,m/sec,1998-11-03,2.2,1.7,1,1,1.3,1,1.1,1.4,3.1,3.4,3.4,3.2,3.8,4.5,4.7,4.4,3.4,2.8,2.4,1.4,1.5,1.1,1,1
25,頭份,11,風向,WIND_DIREC,degrees,1998-11-03,24,47,100,73,79,54,91,90,44,45,46,41,17,5,3,360,360,357,354,18,359,59,32,39
25,頭份,14,溫度,AMB_TEMP,℃,1998-11-03,22.3,21.8,20.5,20.1,19.8,20.2,20.3,22.1,25.4,27.2,28.6,29.4,29.6,29.3,28.7,27.2,26.5,25.3,24.3,24,23.8,23.7,23.5,23.3
25,頭份,31,甲烷,CH4,ppm,1998-11-03,2.3,2.3,2.3,2.3,2.2,2.3,2.4,2.3,2.1,2,2,2,1.9,1.9,2,2,2,2,2,2.1,2.2,2.3,2.4,2.4
26,苗栗,1,二氧化硫,SO2,ppb,1998-11-03,3.6,3.1,1.9,1.7,2,2.6,3.2,3.3,4.1,2.8,3,2.7,4,5.5,3.6,4.6,5.9,6.7,6,5.8,8.6,8.6,10,9.4
26,苗栗,2,一氧化碳,CO,ppm,1998-11-03,0.5,0.6,0.5,0.5,0.5,0.5,0.7,0.9,0.8,0.6,0.6,0.7,0.6,0.5,0.5,0.5,0.6,0.8,0.6,0.7,0.9,0.9,1,1
26,苗栗,3,臭氧,O3,ppb,1998-11-03,26,2.1,7.2,1,0.2,0,x,1.1,6.4,19,37,62,61,38,24,25,10,0.9,1.4,6.1,0.2,0,0,0
26,苗栗,4,懸浮微粒,PM10,μg/m3,1998-11-03,37,38,38,38,41,41,42,60,39,58,72,57,55,40,46,66,87,89,106,86,92,81,92,65
26,苗栗,5,氮氧化物,NOx,ppb,1998-11-03,18,46,19,x,35,31,48,50,43,30,24,24,27,44,35,38,54,71,54,38,61,54,66,89
26,苗栗,6,一氧化氮,NO,ppb,1998-11-03,1.2,19,1.6,x,16,14,29,30,21,9.1,3.6,1.9,2.7,8.5,4,5.9,13,23,12,4.4,19,13,26,48
26,苗栗,7,二氧化氮,NO2,ppb,1998-11-03,17,27,17,x,19,17,20,20,22,20,20,22,24,36,31,32,42,48,42,33,41,41,40,41
26,苗栗,10,風速,WIND_SPEED,m/sec,1998-11-03,0.5,0.3,0.6,0,0,0,0,0.1,0.6,1,1.2,1.4,2.5,2.8,2.8,2.7,1.5,1.2,1.3,0.8,0.4,0.1,0.2,0.2
26,苗栗,11,風向,WIND_DIREC,degrees,1998-11-03,24,199,207,117,93,95,999,121,59,67,32,44,27,16,11,26,15,14,24,22,359,19,17,59
26,苗栗,14,溫度,AMB_TEMP,℃,1998-11-03,22.1,21.3,21.1,20.5,20.2,20,20.3,21.8,23.9,26.2,28,29.5,29.5,29.5,28.4,26.9,26.7,25.4,24.5,24.1,23.9,23.8,23.7,23.2
27,三義,1,二氧化硫,SO2,ppb,1998-11-03,1,1.2,0.6,0.6,0.6,1,1.6,1.5,0.4,0.8,2.2,2.1,1.9,2.3,3,2.7,3.5,2.6,2.4,2.4,0.5,0.3,0.2,0.2
27,三義,2,一氧化碳,CO,ppm,1998-11-03,0.4,0.4,0.3,0.4,0.4,0.4,0.4,0.4,0.3,0.3,0.4,0.4,0.4,0.5,0.4,0.4,0.5,0.5,0.5,0.6,0.6,0.6,0.5,0.5
27,三義,3,臭氧,O3,ppb,1998-11-03,12,8.7,11,4.7,0.4,0.7,x,6.7,24,37,33,39,61,85,84,54,38,32,20,3.8,1.6,0.7,1.4,3.1
27,三義,4,懸浮微粒,PM10,μg/m3,1998-11-03,35,50,50,32,31,37,49,49,62,31,34,44,44,47,62,37,62,87,93,129,122,119,99,53
27,三義,5,氮氧化物,NOx,ppb,1998-11-03,22,22,19,x,47,76,47,35,9.6,12,33,28,19,16,17,18,26,22,26,40,46,43,34,29
27,三義,6,一氧化氮,NO,ppb,1998-11-03,4.1,0.1,0.2,x,26,50,24,15,1.6,1.6,8,5.9,1.9,0.7,0.6,0.6,1,0.1,0.2,3,7.9,6.5,1.5,4
27,三義,7,二氧化氮,NO2,ppb,1998-11-03,18,22,18,x,21,26,23,20,8,10,25,22,18,16,16,17,25,22,26,37,38,37,33,25
27,三義,8,總碳氫化合物,THC,ppm,1998-11-03,2.3,2.3,2.3,2.4,2.4,2.4,2.4,2.4,2.3,2.3,2.3,2.4,2.4,2.4,2.4,2.4,2.4,2.5,2.5,2.6,2.6,2.6,2.5,2.6
27,三義,9,非甲烷碳氫化合物,NMHC,ppm,1998-11-03,0.1,0.1,0,0.1,0.1,0.1,0.1,0.1,0.1,0.1,0.1,0.2,0.1,0.1,0.1,0.2,0.2,0.2,0.2,0.2,0.2,0.3,0.2,0.2
27,三義,10,風速,WIND_SPEED,m/sec,1998-11-03,0.4,0,0,0,1.1,1.7,2.7,2.1,1.5,1.6,2.6,3.1,3.1,3.7,2.9,3.7,3.3,2.2,2.4,2.2,1.9,2.2,1.2,1.3
27,三義,11,風向,WIND_DIREC,degrees,1998-11-03,33,999,999,999,22,25,27,31,28,15,18,18,19,20,22,21,24,27,31,28,29,25,22,42
27,三義,14,溫度,AMB_TEMP,℃,1998-11-03,18.8,18.9,19,18.9,18.7,18.9,18.7,20,22.8,25.4,26.3,26.8,27.4,27.8,27.9,26,24.6,23.4,22.6,22.1,21.8,21.8,21.6,21.3
27,三義,21,酸雨,PH_RAIN,pH,1998-11-03,0,0,0,0,0,0,0,0,0,0,0,0,0,0,0,0,0,0,0,0,0,0,0,0
27,三義,22,導電度,RAIN_COND,μmho/cm,1998-11-03,0,0,0,0,0,0,0,0,0,0,0,0,0,0,0,0,0,0,0,0,0,0,0,0
27,三義,31,甲烷,CH4,ppm,1998-11-03,2.2,2.2,2.3,2.3,2.3,2.3,2.3,2.3,2.2,2.2,2.2,2.2,2.2,2.2,2.3,2.2,2.3,2.3,2.3,2.4,2.4,2.3,2.3,2.4
27,三義,32,降雨強度,RAIN_INT,㎜,1998-11-03,0,0,0,0,0,0,0,0,0,0,0,0,0,0,0,0,0,0,0,0,0,0,0,0
28,豐原,1,二氧化硫,SO2,ppb,1998-11-03,1.5,2.6,3.5,2.5,2.1,2.4,2.4,5.6,5.3,5.9,4.4,2.6,2.2,2.3,2.8,3.2,3.4,3.8,3.6,4.1,4.5,4.5,6.5,4.9
28,豐原,2,一氧化碳,CO,ppm,1998-11-03,0.8,0.6,0.7,0.7,0.7,0.9,1.1,1.7,2.4,1.5,0.9,0.8,0.8,0.7,0.9,1,1,1.2,1.2,1.2,1.2,1.1,1.5,1.5
28,豐原,3,臭氧,O3,ppb,1998-11-03,4.7,2.4,3.9,x,2.7,3.2,3.2,6.5,14,31,52,49,65,77,76,56,37,21,9.8,5.2,2.6,2.1,2.6,3.5
28,豐原,4,懸浮微粒,PM10,μg/m3,1998-11-03,58,57,57,70,73,63,54,45,52,60,63,79,81,74,67,74,72,81,92,102,99,96,85,83
28,豐原,5,氮氧化物,NOx,ppb,1998-11-03,35,48,39,x,27,29,48,61,83,50,30,x,x,24,29,31,37,49,53,52,67,67,95,99
28,豐原,6,一氧化氮,NO,ppb,1998-11-03,6.7,19,11,x,7.8,9.6,27,29,30,10,3.4,x,x,0.7,1.4,1.1,1.9,3.9,6.6,8.1,24,25,54,62
28,豐原,7,二氧化氮,NO2,ppb,1998-11-03,29,29,28,x,20,20,21,32,52,40,26,x,x,23,27,30,35,45,47,44,43,41,41,38
28,豐原,10,風速,WIND_SPEED,m/sec,1998-11-03,0.4,0.9,0.5,0.9,0.6,0.4,0.5,0.2,0.1,0.6,1.3,1.7,1.7,1.8,2.2,2,1.7,1.4,1.4,1.1,1.2,1.1,0.3,0.2
28,豐原,11,風向,WIND_DIREC,degrees,1998-11-03,309,8,45,42,42,76,33,83,12,28,354,352,348,359,347,346,1,360,3,3,355,16,3,334
28,豐原,14,溫度,AMB_TEMP,℃,1998-11-03,21.2,20.5,21.1,20.7,20.6,20.8,20.8,22.5,24.8,27.7,28.6,28.9,29.5,30.1,29.7,27.3,26.1,24.8,23.6,23,22.6,22.6,22.9,22.8
29,沙鹿,1,二氧化硫,SO2,ppb,1998-11-03,3,2.3,1.6,2.4,2.4,2,2.4,4.3,5,3.6,5.6,11,6.5,12,13,22,24,13,26,30,12,12,5.8,5.2
29,沙鹿,2,一氧化碳,CO,ppm,1998-11-03,0.9,0.5,0.4,0.5,0.5,0.5,0.8,1.2,1.3,0.8,0.5,0.6,0.6,0.5,0.4,0.5,0.5,0.6,0.6,0.6,0.7,0.8,0.7,0.7
29,沙鹿,3,臭氧,O3,ppb,1998-11-03,14,16,18,x,2,2.1,2.1,4.1,6.8,17,31,43,64,48,39,24,15,15,2.2,1,5.9,3.5,2.8,1.9
29,沙鹿,4,懸浮微粒,PM10,μg/m3,1998-11-03,46,42,33,30,34,55,58,58,75,70,68,59,62,59,65,68,77,66,66,70,64,55,55,49
29,沙鹿,5,氮氧化物,NOx,ppb,1998-11-03,x,x,x,x,x,x,x,x,x,x,x,x,x,x,x,x,x,x,x,x,x,x,x,x
29,沙鹿,6,一氧化氮,NO,ppb,1998-11-03,x,x,x,x,x,x,x,x,x,x,x,x,x,x,x,x,x,x,x,x,x,x,x,x
29,沙鹿,7,二氧化氮,NO2,ppb,1998-11-03,x,x,x,x,x,x,x,x,x,x,x,x,x,x,x,x,x,x,x,x,x,x,x,x
29,沙鹿,10,風速,WIND_SPEED,m/sec,1998-11-03,1,1.3,1,1.3,1.3,0.9,0.1,0.4,0.8,1.3,2.1,2.3,3.2,4.1,4.5,4.4,4.6,3.3,3.3,3.2,2.1,2,1.2,0.9
29,沙鹿,11,風向,WIND_DIREC,degrees,1998-11-03,44,56,55,30,50,52,24,6,347,353,8,8,10,11,15,17,14,14,18,21,18,35,14,28
29,沙鹿,14,溫度,AMB_TEMP,℃,1998-11-03,21.9,21.4,21.4,21.5,21.5,21.2,21.3,22.4,24.9,27.2,29,30,30.3,29.7,28.1,27.5,26.5,25.3,24.8,24.6,24.3,24.2,24,23.6
30,大里,1,二氧化硫,SO2,ppb,1998-11-03,1.1,1.4,1.8,1.3,1.2,1.6,2.6,3.6,3.6,4.3,3.4,4.4,5.5,4.6,0.2,4.4,4.7,1.8,1.8,1.7,1.3,2,1.8,0.9
30,大里,2,一氧化碳,CO,ppm,1998-11-03,0.9,1,0.9,0.8,0.8,0.8,0.9,1.4,1.4,1.3,1.2,1.2,1.1,0.8,0.7,0.8,1.1,1.1,1.7,1.5,1.3,1.8,1.4,1.3
30,大里,3,臭氧,O3,ppb,1998-11-03,0.9,0.7,0.5,0.3,0.7,0.1,x,3.3,9.5,32,74,88,95,98,84,45,22,23,6,2.7,0.2,1.6,1,0.6
30,大里,4,懸浮微粒,PM10,μg/m3,1998-11-03,86,100,100,119,115,107,101,87,76,91,98,104,104,115,103,84,79,106,104,121,103,109,130,118
30,大里,5,氮氧化物,NOx,ppb,1998-11-03,40,45,43,x,44,47,55,52,50,53,42,44,47,31,29,44,67,47,67,61,55,78,62,61
30,大里,6,一氧化氮,NO,ppb,1998-11-03,9,16,10,x,21,27,33,27,19,8.5,1.3,0.8,0.5,0.2,0.4,2,6.3,1.3,11,9.6,8.7,36,24,29
30,大里,7,二氧化氮,NO2,ppb,1998-11-03,31,30,33,x,23,21,22,24,32,45,41,43,46,31,29,42,60,45,55,51,46,42,38,32
30,大里,10,風速,WIND_SPEED,m/sec,1998-11-03,1.2,0.2,0.9,0.6,0.6,0.4,0.6,0.5,0.7,0.8,1.3,1.7,1.7,2.2,2.2,2.7,1.5,1.7,1.3,0.8,1,0.6,0.7,0.7
30,大里,11,風向,WIND_DIREC,degrees,1998-11-03,193,266,99,42,214,228,279,211,243,286,289,235,234,227,229,317,323,351,344,343,357,166,196,241
30,大里,14,溫度,AMB_TEMP,℃,1998-11-03,21.6,21.6,22,22.1,21.2,20.8,20.8,22.4,24.6,26.4,28.7,30.1,30.1,31.2,30.7,29.2,28.5,26.7,25.7,25.2,24.7,24.2,23.8,23.4
31,忠明,1,二氧化硫,SO2,ppb,1998-11-03,3.2,2.2,1.9,2,2.5,3,2.5,3.7,5.2,5.7,3.8,3.5,2.6,1.8,3,6.9,5.3,2.9,3.3,2.9,3.1,2.7,4.1,4.7
31,忠明,2,一氧化碳,CO,ppm,1998-11-03,1.1,0.6,0.7,0.8,0.9,0.8,0.8,1.6,2.7,2.9,1.4,0.7,0.7,0.6,0.6,0.7,0.9,1.1,1.3,1,1,1,1.3,1.3
31,忠明,3,臭氧,O3,ppb,1998-11-03,0.9,0.8,1.9,2.5,0.8,1.1,x,3,9.3,20,75,88,95,94,55,39,31,24,11,6.8,3,1.1,0.5,0.3
31,忠明,4,懸浮微粒,PM10,μg/m3,1998-11-03,45,57,45,45,51,48,43,49,189,162,82,65,51,49,47,59,58,56,52,46,40,40,57,53
31,忠明,5,氮氧化物,NOx,ppb,1998-11-03,80,44,43,x,72,86,66,104,145,169,66,24,18,16,25,44,43,42,48,42,46,46,68,85
31,忠明,6,一氧化氮,NO,ppb,1998-11-03,40,9.6,8.7,x,39,57,42,69,72,58,5.7,1.4,0.7,0.8,1.6,3.6,2.6,1.4,3.5,3.6,7.8,9.2,29,46
31,忠明,7,二氧化氮,NO2,ppb,1998-11-03,40,35,34,x,33,29,25,35,73,111,60,22,17,16,24,40,40,40,44,38,38,37,39,38
31,忠明,10,風速,WIND_SPEED,m/sec,1998-11-03,0.6,1.3,0.8,0.5,0.2,0.9,0.4,0.1,0.3,0.4,0.8,1.6,1.7,1.7,2.7,2.7,2.3,2,1.7,1.5,1.3,1.2,0.4,0.7
31,忠明,11,風向,WIND_DIREC,degrees,1998-11-03,297,342,45,323,323,321,328,50,888,888,358,325,331,334,323,330,333,341,333,341,345,3,360,333
31,忠明,14,溫度,AMB_TEMP,℃,1998-11-03,22.4,22,22.3,22.2,22.1,21.8,21.6,22.8,24.7,26.8,28.9,30.2,30.4,31.2,30.8,28.5,27.7,26.2,25.3,24.6,24.2,24.2,24.2,24.2
31,忠明,33,細懸浮微粒,PM2.5,μg/m3,1998-11-03,x,x,x,x,x,x,x,x,x,x,x,x,x,x,x,x,x,x,x,x,x,x,x,x
32,西屯,1,二氧化硫,SO2,ppb,1998-11-03,1.5,1,0.8,0.9,1.4,1.2,3.3,5.9,5.7,5.6,x,3.7,4.5,4.5,8.8,9.4,7.2,5.5,5.2,3.2,3.9,4.8,5.6,4.1
32,西屯,2,一氧化碳,CO,ppm,1998-11-03,0.6,0.4,0.4,0.5,0.7,0.6,0.7,1.3,1.6,1.5,1,0.6,0.6,0.5,0.4,0.4,0.5,0.6,0.7,0.7,0.7,1,1,0.9
32,西屯,3,臭氧,O3,ppb,1998-11-03,7.6,11,12,5,1.1,1,x,3,5.2,20,47,63,76,75,50,35,30,21,13,11,7.7,3.3,1.3,1
32,西屯,4,懸浮微粒,PM10,μg/m3,1998-11-03,32,69,70,48,73,85,86,99,59,115,133,81,56,15,20,60,95,98,62,68,70,70,70,35
32,西屯,5,氮氧化物,NOx,ppb,1998-11-03,26,x,19,x,52,37,42,82,105,97,50,24,23,19,28,34,31,31,33,29,33,43,46,45
32,西屯,6,一氧化氮,NO,ppb,1998-11-03,0.9,x,0.8,x,24,13,19,57,61,34,8.3,2.4,2.4,1.4,2.6,3.3,1.8,0.5,0.8,1.2,5.5,13,14,12
32,西屯,7,二氧化氮,NO2,ppb,1998-11-03,25,x,18,x,28,23,23,25,44,63,42,22,20,18,25,31,29,31,33,27,28,31,32,33
32,西屯,8,總碳氫化合物,THC,ppm,1998-11-03,2.8,2.6,2.9,2.8,3.2,3.2,3,3.1,3.3,3.4,2.9,2.6,2.5,2.4,2.5,2.7,2.6,2.6,2.8,2.9,2.9,3.4,3.1,3.2
32,西屯,9,非甲烷碳氫化合物,NMHC,ppm,1998-11-03,0.5,0.3,0.4,0.2,0.5,0.6,0.5,0.6,0.7,0.8,0.5,0.3,0.2,0.1,0.2,0.3,0.2,0.2,0.2,0.5,0.5,1,0.6,0.7
32,西屯,10,風速,WIND_SPEED,m/sec,1998-11-03,x,x,x,x,x,x,x,x,x,x,x,x,x,x,x,x,x,x,x,x,x,x,x,x
32,西屯,11,風向,WIND_DIREC,degrees,1998-11-03,x,x,x,x,x,x,x,x,x,x,x,x,x,x,x,x,x,x,x,x,x,x,x,x
32,西屯,14,溫度,AMB_TEMP,℃,1998-11-03,21.2,21.5,21.2,20.7,20.8,20.9,21.2,22.9,26.3,30.4,31.9,31.3,32.8,32.7,30.5,28.4,27.3,25.3,24.3,23.9,23.7,23.6,23.3,23.3
32,西屯,21,酸雨,PH_RAIN,pH,1998-11-03,x,x,x,x,x,x,x,x,x,x,x,x,x,x,x,x,x,x,x,x,x,x,x,x
32,西屯,22,導電度,RAIN_COND,μmho/cm,1998-11-03,x,x,x,x,x,x,x,x,x,x,x,x,x,x,x,x,x,x,x,x,x,x,x,x
32,西屯,31,甲烷,CH4,ppm,1998-11-03,2.3,2.3,2.5,2.6,2.7,2.6,2.4,2.5,2.6,2.6,2.3,2.3,2.3,2.3,2.3,2.4,2.4,2.4,2.5,2.4,2.4,2.4,2.5,2.5
32,西屯,32,降雨強度,RAIN_INT,㎜,1998-11-03,x,x,x,x,x,x,x,x,x,x,x,x,x,x,x,x,x,x,x,x,x,x,x,x
33,彰化,1,二氧化硫,SO2,ppb,1998-11-03,5.7,2.8,3.1,6.2,5.4,9.3,7.8,8.2,14,26,10,6.1,8.5,8.7,12,13,21,15,14,13,7.9,13,8.3,8.7
33,彰化,2,一氧化碳,CO,ppm,1998-11-03,0.6,0.5,0.5,0.6,0.7,0.9,1.3,1.2,1.4,1.3,1.2,0.9,0.9,0.8,0.8,0.9,1.2,1.4,1.2,1.1,1,1.2,1.2,0.9
33,彰化,3,臭氧,O3,ppb,1998-11-03,3.1,4.7,1.9,1.7,1.9,2.6,3.4,5.4,8.9,15,38,58,83,76,44,25,14,9.9,5.3,3.5,3.8,2.2,2.3,1.9
33,彰化,4,懸浮微粒,PM10,μg/m3,1998-11-03,74,75,70,62,63,77,91,112,115,133,146,155,132,131,113,103,96,110,115,113,100,88,76,76
33,彰化,5,氮氧化物,NOx,ppb,1998-11-03,41,33,36,x,63,76,105,56,81,113,69,36,31,32,47,59,79,69,72,65,56,76,68,63
33,彰化,6,一氧化氮,NO,ppb,1998-11-03,7.8,3.6,7.5,x,34,45,74,28,43,49,14,4.3,1.8,2.2,6.5,11,21,19,23,22,18,36,31,28
33,彰化,7,二氧化氮,NO2,ppb,1998-11-03,33,29,29,x,29,31,31,28,38,64,55,31,30,30,41,48,57,50,49,43,38,40,36,35
33,彰化,8,總碳氫化合物,THC,ppm,1998-11-03,2.7,x,3.1,2.9,3.1,3.4,3.6,3.2,3.1,3.1,3.2,2.7,2.8,2.6,2.4,2.5,2.7,2.7,2.6,2.7,2.6,2.8,3,2.9
33,彰化,9,非甲烷碳氫化合物,NMHC,ppm,1998-11-03,0.1,x,0.2,0.3,0.3,0.5,0.7,0.6,0.5,0.6,0.6,0.3,0.3,0.2,0.1,0.3,0.4,0.5,0.4,0.4,0.3,0.5,0.6,0.4
33,彰化,10,風速,WIND_SPEED,m/sec,1998-11-03,0.6,0.3,1,1.1,0.3,0.3,0.4,1.2,1.1,0.7,0.9,1.1,0.9,1.9,2.3,2,2.5,2.4,2.1,1.4,1.9,1.2,0.4,0.3
33,彰化,11,風向,WIND_DIREC,degrees,1998-11-03,349,7,22,21,2,358,1,39,16,36,349,342,353,343,318,324,348,328,345,352,356,351,343,350
33,彰化,14,溫度,AMB_TEMP,℃,1998-11-03,22.2,21.8,21.8,21.8,21.6,21.8,21.9,22.9,24.6,26.6,28.3,29.2,30.3,30.2,29.3,27.8,27.2,25.4,24.8,24.6,24.3,24.1,24.2,23.9
33,彰化,31,甲烷,CH4,ppm,1998-11-03,2.5,x,2.9,2.7,2.8,2.9,2.9,2.6,2.5,2.5,2.6,2.4,2.5,2.3,2.3,2.3,2.3,2.2,2.2,2.3,2.3,2.3,2.5,2.5
34,線西,1,二氧化硫,SO2,ppb,1998-11-03,10,6.7,6.3,6.1,4.5,3.8,11,5.7,9.6,10,16,x,x,x,x,3.1,3,2.4,2,1.7,1.9,2.9,7.5,13
34,線西,4,懸浮微粒,PM10,μg/m3,1998-11-03,60,78,76,75,69,62,55,54,52,66,77,x,x,x,79,73,52,49,47,36,41,32,24,34
34,線西,5,氮氧化物,NOx,ppb,1998-11-03,33,23,17,x,20,20,42,38,43,46,x,x,x,x,x,13,11,11,11,12,13,17,34,47
34,線西,6,一氧化氮,NO,ppb,1998-11-03,3.2,1.2,0.2,x,0.8,1.1,14,15,18,18,x,x,x,x,x,2.2,1.9,1.8,1.5,1.6,1.5,2,3,10
34,線西,7,二氧化氮,NO2,ppb,1998-11-03,30,22,17,x,19,18,28,23,25,28,x,x,x,x,x,11,9,9.2,9.3,10,12,15,31,37
34,線西,8,總碳氫化合物,THC,ppm,1998-11-03,2.1,x,2.1,2.2,2.2,2.1,2.2,2.3,2.3,2.3,2.2,x,x,x,x,x,1.8,1.9,1.9,1.9,1.9,1.9,x,2
34,線西,9,非甲烷碳氫化合物,NMHC,ppm,1998-11-03,0.1,x,0,0,0,0,0.1,0.1,0,0,0,x,x,x,x,x,0,0,0,0,0,0,x,0
34,線西,10,風速,WIND_SPEED,m/sec,1998-11-03,2.1,2.5,2.3,2,1.6,1.8,1.7,1,1,1.5,1.5,5.1,3.5,5.1,7.1,7.5,7.4,6.9,6.8,6,5.5,4.7,3.4,3.1
34,線西,11,風向,WIND_DIREC,degrees,1998-11-03,17,19,16,18,20,21,17,22,12,350,217,29,29,24,25,23,23,19,18,18,19,22,24,17
34,線西,14,溫度,AMB_TEMP,℃,1998-11-03,22.1,21.8,21.6,21.5,21.4,21.5,21.6,22.2,23.8,26.2,27.4,28.3,28.7,28.6,27.4,26.8,26,24.8,24.8,24.7,24.7,24.6,24.2,24
34,線西,31,甲烷,CH4,ppm,1998-11-03,2,x,2.1,2.2,2.2,2.1,2.2,2.2,2.3,2.2,2.2,x,x,x,x,x,1.8,1.9,1.9,1.9,1.9,1.9,x,2
35,二林,1,二氧化硫,SO2,ppb,1998-11-03,2.8,2.5,2.6,2.5,2.5,3.7,4.4,7,6.3,6.3,5.5,9.3,9.8,8.6,4.8,3.7,4.1,3.9,1.4,2.5,3.2,4.8,5.4,3.9
35,二林,2,一氧化碳,CO,ppm,1998-11-03,0.5,0.5,0.5,0.4,0.4,0.5,0.5,0.6,0.8,0.8,0.5,0.4,0.5,0.5,0.4,0.4,0.4,0.3,0.3,0.3,0.3,0.3,0.4,0.4
35,二林,3,臭氧,O3,ppb,1998-11-03,15,13,11,8.3,6.8,3.4,x,8.3,14,31,57,49,74,83,76,57,48,40,37,30,28,27,16,8
35,二林,4,懸浮微粒,PM10,μg/m3,1998-11-03,81,84,84,100,128,114,110,101,116,150,150,135,130,127,119,112,107,97,72,72,71,65,68,66
35,二林,5,氮氧化物,NOx,ppb,1998-11-03,18,19,20,x,21,25,27,31,43,41,19,27,18,14,12,9.6,8.1,8,5.8,9,9.6,9.1,18,25
35,二林,6,一氧化氮,NO,ppb,1998-11-03,0.1,0.1,0.2,x,0.6,1.2,4.1,8.8,13,8.1,1.9,4.9,1.4,0.6,0.4,0.5,0.3,0,0,0.1,0.1,0.1,0.1,0.3
35,二林,7,二氧化氮,NO2,ppb,1998-11-03,18,19,20,x,20,24,23,22,29,32,17,22,17,13,11,9.1,7.8,7.9,5.8,9,9.5,9.1,18,25
35,二林,10,風速,WIND_SPEED,m/sec,1998-11-03,x,x,x,x,x,x,x,x,x,x,x,x,x,x,x,x,x,x,x,x,x,x,x,x
35,二林,11,風向,WIND_DIREC,degrees,1998-11-03,x,x,x,x,x,x,x,x,x,x,x,x,x,x,x,x,x,x,x,x,x,x,x,x
35,二林,14,溫度,AMB_TEMP,℃,1998-11-03,21.8,21.5,21.1,20.7,20.7,20.8,21.1,23.2,27.2,30.2,31.8,31.5,32.7,32.1,30.2,28.6,27,25.1,24.7,24.7,24.7,24.7,24.6,24.3
36,南投,1,二氧化硫,SO2,ppb,1998-11-03,1.3,1.6,1.6,3.3,1.9,0.8,0.7,0.4,1,1.4,1,1.9,2.3,2.6,3.3,9.3,13,8.9,7.7,5.5,4.9,4.8,3.2,2
36,南投,2,一氧化碳,CO,ppm,1998-11-03,0.9,0.9,0.9,0.8,0.8,0.8,0.8,0.8,1,1.1,0.7,0.7,0.8,0.8,0.9,0.9,1.1,1.3,1.6,1.3,1.2,1.3,1.1,1.2
36,南投,3,臭氧,O3,ppb,1998-11-03,0.9,0.8,0.9,0.9,0.7,0.7,x,3.7,8.5,27,34,59,71,90,106,87,40,20,4.8,3.2,2.6,1.8,1.9,2.2
36,南投,4,懸浮微粒,PM10,μg/m3,1998-11-03,88,84,92,87,89,61,74,82,73,60,67,63,77,78,98,122,168,159,190,182,182,160,130,117
36,南投,5,氮氧化物,NOx,ppb,1998-11-03,60,68,51,x,37,34,24,27,35,33,21,18,19,19,23,33,51,55,77,73,62,60,63,69
36,南投,6,一氧化氮,NO,ppb,1998-11-03,32,44,27,x,14,11,5.7,12,13,5.5,2.9,1.1,0.9,0.6,0.5,0.6,1,2.1,15,19,19,18,26,37
36,南投,7,二氧化氮,NO2,ppb,1998-11-03,28,24,24,x,23,22,18,15,22,28,18,17,18,19,22,33,50,53,62,54,43,42,37,32
36,南投,8,總碳氫化合物,THC,ppm,1998-11-03,2.7,x,3,3.3,3.1,3.1,2.7,2.5,2.5,2.7,2.4,2.4,2.5,2.5,2.6,2.6,2.9,3.4,3.3,3,3.2,3.3,3,3
36,南投,9,非甲烷碳氫化合物,NMHC,ppm,1998-11-03,0.5,x,0.5,0.7,0.6,0.6,0.4,0.3,0.4,0.6,0.3,0.3,0.4,0.4,0.4,0.5,0.6,0.8,0.8,0.7,0.8,0.8,0.6,0.6
36,南投,10,風速,WIND_SPEED,m/sec,1998-11-03,0.1,x,0.4,0.2,0,0.1,0.3,0.2,x,0.4,0.8,0.6,0.6,0.8,0.7,0.6,0.6,0.5,0,0.1,0.1,0.2,0.2,0.2
36,南投,11,風向,WIND_DIREC,degrees,1998-11-03,155,155,332,299,888,168,138,132,888,344,357,16,9,1,356,247,311,267,888,152,217,340,179,128
36,南投,14,溫度,AMB_TEMP,℃,1998-11-03,21.8,21.4,21.6,21.5,21.3,21.2,21.1,22.2,25,27.2,28.4,29.1,30.1,30.2,x,29.1,28,26.4,25.5,24.7,24.1,24.2,23.8,23.5
36,南投,21,酸雨,PH_RAIN,pH,1998-11-03,0,0,0,0,0,0,0,0,0,0,0,0,0,0,0,0,0,0,0,0,0,0,0,0
36,南投,22,導電度,RAIN_COND,μmho/cm,1998-11-03,0,0,0,0,0,0,0,0,0,0,0,0,0,0,0,0,0,0,0,0,0,0,0,0
36,南投,31,甲烷,CH4,ppm,1998-11-03,2.3,x,2.5,2.6,2.6,2.5,2.3,2.2,2.2,2.1,2.1,2.1,2.1,2.1,2.1,2.1,2.2,2.6,2.5,2.3,2.3,2.5,2.3,2.4
36,南投,32,降雨強度,RAIN_INT,㎜,1998-11-03,0,0,0,0,0,0,0,0,0,0,0,0,0,0,0,0,0,0,0,0,0,0,0,0
37,斗六,1,二氧化硫,SO2,ppb,1998-11-03,3.5,2.6,2.8,9.4,12,5.7,6.1,6.4,6.8,8.2,6.4,6,5.2,3.8,4.1,10,27,21,6.6,10,12,15,14,13
37,斗六,2,一氧化碳,CO,ppm,1998-11-03,1.1,0.9,0.7,0.7,0.8,0.8,0.8,1.2,1.2,1.5,0.8,1,0.9,0.8,0.8,0.9,1,1.1,1,1,0.9,1.1,0.9,1.1
37,斗六,3,臭氧,O3,ppb,1998-11-03,1.2,1.2,0.7,1,1,1,2.1,2.9,5.1,8.7,30,62,90,91,100,76,38,21,14,5.2,2.5,1,1.1,1.6
37,斗六,4,懸浮微粒,PM10,μg/m3,1998-11-03,99,105,101,93,87,83,87,81,92,111,125,112,142,160,153,152,161,176,176,156,133,108,95,83
37,斗六,5,氮氧化物,NOx,ppb,1998-11-03,34,30,33,x,36,30,30,51,60,80,33,29,20,16,17,27,41,42,34,44,45,61,53,55
37,斗六,6,一氧化氮,NO,ppb,1998-11-03,7.9,7,10,x,14,9.6,14,32,33,41,7,2,0.4,0.3,0.1,0.6,2.4,3.2,4.1,9.3,9,25,18,22
37,斗六,7,二氧化氮,NO2,ppb,1998-11-03,26,23,23,x,22,21,16,20,27,39,26,27,19,16,17,26,39,39,30,35,36,36,35,34
37,斗六,14,溫度,AMB_TEMP,℃,1998-11-03,22.4,21.7,21.2,21.3,21.3,21.4,21.9,22.8,23.8,26.4,27.6,28.4,30.1,30.2,31,28.8,27.1,25.8,24.8,24.4,24,23.7,23.6,23.6
38,崙背,1,二氧化硫,SO2,ppb,1998-11-03,2.4,2.4,2.4,2.1,2,3.1,4,5.7,5.1,3.6,5.4,6,8.1,5.8,7.2,1.3,1.7,1.4,2.5,4.2,5.2,2.8,1.2,6.1
38,崙背,2,一氧化碳,CO,ppm,1998-11-03,0.4,0.4,0.4,0.4,0.4,0.4,0.6,0.8,0.7,0.6,0.5,0.5,0.5,0.4,0.4,0.4,0.3,0.3,0.3,0.3,0.3,0.3,0.3,0.3
38,崙背,3,臭氧,O3,ppb,1998-11-03,12,10,9.3,4,5.9,5.6,x,5.4,12,32,60,73,65,81,86,66,48,42,37,30,28,30,27,13
38,崙背,4,懸浮微粒,PM10,μg/m3,1998-11-03,92,90,80,94,92,92,112,113,125,141,141,142,169,175,139,150,154,136,103,108,100,98,76,68
38,崙背,5,氮氧化物,NOx,ppb,1998-11-03,15,14,16,x,18,20,34,43,37,24,18,18,22,12,13,11,9.8,6.1,4.4,6.5,8.6,6.9,7.3,16
38,崙背,6,一氧化氮,NO,ppb,1998-11-03,0.1,0,0,x,0.2,0.2,8,16,11,3.4,1.1,0.7,1.1,0.2,0.1,0.1,0.1,0,0,0,0,0,0.1,0
38,崙背,7,二氧化氮,NO2,ppb,1998-11-03,15,14,16,x,18,20,25,27,26,21,17,17,20,12,12,11,9.7,6.1,4.4,6.5,8.6,6.9,7.2,16
38,崙背,8,總碳氫化合物,THC,ppm,1998-11-03,x,x,x,x,x,x,x,x,x,x,x,x,x,x,x,x,x,x,x,x,x,x,x,x
38,崙背,9,非甲烷碳氫化合物,NMHC,ppm,1998-11-03,x,x,x,x,x,x,x,x,x,x,x,x,x,x,x,x,x,x,x,x,x,x,x,x
38,崙背,10,風速,WIND_SPEED,m/sec,1998-11-03,1.5,2.2,1.9,1,1.7,1.3,1,1.1,1,1,1.2,1.5,2.5,2.7,3.7,4.8,5.6,5.3,5.4,4.5,4.2,4.1,2.4,2.2
38,崙背,11,風向,WIND_DIREC,degrees,1998-11-03,2,360,21,24,7,20,17,19,17,13,325,329,331,330,341,347,351,355,1,1,1,5,10,360
38,崙背,14,溫度,AMB_TEMP,℃,1998-11-03,21.5,21.1,21,20.7,20.5,20.5,20.8,22,24.3,26.8,28.9,29.9,29.5,30,29.3,28.2,26.3,24.6,24.1,24,24.1,24.2,24.1,23.8
38,崙背,21,酸雨,PH_RAIN,pH,1998-11-03,0,0,0,0,0,0,0,0,0,0,0,0,0,0,0,0,0,0,0,0,0,0,0,0
38,崙背,22,導電度,RAIN_COND,μmho/cm,1998-11-03,0,0,0,0,0,0,0,0,0,0,0,0,0,0,0,0,0,0,0,0,0,0,0,0
38,崙背,31,甲烷,CH4,ppm,1998-11-03,x,x,x,x,x,x,x,x,x,x,x,x,x,x,x,x,x,x,x,x,x,x,x,x
38,崙背,32,降雨強度,RAIN_INT,㎜,1998-11-03,0,0,0,0,0,0,0,0,0,0,0,0,0,0,0,0,0,0,0,0,0,0,0,0
39,新港,1,二氧化硫,SO2,ppb,1998-11-03,2.2,2.4,3,2,3.1,2.1,2.8,5,6.1,6.3,4.7,4.5,4.3,4.9,4.5,5,2.9,1.5,2.2,5.2,5.3,3.3,4.2,3.2
39,新港,2,一氧化碳,CO,ppm,1998-11-03,0.3,0.2,0.2,0.3,0.4,0.3,0.4,0.6,0.7,0.5,0.4,0.4,0.4,0.3,0.3,0.3,0.2,0.2,0.2,0.2,0.1,0.1,0.2,0.1
39,新港,3,臭氧,O3,ppb,1998-11-03,14,11,10,6.9,3.8,3.5,x,7.8,12,23,54,83,92,96,93,84,66,44,35,30,25,25,19,16
39,新港,4,懸浮微粒,PM10,μg/m3,1998-11-03,94,91,107,103,103,107,99,96,111,133,124,152,162,161,149,170,185,148,125,121,89,64,57,57
39,新港,5,氮氧化物,NOx,ppb,1998-11-03,15,16,17,x,38,25,30,42,49,37,23,17,13,12,12,12,11,11,12,13,13,11,15,15
39,新港,6,一氧化氮,NO,ppb,1998-11-03,0.1,0.1,0.1,x,18,7.1,11,19,20,10,2.2,0.4,0.2,0.1,0.1,0.1,0.1,0.1,0.2,0.2,0.1,0.1,0.4,0.2
39,新港,7,二氧化氮,NO2,ppb,1998-11-03,15,16,17,x,20,18,19,23,28,27,21,16,12,12,12,12,11,11,12,13,13,11,14,14
39,新港,10,風速,WIND_SPEED,m/sec,1998-11-03,x,x,x,x,x,x,x,x,x,x,x,x,x,x,x,x,x,x,x,x,x,x,x,x
39,新港,11,風向,WIND_DIREC,degrees,1998-11-03,x,x,x,x,x,x,x,x,x,x,x,x,x,x,x,x,x,x,x,x,x,x,x,x
39,新港,14,溫度,AMB_TEMP,℃,1998-11-03,21.3,20.8,20.6,20.5,20.5,20.1,20.3,21.7,23.4,25,26.9,27.7,28.4,29.4,28.8,27.5,26.9,24.8,23.8,23.5,23.4,23.4,23.4,23.3
40,朴子,1,二氧化硫,SO2,ppb,1998-11-03,4.3,3.9,3.9,3,1.8,1.4,1.9,4,6.9,6.3,4.3,4.8,3.5,3.9,4,4.5,2.4,1.1,0.6,0.3,0.3,0.3,0.3,0.8
40,朴子,2,一氧化碳,CO,ppm,1998-11-03,0.5,0.5,0.5,0.5,0.5,0.5,0.6,0.8,0.9,0.8,0.8,0.8,0.6,0.6,0.6,0.6,0.5,0.5,0.4,0.3,0.3,0.3,0.3,0.3
40,朴子,3,臭氧,O3,ppb,1998-11-03,6,5.3,5.2,5.6,4.1,2.9,x,5.2,9.4,24,56,82,91,92,92,90,63,43,37,36,32,30,29,22
40,朴子,4,懸浮微粒,PM10,μg/m3,1998-11-03,97,99,99,85,86,84,85,85,100,118,107,131,143,143,143,135,141,139,131,115,89,68,46,43
40,朴子,5,氮氧化物,NOx,ppb,1998-11-03,26,25,25,20,21,25,x,49,54,38,23,17,10,13,14,14,12,11,9.3,6.1,6.8,6.9,6.5,9.7
40,朴子,6,一氧化氮,NO,ppb,1998-11-03,1.4,1.8,1.3,0.5,2.4,5.6,x,25,25,9.9,1.9,0.3,0,0.1,0.1,0,0,0,0,0,x,x,x,x
40,朴子,7,二氧化氮,NO2,ppb,1998-11-03,25,23,24,20,19,19,x,24,29,28,22,16,10,13,13,14,12,11,9.2,6.1,6.7,6.9,6.5,9.7
40,朴子,10,風速,WIND_SPEED,m/sec,1998-11-03,0.7,0.6,1,1,0.2,0.2,0,0,0.1,0.5,0.8,0.6,1.2,1.2,1.8,1.7,2.7,2.6,2.7,2.8,2.1,1.9,1.7,0.9
40,朴子,11,風向,WIND_DIREC,degrees,1998-11-03,11,349,19,57,24,24,13,10,17,356,338,350,33,360,359,359,353,359,16,24,19,19,30,9
40,朴子,14,溫度,AMB_TEMP,℃,1998-11-03,21.6,21.2,20.9,20.5,20.4,20.3,20.5,21.8,24.1,26.1,27.5,28.2,29.4,30.4,30,29,27,24.8,24,23.7,23.7,23.8,23.7,23.6
41,臺西,1,二氧化硫,SO2,ppb,1998-11-03,5.1,3.6,7.2,5.5,3.8,3.5,3.4,5.5,6.4,6.1,11,22,5.9,7.9,7.7,13,2.6,1.1,0.4,0.4,0.4,0.5,0.3,0.4
41,臺西,2,一氧化碳,CO,ppm,1998-11-03,0.4,0.3,0.3,0.2,0.3,0.3,0.5,0.8,0.6,0.6,0.5,0.5,0.5,0.4,0.4,0.3,0.3,0.3,0.3,0.3,0.3,0.3,0.2,0.2
41,臺西,3,臭氧,O3,ppb,1998-11-03,20,23,20,21,16,19,x,20,24,35,56,54,83,84,75,50,55,52,49,47,46,44,43,43
41,臺西,4,懸浮微粒,PM10,μg/m3,1998-11-03,51,101,81,65,58,74,57,94,109,120,126,108,158,95,104,102,88,79,86,39,65,59,29,65
41,臺西,5,氮氧化物,NOx,ppb,1998-11-03,21,16,19,x,22,21,26,33,32,28,25,31,14,15,16,23,6.7,4.6,4.1,3.8,3.5,3.6,3.8,3.9
41,臺西,6,一氧化氮,NO,ppb,1998-11-03,0.1,0,0,x,0.3,0.4,3.6,10,10,6.8,4.5,6.4,1,1.3,1.4,3.2,0.4,0.2,0.3,0.2,0.2,0.2,0.2,0.1
41,臺西,7,二氧化氮,NO2,ppb,1998-11-03,21,16,19,x,22,20,23,23,21,21,20,25,13,14,14,20,6.4,4.4,3.8,3.6,3.4,3.4,3.5,3.7
41,臺西,10,風速,WIND_SPEED,m/sec,1998-11-03,0.9,0.8,1.1,1,0.7,0.4,0.1,0.1,0.3,0.4,0.8,1.7,1.8,2,2.3,3,3.1,3,2.5,2.6,2.9,2.8,2.1,2.2
41,臺西,11,風向,WIND_DIREC,degrees,1998-11-03,19,17,20,26,25,29,37,29,24,12,2,9,10,11,10,10,11,12,12,12,12,12,13,12
41,臺西,14,溫度,AMB_TEMP,℃,1998-11-03,22.5,22.3,22.3,21.9,21.4,21.5,21.2,21.9,23.6,25.5,26.7,27.4,27.8,28,27.6,26.7,25.5,24.9,24.7,24.7,24.8,24.8,24.8,24.7
42,嘉義,1,二氧化硫,SO2,ppb,1998-11-03,4.8,4.6,3.7,4.8,3.2,1.8,1.7,2.2,4.2,4.7,7.4,35,7.4,6.4,6.8,5.8,6.6,5.4,12,16,11,9.1,14,16
42,嘉義,2,一氧化碳,CO,ppm,1998-11-03,1,1,0.7,0.8,0.8,0.9,0.9,1,1.4,1.5,1.2,1.1,1,0.9,0.9,1,1.1,1,0.9,0.9,0.9,1,1,0.8
42,嘉義,3,臭氧,O3,ppb,1998-11-03,2.9,2.4,1.9,2,4.4,2.6,x,8.5,14,28,27,37,72,81,85,78,57,36,19,7.8,7.1,5,2.8,2.7
42,嘉義,4,懸浮微粒,PM10,μg/m3,1998-11-03,113,115,122,123,134,150,151,174,162,140,146,187,190,184,173,188,206,200,195,181,150,128,108,113
42,嘉義,5,氮氧化物,NOx,ppb,1998-11-03,44,58,49,x,34,35,28,31,48,54,60,59,28,24,27,32,34,36,41,49,46,49,58,69
42,嘉義,6,一氧化氮,NO,ppb,1998-11-03,7.1,22,19,x,3.1,3.7,2.7,6.6,10,6.2,7.9,7.4,0.7,0.4,0.3,0.4,0.5,1.2,3.1,6.6,7.2,11,16,25
42,嘉義,7,二氧化氮,NO2,ppb,1998-11-03,37,36,30,x,31,31,26,25,38,48,52,52,27,24,27,32,33,35,38,42,39,38,41,43
42,嘉義,8,總碳氫化合物,THC,ppm,1998-11-03,3,3.1,2.7,2.8,2.8,3.1,2.8,2.7,3.2,3.2,3.1,2.9,2.6,2.5,2.7,2.7,2.6,2.6,2.6,2.6,2.5,2.7,2.7,2.7
42,嘉義,9,非甲烷碳氫化合物,NMHC,ppm,1998-11-03,0.3,0.3,0.2,0.2,0.3,0.3,0.3,0.4,0.7,0.8,0.6,0.5,0.3,0.3,0.4,0.4,0.4,0.4,0.5,0.6,0.3,0.5,0.5,0.5
42,嘉義,10,風速,WIND_SPEED,m/sec,1998-11-03,0,0.3,1.4,1.2,0.8,0.4,0.3,0.3,0.5,0.5,1,1.1,1.3,1.4,1.1,1.3,1.7,2.4,2.5,2.3,1.8,1.4,0.9,1.2
42,嘉義,11,風向,WIND_DIREC,degrees,1998-11-03,999,302,10,46,34,77,146,171,293,311,327,355,2,9,12,342,336,1,5,6,12,9,7,6
42,嘉義,14,溫度,AMB_TEMP,℃,1998-11-03,22.5,22.2,21.5,21.7,21.7,21.5,21.6,22.4,23.6,25,25.7,26.8,28.3,28.9,29.3,28.5,27.4,26.1,24.9,24.3,24,23.9,23.8,23.7
42,嘉義,31,甲烷,CH4,ppm,1998-11-03,2.7,2.8,2.5,2.6,2.5,2.8,2.5,2.3,2.5,2.5,2.5,2.3,2.3,2.2,2.3,2.3,2.2,2.1,2.1,2.1,2.2,2.2,2.2,2.2
43,新營,1,二氧化硫,SO2,ppb,1998-11-03,3.9,2.9,2.9,4.7,4.4,3.9,3.7,3.6,4.8,3.5,3.3,5.7,6.4,5.6,7.3,8.5,8.8,3.8,2.1,2.8,6.9,4.7,3.7,4.9
43,新營,2,一氧化碳,CO,ppm,1998-11-03,0.4,0.4,0.3,0.4,0.4,0.5,0.6,0.8,1,0.8,0.8,0.6,0.5,0.5,0.7,0.6,0.7,0.6,0.4,0.3,0.3,0.3,0.3,0.3
43,新營,3,臭氧,O3,ppb,1998-11-03,1.7,2.4,4,2.7,1.4,2.1,x,5.2,10,17,23,48,76,94,106,105,92,49,31,27,19,17,14,8.7
43,新營,4,懸浮微粒,PM10,μg/m3,1998-11-03,98,75,66,82,84,80,94,109,132,136,153,165,149,143,143,157,171,172,154,124,96,92,82,52
43,新營,5,氮氧化物,NOx,ppb,1998-11-03,42,32,25,x,36,31,35,36,43,42,43,29,18,17,19,20,23,20,19,15,19,17,17,22
43,新營,6,一氧化氮,NO,ppb,1998-11-03,10,5.4,1.3,x,11,5.3,6.8,10,12,10,8.7,2.6,0.1,0,0,0,0,0,0,0,0.1,0.1,0,0.2
43,新營,7,二氧化氮,NO2,ppb,1998-11-03,32,27,24,x,25,26,28,25,31,31,35,26,18,17,19,20,23,20,19,15,19,17,17,22
43,新營,8,總碳氫化合物,THC,ppm,1998-11-03,2.5,2.9,x,2.7,2.8,2.7,2.8,2.9,3,2.9,2.9,2.8,2.6,2.6,2.6,2.5,2.6,2.4,2.4,2.3,2.3,2.3,2.4,2.4
43,新營,9,非甲烷碳氫化合物,NMHC,ppm,1998-11-03,0.1,0.3,x,0.1,0.2,0.1,0.4,0.4,0.4,0.4,0.3,0.2,0.1,0.1,0.2,0.1,0.2,0.1,0,0.1,0,0,0,0
43,新營,10,風速,WIND_SPEED,m/sec,1998-11-03,0.9,1,1.3,1.2,0.6,0.9,0.4,0.2,0.6,0.7,0.9,1.1,1.2,1.4,1.3,0.7,1.2,2.6,2.2,2.1,2.2,1.9,1.2,1.3
43,新營,11,風向,WIND_DIREC,degrees,1998-11-03,4,324,336,22,25,75,888,888,318,353,345,8,3,5,20,359,345,348,352,6,1,7,9,8
43,新營,14,溫度,AMB_TEMP,℃,1998-11-03,22.6,22.2,21.7,21.8,21.7,21.8,21.9,22.2,23,24.4,25.4,27,27.9,29,29,28.9,28.8,26.7,25.2,24.6,24.4,24.3,24.2,24.1
43,新營,21,酸雨,PH_RAIN,pH,1998-11-03,0,0,0,0,0,0,0,0,0,0,0,0,0,0,0,0,0,0,0,0,0,0,0,0
43,新營,22,導電度,RAIN_COND,μmho/cm,1998-11-03,0,0,0,0,0,0,0,0,0,0,0,0,0,0,0,0,0,0,0,0,0,0,0,0
43,新營,31,甲烷,CH4,ppm,1998-11-03,2.4,2.6,x,2.6,2.6,2.6,2.4,2.4,2.6,2.5,2.6,2.6,2.5,2.5,2.4,2.4,2.4,2.3,2.4,2.3,2.3,2.3,2.4,2.4
43,新營,32,降雨強度,RAIN_INT,㎜,1998-11-03,0,0,0,0,0,0,0,0,0,0,0,0,0,0,0,0,0,0,0,0,0,0,0,0
44,善化,1,二氧化硫,SO2,ppb,1998-11-03,6.9,4.3,2.8,3.2,6.9,4.3,2.7,6.4,10,6.4,6.9,6.3,7.1,7.3,6.7,4.9,5.2,4.6,3,2.9,5.6,7,8.2,7.5
44,善化,2,一氧化碳,CO,ppm,1998-11-03,0.7,0.6,0.5,0.5,0.6,0.6,0.6,0.6,0.7,0.9,0.7,0.7,0.7,0.7,0.7,0.6,0.8,0.8,0.5,0.5,0.4,0.4,0.4,0.4
44,善化,3,臭氧,O3,ppb,1998-11-03,2.6,1.1,2.1,3.3,1.4,2.2,x,5.7,8.8,26,37,54,72,90,96,100,97,69,44,32,24,20,7.4,7.2
44,善化,4,懸浮微粒,PM10,μg/m3,1998-11-03,86,94,87,83,87,67,72,75,84,106,111,115,156,170,208,208,194,194,165,133,102,65,42,42
44,善化,5,氮氧化物,NOx,ppb,1998-11-03,26,29,22,x,25,25,24,26,30,26,25,22,19,17,15,13,20,24,13,13,14,14,29,23
44,善化,6,一氧化氮,NO,ppb,1998-11-03,1.5,6.1,1.5,x,3.1,3.3,2.9,7.4,9.3,3.1,2.6,1.1,0.3,0.2,0.1,0,0,0,0,0,0,0,1.6,0.2
44,善化,7,二氧化氮,NO2,ppb,1998-11-03,24,23,21,x,22,22,21,19,20,22,22,21,18,17,14,13,20,24,13,13,14,14,27,23
44,善化,10,風速,WIND_SPEED,m/sec,1998-11-03,0.6,0.7,0.8,1,1,1,0.8,0.8,0.5,0.4,1.3,1.6,1.4,1.9,1.9,1,0.9,2.1,3.1,2.6,3,1.8,1.3,1.3
44,善化,11,風向,WIND_DIREC,degrees,1998-11-03,355,323,351,4,22,81,112,112,42,3,330,337,352,353,355,357,354,342,356,355,356,1,6,1
44,善化,14,溫度,AMB_TEMP,℃,1998-11-03,22.4,22,21.8,21.9,22.1,21.9,21.9,22.4,23.8,25.5,26.5,27.6,28.9,29.3,29.3,28.6,28.5,27.4,25.8,24.9,24.4,24.3,24.2,24
45,安南,1,二氧化硫,SO2,ppb,1998-11-03,7.1,5.4,3.1,4.1,5.6,5.1,8.9,14,15,12,12,7.6,5.6,5.1,6.8,6.9,6,3.9,2.8,2.2,2.7,3.6,3.4,3.3
45,安南,2,一氧化碳,CO,ppm,1998-11-03,0.6,0.6,0.6,0.6,0.6,0.6,0.8,1.1,1.1,1,1,0.9,0.8,0.8,0.7,0.8,0.9,0.8,0.6,0.5,0.5,0.5,0.5,0.5
45,安南,3,臭氧,O3,ppb,1998-11-03,3.3,4,6.8,4.2,3,3.1,x,7.2,10,19,42,68,93,103,101,105,105,72,49,38,34,30,25,15
45,安南,4,懸浮微粒,PM10,μg/m3,1998-11-03,76,75,70,70,67,68,63,69,102,108,110,110,125,146,146,130,151,160,150,129,101,70,57,37
45,安南,5,氮氧化物,NOx,ppb,1998-11-03,41,31,21,x,34,37,55,62,55,46,39,25,19,15,18,21,23,19,14,14,12,13,15,23
45,安南,6,一氧化氮,NO,ppb,1998-11-03,8.5,4.1,0.7,x,7.2,12,28,31,23,13,4.6,1.4,0.2,0.1,0.1,0.1,0.1,0,0,0,0,0,0,0.2
45,安南,7,二氧化氮,NO2,ppb,1998-11-03,32,27,21,x,26,24,27,31,32,33,34,24,18,15,18,21,23,19,14,14,12,13,15,23
45,安南,10,風速,WIND_SPEED,m/sec,1998-11-03,1.3,0.9,0.8,0.7,0.8,0.7,0.6,0.6,0.7,0.8,1.2,1.4,1.6,2,1.1,0.7,1.2,2.9,3.1,2.9,3,2.1,1.8,1.7
45,安南,11,風向,WIND_DIREC,degrees,1998-11-03,360,357,349,2,49,95,107,58,32,32,5,346,351,360,6,17,21,354,10,9,7,16,19,12
45,安南,14,溫度,AMB_TEMP,℃,1998-11-03,22.3,22,21.7,21.7,21.5,21.4,21.8,22.3,22.9,24.2,25.5,26.7,27.3,27.7,28.2,28.2,28.2,26.5,25.5,24.7,24.3,24.2,24.1,23.9
46,臺南,1,二氧化硫,SO2,ppb,1998-11-03,7.1,7.6,7.6,6,5.9,9.5,11,23,11,20,14,10,8,5.3,7,7.7,7.6,6.5,5,3.8,6.7,8.4,7.5,6.1
46,臺南,2,一氧化碳,CO,ppm,1998-11-03,0.8,0.8,0.7,0.8,0.7,0.7,0.8,1.7,2.2,2.1,1.5,1.2,1.1,1,1,1.1,1.6,2,1.5,1.1,0.8,1.2,1,0.8
46,臺南,3,臭氧,O3,ppb,1998-11-03,2.3,1.8,1.8,2,1.7,2.1,2.6,4.3,9.8,19,44,71,91,96,95,86,77,58,39,26,17,12,10,9.7
46,臺南,4,懸浮微粒,PM10,μg/m3,1998-11-03,x,x,x,x,x,x,x,x,x,x,x,x,x,x,x,x,x,x,x,x,x,x,x,x
46,臺南,5,氮氧化物,NOx,ppb,1998-11-03,39,41,41,x,40,48,48,63,67,78,49,35,25,21,22,27,35,42,31,28,28,32,28,24
46,臺南,6,一氧化氮,NO,ppb,1998-11-03,6.8,9.2,10,x,15,23,22,34,25,20,6.6,2.4,0.8,0.5,0.5,0.5,0.2,0.5,1,1.4,2,3.9,2.4,2.3
46,臺南,7,二氧化氮,NO2,ppb,1998-11-03,32,32,31,x,25,25,26,29,42,58,43,32,24,20,22,27,34,41,30,26,26,28,25,22
46,臺南,8,總碳氫化合物,THC,ppm,1998-11-03,2.7,x,x,2.6,2.7,2.9,2.8,3.2,3.4,3.6,3,2.8,2.7,2.6,2.7,2.7,3.1,3.2,2.9,2.7,2.6,2.7,2.6,2.5
46,臺南,9,非甲烷碳氫化合物,NMHC,ppm,1998-11-03,0.4,x,x,0.4,0.4,0.4,0.4,0.7,1.1,1.2,0.8,0.6,0.5,0.4,0.5,0.5,0.9,1.1,0.8,0.6,0.5,0.6,0.5,0.4
46,臺南,14,溫度,AMB_TEMP,℃,1998-11-03,22.3,22,21.7,21.6,21.4,21.3,21.1,21.5,23,24.3,25.5,26.3,27,27.9,28.3,27.6,27.3,26.6,25.4,24.5,24,23.8,23.8,23.5
46,臺南,31,甲烷,CH4,ppm,1998-11-03,2.2,x,x,2.2,2.3,2.5,2.4,2.4,2.4,2.4,2.2,2.2,2.2,2.2,2.2,2.2,2.2,2.2,2.1,2.1,2.1,2.1,2.1,2.1
47,美濃,1,二氧化硫,SO2,ppb,1998-11-03,1.6,1.2,0.9,0.6,0.5,0.7,0.7,1.6,1.6,x,7.4,5,4.4,4.3,6.5,7.4,7.1,6.1,4.5,4.1,3.7,3.3,3.2,2.7
47,美濃,2,一氧化碳,CO,ppm,1998-11-03,0.7,0.7,0.7,0.7,0.6,0.6,0.7,0.8,0.8,x,0.7,0.6,0.5,0.6,0.7,0.8,0.8,0.8,1,0.9,0.9,0.9,0.8,0.8
47,美濃,3,臭氧,O3,ppb,1998-11-03,7.2,5.5,3.8,3.1,2.8,4,x,11,24,x,50,66,69,77,101,96,95,84,53,40,31,25,24,18
47,美濃,4,懸浮微粒,PM10,μg/m3,1998-11-03,165,160,218,201,192,171,170,150,130,x,x,82,120,102,113,144,180,204,199,197,183,159,145,142
47,美濃,5,氮氧化物,NOx,ppb,1998-11-03,21,20,21,x,21,19,17,19,15,x,12,7.7,7.2,9.1,15,22,23,21,26,21,22,21,17,16
47,美濃,6,一氧化氮,NO,ppb,1998-11-03,0.5,0.4,0.5,x,3.3,4.4,3.9,4.9,1.3,x,2.8,0.1,0.1,0.1,0.1,0.1,0.1,0.1,0.1,0.1,0.1,0.5,0.1,0.2
47,美濃,7,二氧化氮,NO2,ppb,1998-11-03,20,20,21,x,17,14,13,14,14,x,8.8,7.7,7.1,9.1,15,22,23,21,26,21,22,21,16,15
47,美濃,10,風速,WIND_SPEED,m/sec,1998-11-03,0,0,0,0.1,0,0.3,0.1,0.3,0.6,0.8,1.1,0.9,1.2,1.9,1.7,1.4,1.4,0.2,0.7,1,0.5,0.7,0.8,0.4
47,美濃,11,風向,WIND_DIREC,degrees,1998-11-03,999,999,999,255,999,888,321,888,242,258,229,888,239,277,276,277,306,334,324,39,35,35,34,26
47,美濃,14,溫度,AMB_TEMP,℃,1998-11-03,22.8,22.8,22.7,22.5,22.4,22.2,22.3,23.6,25.3,27.1,28.5,29.5,30.2,30.1,28.8,28.4,27.8,27.4,26.5,25.8,25.4,24.7,24.1,23.9
48,橋頭,1,二氧化硫,SO2,ppb,1998-11-03,9,6.1,6.3,7.5,4.4,6.1,3.6,2.1,3.6,9.2,16,21,13,12,9.4,5.3,5.3,6.3,7.7,7.3,6.5,8.8,9.2,12
48,橋頭,2,一氧化碳,CO,ppm,1998-11-03,0.7,0.7,0.8,0.7,0.3,0.4,0.5,0.6,0.5,0.7,0.6,0.6,0.5,0.3,0.2,0.4,0.5,1,1.1,0.9,0.4,0.3,0.3,0.3
48,橋頭,3,臭氧,O3,ppb,1998-11-03,1.1,1.6,1.3,1.6,1,1.3,x,2.5,9.6,24,52,86,95,94,84,76,78,61,42,27,19,8.2,4.6,1.5
48,橋頭,4,懸浮微粒,PM10,μg/m3,1998-11-03,100,98,93,93,98,93,107,120,107,115,132,154,160,160,138,108,87,87,110,144,157,137,119,99
48,橋頭,5,氮氧化物,NOx,ppb,1998-11-03,39,39,42,x,36,36,52,59,42,40,53,37,27,18,19,17,19,26,36,47,36,30,31,33
48,橋頭,6,一氧化氮,NO,ppb,1998-11-03,11,14,20,x,15,17,29,36,19,9.3,3.4,0.2,0.1,0.1,0.1,0.1,0.1,0.1,0.1,0.3,0.4,0.6,1.6,5.1
48,橋頭,7,二氧化氮,NO2,ppb,1998-11-03,28,25,23,x,21,19,23,23,23,31,50,37,27,18,18,17,19,26,36,46,35,29,29,28
48,橋頭,8,總碳氫化合物,THC,ppm,1998-11-03,2.8,2.7,x,3.1,3,3.1,3.1,2.9,2.8,2.9,3,2.8,2.5,2.4,2.3,2.4,2.6,3,3.1,3,2.5,2.6,2.7,2.6
48,橋頭,9,非甲烷碳氫化合物,NMHC,ppm,1998-11-03,0.2,0.1,x,0.4,0.2,0.3,0.2,0.3,0.2,0.4,0.5,0.4,0.3,0.2,0,0.2,0.3,0.7,0.8,0.6,0.2,0.2,0.2,0.2
48,橋頭,10,風速,WIND_SPEED,m/sec,1998-11-03,1.8,0.7,0.5,0.8,1,0.7,1.3,1.9,0.7,1.4,1.4,1.9,2.8,3.1,2.2,2.5,1.6,0.4,0.3,1.9,2.3,1.8,2,1.8
48,橋頭,11,風向,WIND_DIREC,degrees,1998-11-03,12,26,339,13,39,357,41,42,39,317,328,274,260,259,248,256,293,321,57,354,5,12,7,5
48,橋頭,14,溫度,AMB_TEMP,℃,1998-11-03,22.1,21.9,21.9,21.7,21.2,21.5,21.3,21.7,23.9,27,27.8,28.1,28.1,28.3,27.7,27.1,26.7,26.4,26.3,25.8,24.9,24.3,23.9,23.6
48,橋頭,21,酸雨,PH_RAIN,pH,1998-11-03,0,0,0,0,0,0,0,0,0,0,0,0,0,0,0,0,0,0,0,0,0,0,0,0
48,橋頭,22,導電度,RAIN_COND,μmho/cm,1998-11-03,0,0,0,0,0,0,0,0,0,0,0,0,0,0,0,0,0,0,0,0,0,0,0,0
48,橋頭,31,甲烷,CH4,ppm,1998-11-03,2.6,2.6,x,2.7,2.8,2.7,2.8,2.6,2.6,2.5,2.5,2.4,2.2,2.1,2.3,2.2,2.3,2.3,2.3,2.4,2.3,2.4,2.4,2.4
48,橋頭,32,降雨強度,RAIN_INT,㎜,1998-11-03,x,x,x,x,x,x,x,x,x,x,x,x,x,x,x,x,x,x,x,x,x,x,x,x
49,仁武,1,二氧化硫,SO2,ppb,1998-11-03,13,9,11,11,10,14,6.6,15,17,38,58,16,13,12,18,21,7.8,6.5,6,13,13,9.1,8.4,12
49,仁武,2,一氧化碳,CO,ppm,1998-11-03,0.7,0.8,0.9,0.8,0.9,0.9,0.9,1.5,1.1,1,1,0.9,0.7,0.6,0.6,0.6,0.7,1.1,1.4,1.6,0.8,0.8,0.8,0.7
49,仁武,3,臭氧,O3,ppb,1998-11-03,6.4,6.8,6.5,5.9,6.1,6.2,x,8,16,32,49,91,89,79,80,74,82,45,41,15,19,9.7,8.5,7.3
49,仁武,4,懸浮微粒,PM10,μg/m3,1998-11-03,122,124,124,124,128,136,143,144,162,158,150,157,x,x,106,122,122,104,136,154,189,192,169,147
49,仁武,5,氮氧化物,NOx,ppb,1998-11-03,57,51,65,x,68,68,58,109,55,82,92,x,25,30,34,38,27,57,57,80,74,50,45,42
49,仁武,6,一氧化氮,NO,ppb,1998-11-03,23,21,33,x,39,37,33,74,22,19,13,x,0.4,0.1,0,0.1,0,0.1,0,8.1,34,7.9,6.8,6.2
49,仁武,7,二氧化氮,NO2,ppb,1998-11-03,34,31,32,x,30,31,25,35,34,63,79,x,25,30,34,38,27,57,57,72,41,43,38,35
49,仁武,8,總碳氫化合物,THC,ppm,1998-11-03,2.7,2.6,4,6.3,4.6,6.2,2.2,2.9,2.9,3.2,3.9,2.2,1.9,1.8,2.1,2.1,2.2,2.5,2.6,3.4,2.6,2.6,2.5,2.5
49,仁武,9,非甲烷碳氫化合物,NMHC,ppm,1998-11-03,0.6,0.4,1.5,2.3,1.3,3.4,0.7,1.3,0.6,0.9,1.1,0.3,0.2,0.1,0.1,0.1,0.2,0.3,0.5,0.9,0.5,0.4,0.3,0.3
49,仁武,10,風速,WIND_SPEED,m/sec,1998-11-03,1.9,0.6,0,0.7,0.4,0.7,0.9,0.6,0.9,0.3,1.6,2.9,3,3.7,2.9,2.9,1.7,0.7,0,0.8,2.7,1.4,1.8,2.1
49,仁武,11,風向,WIND_DIREC,degrees,1998-11-03,347,328,283,351,53,345,73,62,78,888,304,277,276,287,277,282,278,245,234,75,350,342,329,347
49,仁武,14,溫度,AMB_TEMP,℃,1998-11-03,23.1,22.9,22.9,22.8,22.6,22.7,22.2,23.3,25,27.3,28.3,28.3,28.9,28.2,27.5,27.1,26.9,26.9,26.9,26.6,25.9,25.4,24.9,24.5
49,仁武,31,甲烷,CH4,ppm,1998-11-03,2.1,2.1,2.5,4,3.3,2.8,1.5,1.6,2.3,2.3,2.7,1.9,1.8,1.7,2,2,1.9,2.2,2.1,2.4,2.1,2.2,2.2,2.2
50,鳳山,1,二氧化硫,SO2,ppb,1998-11-03,13,7.1,17,15,11,11,11,14,39,52,26,13,13,8,11,11,11,12,13,17,12,11,9.6,11
50,鳳山,2,一氧化碳,CO,ppm,1998-11-03,0.8,0.7,0.7,0.9,0.9,0.9,1.2,1.9,1.4,1.6,1.5,1,0.9,0.9,1,1.2,1.2,1.9,2.5,1.8,1.5,1.4,1.2,0.9
50,鳳山,3,臭氧,O3,ppb,1998-11-03,2.7,5.3,2.1,1.9,1.4,1.7,x,4.7,7.2,20,57,73,70,69,65,61,53,36,16,16,19,6.9,7.3,4.8
50,鳳山,4,懸浮微粒,PM10,μg/m3,1998-11-03,136,122,121,110,130,125,125,139,165,166,166,161,135,79,45,70,85,86,136,152,186,187,187,162
50,鳳山,5,氮氧化物,NOx,ppb,1998-11-03,60,30,59,x,57,68,86,91,116,116,93,44,32,26,33,41,44,64,85,75,61,63,45,47
50,鳳山,6,一氧化氮,NO,ppb,1998-11-03,26,3.4,25,x,26,38,54,50,56,36,8.1,1.8,1.8,0.9,1,1,0.8,0.7,5,2.9,2.3,11,4.8,10
50,鳳山,7,二氧化氮,NO2,ppb,1998-11-03,34,27,34,x,30,30,33,42,61,81,85,42,30,26,32,40,44,63,80,73,59,52,41,37
50,鳳山,10,風速,WIND_SPEED,m/sec,1998-11-03,0.6,0.2,0,0,0,0,0,0.2,0.3,0.2,0.3,0.8,1.3,1.5,0.8,0.5,0.9,x,0.1,x,0.3,0.3,0.6,0.3
50,鳳山,11,風向,WIND_DIREC,degrees,1998-11-03,12,319,999,330,330,999,12,350,5,330,355,323,329,316,312,315,315,50,325,44,28,327,349,352
50,鳳山,14,溫度,AMB_TEMP,℃,1998-11-03,23.2,23,23.1,23.2,22.9,22.9,23.3,24.5,25.5,28.4,29.6,30.1,31.3,29.6,28.4,28.1,27.5,27.2,27.1,26.9,26.5,25.7,25.1,24.6
50,鳳山,33,細懸浮微粒,PM2.5,μg/m3,1998-11-03,86,89,84,100,89,102,80,110,125,129,122,120,103,85,80,94,99,103,118,111,127,111,89,77
51,大寮,1,二氧化硫,SO2,ppb,1998-11-03,10,9.1,8.2,8.5,7.3,9.1,13,20,23,22,24,18,18,15,11,14,19,20,17,17,11,10,11,13
51,大寮,2,一氧化碳,CO,ppm,1998-11-03,1,0.9,1,1,0.9,1.1,1.2,1.5,1.2,1.3,1.8,1.1,0.9,0.9,0.8,1,1.1,1.3,1.5,1.3,1.2,1.4,1.3,1.2
51,大寮,3,臭氧,O3,ppb,1998-11-03,3.6,5.6,4.7,4.5,4.4,4.7,x,6.7,11,33,57,91,107,77,58,46,28,14,11,18,24,12,15,8.7
51,大寮,4,懸浮微粒,PM10,μg/m3,1998-11-03,121,119,128,128,179,180,201,217,181,190,180,140,120,121,121,109,135,146,173,205,196,195,213,227
51,大寮,5,氮氧化物,NOx,ppb,1998-11-03,44,28,30,x,35,46,56,96,68,49,50,45,43,37,38,53,63,75,74,55,x,48,39,37
51,大寮,6,一氧化氮,NO,ppb,1998-11-03,7.4,0.6,2.5,x,6.8,19,28,54,24,7.8,5.9,1.5,0.4,0.2,0.9,1.2,1.4,1.8,6.5,9.9,x,2.5,1.3,1.1
51,大寮,7,二氧化氮,NO2,ppb,1998-11-03,36,27,27,x,28,27,28,42,44,41,44,43,43,37,37,52,61,73,68,45,x,46,37,36
51,大寮,8,總碳氫化合物,THC,ppm,1998-11-03,2.8,x,3.2,4.3,3.7,4.2,4.6,4.6,3.5,2.8,2.5,1.7,2.7,2.7,2.8,3.4,3.2,3,3.4,3.1,2.8,4,3.2,3.2
51,大寮,9,非甲烷碳氫化合物,NMHC,ppm,1998-11-03,0.4,x,0.7,1.2,0.9,1.5,1.6,1.6,0.9,0.5,0.4,0.3,0.5,0.6,0.7,1.2,1.1,1,1.2,0.7,0.6,1.6,0.9,0.9
51,大寮,10,風速,WIND_SPEED,m/sec,1998-11-03,1.4,0.7,0,0.3,0.1,0.2,0,0.6,1,0.9,0.8,0.9,0.4,1.6,1.8,1.4,1,0,0.2,0.5,0.2,0.4,0.6,0.7
51,大寮,11,風向,WIND_DIREC,degrees,1998-11-03,343,312,303,318,320,299,68,341,2,311,324,312,136,255,270,275,286,168,888,125,140,323,353,306
51,大寮,14,溫度,AMB_TEMP,℃,1998-11-03,23.6,23.3,23.2,23,23.2,23.2,23.5,25,25.8,28.1,30.6,30.9,30.4,29.6,29.6,28.9,27.9,27.5,27.4,26.7,26.5,26.1,25.4,24.7
51,大寮,31,甲烷,CH4,ppm,1998-11-03,2.3,x,2.5,3.1,2.8,2.7,3,3.1,2.7,2.3,2.2,1.4,2.2,2.1,2.1,2.1,2.1,2.1,2.2,2.3,2.2,2.4,2.3,2.3
52,林園,1,二氧化硫,SO2,ppb,1998-11-03,37,23,15,8.5,9.1,9.1,4.9,13,16,25,27,11,6.7,8.1,9.7,18,18,13,11,9.9,7.6,6.3,4.7,11
52,林園,2,一氧化碳,CO,ppm,1998-11-03,1,0.9,0.7,0.7,0.7,0.7,0.8,0.8,0.8,1,1.2,0.7,0.5,0.5,0.5,0.5,0.5,0.6,0.6,0.9,0.7,0.6,0.9,0.8
52,林園,3,臭氧,O3,ppb,1998-11-03,9.9,12,11,14,12,11,x,20,28,38,81,105,94,94,81,65,54,48,57,48,65,80,x,28
52,林園,4,懸浮微粒,PM10,μg/m3,1998-11-03,234,271,271,363,251,x,312,157,111,101,x,x,103,118,113,100,95,71,92,63,83,105,111,173
52,林園,5,氮氧化物,NOx,ppb,1998-11-03,107,61,34,x,28,45,29,49,63,80,72,24,11,14,14,24,29,28,23,30,23,12,37,35
52,林園,6,一氧化氮,NO,ppb,1998-11-03,61,20,3.1,x,1.3,16,5.7,13,13,16,4.7,0.4,0.3,0.4,0.3,0.5,0.5,0.2,0.2,0.4,0.8,0.1,0.3,0.4
52,林園,7,二氧化氮,NO2,ppb,1998-11-03,46,41,30,x,27,29,24,37,50,63,67,24,11,14,13,24,28,27,22,30,22,12,37,34
52,林園,8,總碳氫化合物,THC,ppm,1998-11-03,4,3.5,2.9,2.8,3.1,2.9,2.8,3.5,3.3,3.3,3.1,2.1,2,2,2.3,2.3,2.3,2.1,2,3,2.4,2.1,3,2.8
52,林園,9,非甲烷碳氫化合物,NMHC,ppm,1998-11-03,1.4,1.1,0.3,0.3,0.6,0.6,0.3,1,0.9,0.7,0.8,0.2,0.1,0.2,0.2,0.1,0.1,0.2,0.2,0.5,0.2,0.1,0.4,0.3
52,林園,10,風速,WIND_SPEED,m/sec,1998-11-03,1.5,0.6,1,0.6,0,0.1,0.8,1,1.6,0.9,1.7,2.3,2.8,3.3,3.3,2.8,2.2,0.3,0.9,0.3,0.5,0.6,1.7,0.2
52,林園,11,風向,WIND_DIREC,degrees,1998-11-03,30,21,56,43,999,85,67,53,51,72,234,253,269,273,278,278,279,260,274,74,136,136,50,888
52,林園,14,溫度,AMB_TEMP,℃,1998-11-03,23.7,23.6,22.9,22.9,22.9,23,23.3,23.8,24.7,26.4,27.3,27.4,27,27,26.7,26.4,26.4,26.7,26.4,26.1,26.1,26.1,24.8,24.8
52,林園,31,甲烷,CH4,ppm,1998-11-03,2.6,2.4,2.5,2.5,2.6,2.3,2.5,2.5,2.5,2.6,2.3,1.9,1.8,1.8,2.1,2.1,2.2,1.9,1.8,2.5,2.2,2,2.6,2.5
52,林園,33,細懸浮微粒,PM2.5,μg/m3,1998-11-03,74,93,106,91,84,98,114,103,95,117,146,146,125,112,82,43,42,61,72,68,74,97,109,108
53,楠梓,1,二氧化硫,SO2,ppb,1998-11-03,4.2,3.1,2.9,3.9,3.4,1.7,3,1.2,2.8,9,15,17,12,12,7.2,4.5,4.8,6.9,6.6,5.5,4.3,4.6,5.9,7.4
53,楠梓,2,一氧化碳,CO,ppm,1998-11-03,0.6,0.6,0.6,0.7,0.7,0.7,0.9,0.9,0.7,0.7,1,0.9,0.8,0.6,0.6,0.7,0.8,1.2,1.3,1.3,0.7,0.6,0.6,0.6
53,楠梓,3,臭氧,O3,ppb,1998-11-03,4.6,4.7,3.9,3.9,3.7,3.8,x,4.1,11,33,51,91,106,93,88,78,69,55,34,12,21,12,6.1,2.2
53,楠梓,4,懸浮微粒,PM10,μg/m3,1998-11-03,99,93,84,84,90,89,97,120,128,101,86,129,161,161,134,117,100,105,126,163,183,159,131,108
53,楠梓,5,氮氧化物,NOx,ppb,1998-11-03,35,24,26,x,36,34,75,64,39,34,65,40,26,22,19,21,29,48,60,68,30,30,31,38
53,楠梓,6,一氧化氮,NO,ppb,1998-11-03,6.5,0.1,2,x,15,12,45,39,17,7.2,8.9,1.3,0.1,0.2,0.3,0.1,0.2,0.6,0.9,3.8,0.1,0.4,0.9,6.1
53,楠梓,7,二氧化氮,NO2,ppb,1998-11-03,28,24,24,x,21,21,30,26,23,27,56,38,26,22,19,21,29,48,59,64,30,30,30,32
53,楠梓,8,總碳氫化合物,THC,ppm,1998-11-03,2.7,2.7,2.5,2.8,3,2.7,2.6,2.5,2.4,2.7,3.2,3.5,3.9,3.6,4.7,4.7,4.6,7.7,5.3,3.4,2.5,2.7,2.6,2.9
53,楠梓,9,非甲烷碳氫化合物,NMHC,ppm,1998-11-03,0.2,0.2,0.3,0.4,0.3,0.3,0.4,0.4,0.2,0.4,0.7,0.7,0.8,0.7,0.7,0.4,2.2,3.4,1.3,0.9,0.3,0.5,0.4,0.5
53,楠梓,10,風速,WIND_SPEED,m/sec,1998-11-03,0.8,0.1,x,0.1,0.1,0.3,0.8,1.4,0.8,0.5,1.3,1.8,2.2,2.8,2.2,2.1,1.3,0.4,x,0.2,0.6,0.1,0.3,0.1
53,楠梓,11,風向,WIND_DIREC,degrees,1998-11-03,45,888,64,888,888,67,57,42,44,888,304,293,268,272,262,260,298,269,295,317,5,342,337,888
53,楠梓,14,溫度,AMB_TEMP,℃,1998-11-03,22.4,22.3,22.2,22,21.7,21.6,21.9,22.2,24.4,27.9,28.7,29.1,29.4,29.4,28.3,27.8,27.3,26.9,27.1,26.3,25.5,24.9,24.4,24
53,楠梓,31,甲烷,CH4,ppm,1998-11-03,2.4,2.5,2.2,2.4,2.6,2.4,2.2,2.1,2.2,2.3,2.5,2.8,3.1,2.9,4,4.3,2.4,4.3,4,2.5,2.2,2.2,2.2,2.4
54,左營,1,二氧化硫,SO2,ppb,1998-11-03,11,8.2,7.6,14,11,11,12,11,8.9,11,14,10,8.9,14,11,13,12,10,17,8.6,7,7.8,9.7,11
54,左營,2,一氧化碳,CO,ppm,1998-11-03,0.7,0.8,0.9,0.8,0.9,0.9,1.2,1.6,1.5,1,1,0.9,0.8,0.7,0.7,0.7,0.9,1.4,1.6,1.7,0.9,0.8,0.9,0.8
54,左營,3,臭氧,O3,ppb,1998-11-03,3.6,3.6,3.8,3.7,4,4.8,x,7.8,19,49,76,91,92,96,97,89,94,84,74,57,35,12,5.9,5.2
54,左營,4,懸浮微粒,PM10,μg/m3,1998-11-03,144,145,144,149,134,135,157,173,189,189,189,206,195,151,150,120,109,129,141,150,223,180,165,159
54,左營,5,氮氧化物,NOx,ppb,1998-11-03,47,62,63,x,45,50,64,80,60,34,29,20,15,16,18,23,23,30,34,38,24,40,43,38
54,左營,6,一氧化氮,NO,ppb,1998-11-03,13,29,32,x,15,21,33,42,24,4.9,1.8,0.4,0.1,0.1,0.1,0.2,0.4,0.4,0.1,0.3,0,0.7,2.6,2.2
54,左營,7,二氧化氮,NO2,ppb,1998-11-03,34,33,31,x,30,29,31,37,36,29,27,20,14,15,18,23,22,29,34,37,24,39,40,36
54,左營,8,總碳氫化合物,THC,ppm,1998-11-03,2.5,2.6,2.6,2.8,2.7,3.2,3.7,7.2,4.6,2.7,2.6,2.3,2.1,2.2,2.2,2.2,2.3,2.6,2.8,3.1,2.4,2.8,2.5,2.4
54,左營,9,非甲烷碳氫化合物,NMHC,ppm,1998-11-03,0.3,0.3,0.3,0.4,0.4,0.4,0.8,1.5,0.6,0.4,0.4,0.3,0.2,0.2,0.1,0.2,0.3,0.5,0.7,0.8,0.3,0.4,0.4,0.3
54,左營,10,風速,WIND_SPEED,m/sec,1998-11-03,0.7,0.4,x,0.8,0.2,0.5,x,0.9,0.5,1.1,0.8,1.2,1.1,1.4,0.9,0.8,1,0.5,0.3,1.1,2.7,2,1.9,1.6
54,左營,11,風向,WIND_DIREC,degrees,1998-11-03,359,0,359,359,359,0,359,0,0,359,274,274,359,359,359,359,336,289,300,336,360,359,352,347
54,左營,14,溫度,AMB_TEMP,℃,1998-11-03,23.1,22.8,22.5,22.4,22.5,22.5,22.9,23.5,25,27.6,28.1,27.9,27.9,27.5,26.9,26.5,26.4,26.4,26.6,26.8,25.8,25.3,24.8,24.4
54,左營,31,甲烷,CH4,ppm,1998-11-03,2.2,2.4,2.3,2.4,2.4,2.8,2.9,5.7,4.1,2.3,2.1,2,1.9,2.1,2.1,2,2,2.1,2.1,2.3,2.1,2.4,2.1,2.1
56,前金,1,二氧化硫,SO2,ppb,1998-11-03,17,11,12,26,22,40,38,30,13,30,11,9.6,5.9,9.2,11,16,13,6,5.4,22,14,9,15,22
56,前金,2,一氧化碳,CO,ppm,1998-11-03,0.8,0.8,0.8,0.9,0.9,1,1.1,1.7,1.4,1,0.9,0.9,0.8,0.8,0.8,1,1.1,1.3,1.4,1.7,1.3,1.2,1.2,0.9
56,前金,3,臭氧,O3,ppb,1998-11-03,1.8,1.7,1.8,2.3,2.1,2.7,x,6.9,16,38,66,77,80,79,75,56,58,74,74,49,32,16,5.7,3.7
56,前金,4,懸浮微粒,PM10,μg/m3,1998-11-03,135,135,108,116,127,107,142,155,163,163,134,137,124,101,94,100,100,x,x,142,175,188,174,170
56,前金,5,氮氧化物,NOx,ppb,1998-11-03,41,47,56,x,48,60,63,69,48,40,24,19,16,18,22,34,35,29,30,48,35,37,45,43
56,前金,6,一氧化氮,NO,ppb,1998-11-03,6.2,13,22,x,19,29,33,34,12,6.9,1.5,0.6,0.3,0.3,0.3,0.6,0.6,0.1,0,0.5,0.5,1.9,5.5,6.9
56,前金,7,二氧化氮,NO2,ppb,1998-11-03,34,33,35,x,29,31,31,35,35,33,22,18,16,18,22,34,34,29,30,48,34,35,40,36
56,前金,10,風速,WIND_SPEED,m/sec,1998-11-03,1.6,1.2,0.4,0.7,0.3,0.6,0.1,0.8,1.5,1.1,1.6,1.7,1.8,1.9,1.1,0.8,1,1,0.7,0.3,1.9,1.4,1.3,1.6
56,前金,11,風向,WIND_DIREC,degrees,1998-11-03,359,354,357,16,2,32,3,3,355,348,348,352,7,2,25,59,30,2,332,28,356,354,355,1
56,前金,14,溫度,AMB_TEMP,℃,1998-11-03,23,22.7,22.7,22.7,22.5,22.5,22.8,23.5,24.6,27.2,28.2,28.4,28.8,28.2,27.7,27.4,26.6,26.3,26.3,26.6,26.1,25.4,24.8,24.3
57,前鎮,1,二氧化硫,SO2,ppb,1998-11-03,15,24,18,21,18,25,28,24,18,16,15,12,8.6,11,15,23,17,19,6.8,14,13,14,22,14
57,前鎮,4,懸浮微粒,PM10,μg/m3,1998-11-03,138,163,133,135,139,140,152,168,180,177,176,167,149,123,107,111,99,98,104,111,151,181,169,167
57,前鎮,5,氮氧化物,NOx,ppb,1998-11-03,58,89,92,x,76,72,86,97,88,71,40,30,23,25,35,41,50,74,45,71,72,74,99,69
57,前鎮,6,一氧化氮,NO,ppb,1998-11-03,18,49,54,x,41,34,48,53,23,7.6,4.5,1.9,1.3,0.8,1.2,1.4,1.4,2.2,0.3,2.2,2.4,17,46,24
57,前鎮,7,二氧化氮,NO2,ppb,1998-11-03,40,39,38,x,36,38,38,44,65,63,35,28,22,24,34,40,49,72,45,69,70,57,54,44
57,前鎮,8,總碳氫化合物,THC,ppm,1998-11-03,3,x,3.3,3.3,3.2,3,3.1,3.5,4,4.1,2.6,2.4,2.3,2.3,2.7,2.6,2.4,3,2.9,3.2,3.4,3.3,3.7,3.1
57,前鎮,9,非甲烷碳氫化合物,NMHC,ppm,1998-11-03,0.4,x,0.4,0.6,0.5,0.4,0.6,0.8,1.1,1,0.3,0.2,0.1,0.1,0.4,0.3,0.2,0.7,0.6,0.9,0.9,0.7,0.9,0.5
57,前鎮,14,溫度,AMB_TEMP,℃,1998-11-03,23.7,23.7,23.7,23.6,23.5,23.4,23.8,24.7,26.1,28.4,29.3,28.7,29,27.7,27.6,27.3,27.3,27.4,27,27.2,27,26.1,25.7,25.3
57,前鎮,31,甲烷,CH4,ppm,1998-11-03,2.6,x,2.8,2.7,2.7,2.6,2.6,2.7,2.9,3.2,2.3,2.3,2.3,2.3,2.3,2.2,2.2,2.3,2.3,2.3,2.5,2.5,2.8,2.6
58,小港,1,二氧化硫,SO2,ppb,1998-11-03,28,24,12,14,15,13,17,23,22,45,23,18,14,12,15,22,21,25,16,15,19,18,22,20
58,小港,2,一氧化碳,CO,ppm,1998-11-03,1,0.8,0.7,0.8,0.9,1.1,1.3,1.8,1.8,1.6,1.1,0.7,0.6,0.5,0.6,0.7,0.8,1.3,1.9,2.7,2.1,1.6,1.3,1.2
58,小港,3,臭氧,O3,ppb,1998-11-03,2.1,2.1,3.2,2.5,2.5,2.5,x,6.1,11,27,61,74,79,82,74,54,40,10,16,8.9,10,5.6,3.9,3.2
58,小港,4,懸浮微粒,PM10,μg/m3,1998-11-03,146,146,146,142,150,155,159,160,185,208,240,234,221,188,146,116,110,113,137,156,189,226,233,218
58,小港,5,氮氧化物,NOx,ppb,1998-11-03,104,88,48,x,78,89,109,136,120,163,76,45,32,25,33,44,59,110,91,110,91,94,98,81
58,小港,6,一氧化氮,NO,ppb,1998-11-03,62,48,11,x,40,54,72,84,48,45,3.9,1.6,0.6,0.1,0.2,0.9,1.4,24,8.8,18,13,27,40,33
58,小港,7,二氧化氮,NO2,ppb,1998-11-03,43,41,37,x,38,35,37,52,72,117,72,44,32,25,33,43,57,86,82,92,78,67,58,48
58,小港,8,總碳氫化合物,THC,ppm,1998-11-03,3.1,3.1,2.8,3.4,4.5,5,4.8,4.7,4.3,4.2,3.3,2.8,2.4,2.4,2.7,2.6,3,3.5,3.6,4.1,3.7,3.8,3.6,3.7
58,小港,9,非甲烷碳氫化合物,NMHC,ppm,1998-11-03,0.6,0.8,0.5,0.7,0.9,1.2,1.2,1.4,1.3,1.6,0.9,0.6,0.4,0.3,0.6,0.6,0.9,1.4,1.3,1.6,1.2,1.1,1.2,1.1
58,小港,10,風速,WIND_SPEED,m/sec,1998-11-03,1.7,0.6,0.1,0,0,0,0,0.5,1.4,0.6,2.1,2.8,3.1,3.3,2.5,2.2,1.7,0.5,1.4,0.8,0.8,1.6,1.7,1.4
58,小港,11,風向,WIND_DIREC,degrees,1998-11-03,19,14,8,21,999,999,30,22,34,5,268,265,265,274,283,290,288,263,338,49,50,25,15,28
58,小港,14,溫度,AMB_TEMP,℃,1998-11-03,23.9,23.6,23.6,23.7,23.7,23.8,24,25.2,26.2,27.9,29.1,29.9,30.3,28.8,28.2,28,27.6,27.4,27.3,27.3,27.3,26.4,25.9,25.3
58,小港,21,酸雨,PH_RAIN,pH,1998-11-03,0,0,0,0,0,0,0,0,0,0,0,0,0,0,0,0,0,0,0,0,0,0,0,0
58,小港,22,導電度,RAIN_COND,μmho/cm,1998-11-03,0,0,0,0,0,0,0,0,0,0,0,0,0,0,0,0,0,0,0,0,0,0,0,0
58,小港,31,甲烷,CH4,ppm,1998-11-03,2.5,2.3,2.3,2.6,3.6,3.8,3.6,3.3,3,2.5,2.4,2.2,2.1,2.1,2.1,2.1,2.1,2.1,2.3,2.4,2.5,2.6,2.4,2.6
58,小港,32,降雨強度,RAIN_INT,㎜,1998-11-03,0,0,0,0,0,0,0,0,0,0,0,0,0,0,0,0,0,0,0,0,0,0,0,0
59,屏東,1,二氧化硫,SO2,ppb,1998-11-03,2.4,1.8,1.6,1,0.9,1.2,2,2.9,2.9,4.4,3.7,x,7.6,7.6,12,12,13,15,14,9.5,8.5,7.2,6.3,4.2
59,屏東,2,一氧化碳,CO,ppm,1998-11-03,0.7,0.7,0.7,0.6,0.7,0.7,0.9,1.2,1.1,1.1,0.8,x,0.5,0.6,0.7,0.8,1,1.3,1.3,1.3,1.5,1.5,1.3,1.4
59,屏東,3,臭氧,O3,ppb,1998-11-03,9.8,11,13,6.6,5,5.3,x,10,21,57,73,x,87,106,90,64,57,39,29,27,18,15,20,13
59,屏東,4,懸浮微粒,PM10,μg/m3,1998-11-03,159,132,136,144,139,131,118,126,133,122,x,x,x,x,x,x,x,x,x,x,x,x,x,x
59,屏東,5,氮氧化物,NOx,ppb,1998-11-03,23,21,21,x,20,21,23,33,27,21,16,x,14,20,37,43,50,61,57,46,52,50,39,38
59,屏東,6,一氧化氮,NO,ppb,1998-11-03,0.6,0.5,0.3,x,1.4,1.5,4.5,11,6,1.2,0.5,x,0.2,0.1,0.1,0.6,0.4,0.2,0.5,0.6,2.4,2.3,0.7,0.6
59,屏東,7,二氧化氮,NO2,ppb,1998-11-03,22,21,20,x,19,19,18,22,21,20,15,x,14,20,37,42,50,60,57,45,49,48,38,37
59,屏東,8,總碳氫化合物,THC,ppm,1998-11-03,2.4,2.5,x,2.8,2.9,2.9,3.8,3.3,2.9,2.8,2.5,x,2.3,2.5,2.9,2.9,3.1,3.5,3.5,3.3,3.8,4.3,3.5,3.5
59,屏東,9,非甲烷碳氫化合物,NMHC,ppm,1998-11-03,0.2,0.3,x,0.1,0.2,0.3,0.5,0.5,0.3,0.4,0.2,x,0.1,0.2,0.5,0.5,0.7,1,1.1,0.9,1,1,0.7,0.8
59,屏東,10,風速,WIND_SPEED,m/sec,1998-11-03,0.2,0.1,0.2,0.1,0,0,0.3,0.7,0.5,0.3,0.9,0.7,1.2,1.8,2,1.6,1,0.3,0.1,0.6,0.9,0.3,0.1,0.4
59,屏東,11,風向,WIND_DIREC,degrees,1998-11-03,300,302,1,301,299,1,266,348,30,304,334,308,273,279,269,236,252,168,888,167,183,251,888,302
59,屏東,14,溫度,AMB_TEMP,℃,1998-11-03,23.8,23.9,23.9,23.5,23.5,23.7,23.6,24.5,25.4,27.8,29.2,29.9,30.8,30.3,29.4,28.7,28.1,28,27.7,27.5,27.1,26.5,26.1,25.5
59,屏東,31,甲烷,CH4,ppm,1998-11-03,2.2,2.2,x,2.6,2.7,2.7,3.4,2.8,2.6,2.4,2.3,x,2.2,2.3,2.4,2.3,2.4,2.5,2.4,2.4,2.8,3.3,2.8,2.7
60,潮州,1,二氧化硫,SO2,ppb,1998-11-03,5.8,4.9,2.7,1.7,0.8,1.4,1.3,2,4.3,12,12,10,7.5,5.1,9.3,9.6,9.4,11,6,3.6,16,5.1,3.9,3.2
60,潮州,2,一氧化碳,CO,ppm,1998-11-03,0.8,0.7,0.7,0.7,0.6,0.6,0.6,0.8,1,1,1,0.8,0.7,0.5,0.7,0.8,0.9,1,0.8,0.5,0.5,0.5,0.7,0.8
60,潮州,3,臭氧,O3,ppb,1998-11-03,2.7,1.4,1.4,1.5,3,1.2,x,3.6,16,39,71,85,98,77,63,55,52,37,33,26,20,21,27,13
60,潮州,4,懸浮微粒,PM10,μg/m3,1998-11-03,x,x,x,x,x,x,x,x,x,x,x,x,x,x,x,x,x,x,x,x,x,x,x,x
60,潮州,5,氮氧化物,NOx,ppb,1998-11-03,31,29,27,x,20,24,33,34,31,32,20,18,14,14,22,23,26,28,23,18,19,18,17,27
60,潮州,6,一氧化氮,NO,ppb,1998-11-03,1.2,1.3,1.9,x,0.5,3.7,15,12,5.6,2.7,0.3,0,0,0,0,0,0,0.1,0,0,0,0,0,1.5
60,潮州,7,二氧化氮,NO2,ppb,1998-11-03,30,28,25,x,19,21,19,22,25,29,20,18,14,14,22,23,26,28,23,18,19,18,17,25
60,潮州,10,風速,WIND_SPEED,m/sec,1998-11-03,0.3,0,0,0,0,0,0,0.2,0.1,0.2,0.4,0.6,0.5,2.2,1.1,0.5,0.2,0,0.7,0.1,0.1,0.3,0.4,0.1
60,潮州,11,風向,WIND_DIREC,degrees,1998-11-03,319,334,999,24,360,888,999,350,357,888,888,283,888,228,219,195,184,162,121,137,148,125,94,337
60,潮州,14,溫度,AMB_TEMP,℃,1998-11-03,23.1,23,23,22.8,22.7,22.5,22.6,23.6,25.3,27,29,29.5,31.1,28.9,27.9,27.9,27.3,26.5,25.8,25,24.4,24.5,24.5,23.7
61,恆春,1,二氧化硫,SO2,ppb,1998-11-03,0.3,0.3,0.6,0.2,0.1,0,0,0,0,0,x,0.1,0.1,x,x,0,0,0,0,0,0,0,0,0
61,恆春,2,一氧化碳,CO,ppm,1998-11-03,0.1,0.1,0.2,0.2,0.2,0.2,0.2,0.2,0.1,0.2,0.1,0.1,0.1,0.1,0.1,0.1,0.1,0.1,0.1,0.1,0.1,0.1,0.1,0.1
61,恆春,3,臭氧,O3,ppb,1998-11-03,41,40,39,40,41,42,x,40,39,40,x,41,43,x,41,40,41,42,43,41,41,41,38,37
61,恆春,4,懸浮微粒,PM10,μg/m3,1998-11-03,18,19,21,22,20,18,24,21,15,10,14,14,22,22,26,26,35,47,45,45,37,34,28,28
61,恆春,5,氮氧化物,NOx,ppb,1998-11-03,33,27,49,x,9.4,0.9,1.9,3.9,2.7,3.2,13,11,14,3.5,0.2,0.2,0.3,0.3,0.2,0,0,0,0.5,0.5
61,恆春,6,一氧化氮,NO,ppb,1998-11-03,28,25,38,x,8.5,0.3,0.8,3.3,2.1,1.6,12,6.9,11,1.6,0,0,0,0,0,0,0,0,0,0
61,恆春,7,二氧化氮,NO2,ppb,1998-11-03,5.1,2.3,x,x,0.9,0.6,1.1,0.6,0.6,1.6,0.5,3.7,3.7,2,0.2,0.2,0.3,0.3,0.2,0,0,0,0.5,0.5
61,恆春,10,風速,WIND_SPEED,m/sec,1998-11-03,12,11,12,12,10,7.9,8.5,9.7,9.4,9,9.7,9.3,9.5,8.8,7.2,6.2,5.6,3.6,5.1,4.9,5.1,6,5.2,4.2
61,恆春,11,風向,WIND_DIREC,degrees,1998-11-03,44,41,38,37,30,18,20,29,37,32,38,41,35,36,31,32,23,23,27,24,28,22,15,13
61,恆春,14,溫度,AMB_TEMP,℃,1998-11-03,x,x,x,x,x,x,x,x,x,x,x,x,x,x,27.2,26.4,26.1,25.8,25.8,25.7,25.7,25.7,25.3,25
61,恆春,21,酸雨,PH_RAIN,pH,1998-11-03,0,0,0,0,0,0,0,0,0,0,0,0,0,0,0,0,0,0,0,0,0,0,0,0
61,恆春,22,導電度,RAIN_COND,μmho/cm,1998-11-03,0,0,0,0,0,0,0,0,0,0,0,0,0,0,0,0,0,0,0,0,0,0,0,0
61,恆春,32,降雨強度,RAIN_INT,㎜,1998-11-03,0,0,0,0,0,0,0,0,0,0,0,0,0,0,0,0,0,0,0,0,0,0,0,0
62,臺東,1,二氧化硫,SO2,ppb,1998-11-03,0.4,0.3,0.1,0.2,0.2,0.2,0.2,0.4,0.6,0.8,0.6,0.4,0.3,0.2,0.3,0.3,0.3,0.4,0.6,0.5,0.4,0.4,0.2,0.1
62,臺東,2,一氧化碳,CO,ppm,1998-11-03,0.3,0.2,0.2,0.2,0.2,0.2,0.3,0.5,0.7,0.8,0.7,0.4,0.4,0.3,0.3,0.4,0.4,0.4,0.4,0.6,0.5,0.6,0.4,0.3
62,臺東,3,臭氧,O3,ppb,1998-11-03,26,29,34,37,35,34,32,27,26,25,27,38,37,37,36,34,36,37,34,24,23,26,24,28
62,臺東,4,懸浮微粒,PM10,μg/m3,1998-11-03,20,65,52,50,48,22,24,20,25,62,47,31,68,35,22,51,37,36,54,43,43,51,33,18
62,臺東,5,氮氧化物,NOx,ppb,1998-11-03,6.5,4.7,3.8,x,2.8,3.8,6.4,13,17,20,18,9.1,9.3,7.6,8.7,11,9.8,9.8,12,17,18,16,12,6.3
62,臺東,6,一氧化氮,NO,ppb,1998-11-03,0.8,0.5,0.3,x,0.3,0.5,1,2.9,4.1,6.3,6.3,2.2,2.2,2.1,2.3,2.7,1.8,1.5,1.9,3,3.7,3.6,1.9,0.7
62,臺東,7,二氧化氮,NO2,ppb,1998-11-03,5.8,4.2,3.5,x,2.5,3.3,5.4,10,13,13,12,6.8,7,5.5,6.4,7.7,8,8.3,11,14,14,12,9.9,5.5
62,臺東,8,總碳氫化合物,THC,ppm,1998-11-03,2.2,x,2,2,2.1,2.1,2.2,2.3,2.4,2.6,2.4,2.1,2.1,2.1,2.1,2.2,2.2,2.1,2.2,2.3,2.3,2.3,2.3,2.2
62,臺東,9,非甲烷碳氫化合物,NMHC,ppm,1998-11-03,0.1,x,0,0,0,0,0,0.1,0.3,0.4,0.3,0.1,0.1,0,0,0.1,0,0,0.1,0.2,0.2,0.2,0.1,0
62,臺東,10,風速,WIND_SPEED,m/sec,1998-11-03,1.9,1.9,1.8,2.2,1.5,1.8,1.9,2.2,1.6,2,1.6,3,2.9,3.5,3.2,3.1,3.4,3.2,1.9,0.9,1.6,1.9,1.7,2
62,臺東,11,風向,WIND_DIREC,degrees,1998-11-03,351,347,342,341,347,346,350,357,1,359,8,26,30,47,45,45,42,32,36,3,348,343,341,341
62,臺東,14,溫度,AMB_TEMP,℃,1998-11-03,23.9,23.9,23.9,23.9,23.8,23.8,24,25,26.1,26.7,27.7,27.7,27.8,28.2,28.1,27.7,27,26.4,26.1,25.7,25.6,25.3,25.1,25
62,臺東,21,酸雨,PH_RAIN,pH,1998-11-03,0,0,0,0,0,0,0,0,0,0,0,0,0,0,0,0,0,0,0,0,0,0,0,0
62,臺東,22,導電度,RAIN_COND,μmho/cm,1998-11-03,0,0,0,0,0,0,0,0,0,0,0,0,0,0,0,0,0,0,0,0,0,0,0,0
62,臺東,31,甲烷,CH4,ppm,1998-11-03,2.1,x,2,2,2,2.1,2.1,2.2,2.1,2.1,2.1,2.1,2.1,2,2.1,2.1,2.1,2.1,2.1,2.1,2.1,2.1,2.1,2.2
62,臺東,32,降雨強度,RAIN_INT,㎜,1998-11-03,0,0,0,0,0,0,0,0,0,0,0,0,0,0,0,0,0,0,0,0,0,0,0,0
63,花蓮,1,二氧化硫,SO2,ppb,1998-11-03,0.2,0.2,0.2,0.2,0.4,0.3,0.6,0.7,1.1,1.5,0.9,0.6,0.6,0.6,1.2,0.7,0.9,1.4,1.9,0.9,0.9,0.6,0.4,0.2
63,花蓮,2,一氧化碳,CO,ppm,1998-11-03,0.5,0.4,0.4,0.4,0.5,0.5,0.7,1,1.2,1.2,1,0.8,0.7,0.5,0.6,0.7,1,1.5,1.4,1.2,1.5,1.2,0.9,0.7
63,花蓮,3,臭氧,O3,ppb,1998-11-03,30,38,32,26,19,18,x,8.9,9.3,18,27,32,36,40,23,31,27,10,8.7,13,4.5,5.6,7.9,11
63,花蓮,4,懸浮微粒,PM10,μg/m3,1998-11-03,44,34,38,32,35,39,40,47,59,67,78,78,65,59,54,62,59,54,98,87,87,112,99,84
63,花蓮,5,氮氧化物,NOx,ppb,1998-11-03,18,8.7,12,x,14,23,33,32,41,49,34,27,20,14,46,23,28,64,59,38,48,37,26,18
63,花蓮,6,一氧化氮,NO,ppb,1998-11-03,0.5,0.1,0.3,x,0.3,1.5,3.6,11,13,14,8.7,6.6,4.1,3,16,4.1,5.6,23,21,7.9,14,10,5.7,2.1
63,花蓮,7,二氧化氮,NO2,ppb,1998-11-03,17,8.6,12,x,14,22,29,20,28,35,25,20,16,11,30,19,22,42,38,30,34,27,20,16
63,花蓮,8,總碳氫化合物,THC,ppm,1998-11-03,3.2,3.1,3,3,3.1,3.1,3.3,3.5,3.7,3.8,3.6,3.4,3.3,3,3.2,3.3,3.6,3.8,3.8,3.8,4,3.8,3.5,3.3
63,花蓮,9,非甲烷碳氫化合物,NMHC,ppm,1998-11-03,0.3,0.2,0.1,0.2,0.2,0.2,0.4,0.5,0.7,0.9,0.7,0.5,0.5,0.3,0.3,0.5,0.7,1,1,0.9,1,0.8,0.5,0.4
63,花蓮,14,溫度,AMB_TEMP,℃,1998-11-03,24.4,24.5,24.6,24.6,24.2,24.4,24.4,24.3,25,26.4,27,27.7,27.9,28.7,28.2,26.6,25.7,25.5,25.6,25.6,25.2,24.4,24.3,24.3
63,花蓮,21,酸雨,PH_RAIN,pH,1998-11-03,0,0,0,0,0,0,0,0,0,0,0,0,0,0,0,0,0,0,0,0,0,0,0,0
63,花蓮,22,導電度,RAIN_COND,μmho/cm,1998-11-03,0,0,0,0,0,0,0,0,0,0,0,0,0,0,0,0,0,0,0,0,0,0,0,0
63,花蓮,31,甲烷,CH4,ppm,1998-11-03,2.8,2.9,2.9,2.9,2.9,2.9,2.9,2.9,3,2.9,2.9,2.8,2.8,2.7,2.9,2.8,2.9,2.9,2.8,2.9,2.9,2.9,2.9,2.9
63,花蓮,32,降雨強度,RAIN_INT,㎜,1998-11-03,0,0,0,0,0,0,0,0,0,0,0,0,0,0,0,0,0,0,0,0,0,0,0,0
64,陽明,1,二氧化硫,SO2,ppb,1998-11-03,0.4,0.3,0.4,0.3,0.2,0.2,0.1,0.3,0.2,0.3,0.2,0.2,0.2,x,x,0.2,0.3,0.3,0.4,0.4,0.3,0.5,0.5,0.4
64,陽明,2,一氧化碳,CO,ppm,1998-11-03,0.3,0.2,0.2,0.3,0.2,0.2,0.2,0.2,0.2,0.2,0.2,0.2,0.2,x,x,0.2,0.2,0.2,0.2,0.2,0.2,0.2,0.2,0.2
64,陽明,3,臭氧,O3,ppb,1998-11-03,49,49,47,50,49,49,x,39,48,50,47,47,48,x,x,45,45,45,45,45,45,44,42,41
64,陽明,4,懸浮微粒,PM10,μg/m3,1998-11-03,12,12,12,13,13,13,13,13,13,13,13,13,13,12,x,x,12,13,13,13,13,13,12,13
64,陽明,5,氮氧化物,NOx,ppb,1998-11-03,0.7,0.7,0.6,x,0.6,0.6,0.7,1.1,0.7,0.7,0.9,0.9,0.8,x,x,0.9,0.8,1,0.7,0.9,0.5,0.7,0.8,0.6
64,陽明,6,一氧化氮,NO,ppb,1998-11-03,0,0,0,x,0.1,0.2,0.2,0.2,0.2,0.2,0.3,0.3,0.3,x,x,0.4,0.2,0.2,0.2,0.2,0.1,0.2,0.2,0.2
64,陽明,7,二氧化氮,NO2,ppb,1998-11-03,0.7,0.7,0.6,x,0.5,0.5,0.5,0.9,0.5,0.5,0.7,0.6,0.5,x,x,0.6,0.6,0.8,0.5,0.7,0.4,0.5,0.5,0.4
64,陽明,10,風速,WIND_SPEED,m/sec,1998-11-03,6,7.1,6.5,5.2,5.4,5.6,5.8,4.4,4.8,7.1,5.1,5.8,5.9,4.6,7.2,5.3,4.7,7.2,5,6.1,3.9,2.7,4.3,2.2
64,陽明,11,風向,WIND_DIREC,degrees,1998-11-03,135,158,158,158,158,180,180,180,158,180,180,158,158,158,135,158,158,158,158,180,180,158,158,180
64,陽明,14,溫度,AMB_TEMP,℃,1998-11-03,16,16.2,16.7,17.1,17.4,17.3,17.4,17.6,17.4,17.5,17.8,17.9,18,18.3,18.5,18.5,18.6,18.8,18.9,19.1,19.2,19.5,19.6,19.7
64,陽明,21,酸雨,PH_RAIN,pH,1998-11-03,0,0,0,0,4.3,0,4.2,4.2,4.3,4.2,4.2,4.2,0,0,x,0,0,0,6.9,6.8,6.5,0,5.7,0
64,陽明,22,導電度,RAIN_COND,μmho/cm,1998-11-03,0,0,0,0,51,0,57,30,38,29,42,28,0,0,x,0,0,0,111,34,26,0,37,0
64,陽明,32,降雨強度,RAIN_INT,㎜,1998-11-03,0,0,0,0,0.5,0,1,3,1,1.5,1,0.5,0,0,x,0,0,0,0.5,0.5,0.5,0,0.5,0
64,陽明,38,相對濕度,RH,percent,1998-11-03,94,94,94,96,97,99,99,99,99,98,99,98,98,98,97,96,96,96,96,96,96,95,95,95
65,宜蘭,1,二氧化硫,SO2,ppb,1998-11-03,0.1,0.1,0.1,2.7,0.4,0.1,10,7.4,0.8,0.5,x,0.1,0.3,0.2,0.1,0.2,0.9,1.2,2.5,0.9,0.5,1.2,0.8,4.6
65,宜蘭,2,一氧化碳,CO,ppm,1998-11-03,0.3,0.3,0.3,0.3,0.3,0.4,0.5,0.8,0.7,0.6,0.5,x,0.4,0.4,0.4,0.4,0.7,0.9,1,0.8,0.7,0.8,0.7,0.4
65,宜蘭,3,臭氧,O3,ppb,1998-11-03,40,41,37,29,32,x,20,18,22,19,33,33,39,37,31,29,20,17,10,12,15,6.4,7,11
65,宜蘭,4,懸浮微粒,PM10,μg/m3,1998-11-03,39,37,30,29,29,22,21,36,47,55,55,51,63,59,50,50,27,26,30,30,30,25,16,20
65,宜蘭,5,氮氧化物,NOx,ppb,1998-11-03,3.7,2.2,2.8,x,2.7,5.1,11,19,18,19,10,x,x,9.7,14,15,26,27,31,24,22,33,25,11
65,宜蘭,6,一氧化氮,NO,ppb,1998-11-03,0.3,0.1,0.3,x,0.2,0.2,0.8,2.5,2.8,3.8,1.5,x,x,0.8,0.8,1.1,1.4,1.9,4,1.3,1.1,4.6,2,0.5
65,宜蘭,7,二氧化氮,NO2,ppb,1998-11-03,3.4,2.1,2.5,x,2.5,4.9,11,16,15,15,8.9,x,x,8.9,14,14,24,25,27,23,21,29,23,11
65,宜蘭,10,風速,WIND_SPEED,m/sec,1998-11-03,1.8,2.6,1.6,1,1.5,1.2,0.9,0.9,0.9,1.4,1.8,2.1,1.3,1.9,1.7,1.1,0.4,0.9,0.7,0.6,0.8,0.1,1.1,1.4
65,宜蘭,11,風向,WIND_DIREC,degrees,1998-11-03,245,246,250,259,247,263,270,251,239,238,253,242,222,69,70,126,236,306,303,344,324,127,258,888
65,宜蘭,14,溫度,AMB_TEMP,℃,1998-11-03,22.1,21.8,21.7,21.6,21.6,21.9,22.1,22.5,23.5,23.8,24.9,25.6,26.4,25.7,23.8,23.2,23.2,23.1,22.9,22.9,22.8,22.8,22.9,22.5
66,冬山,1,二氧化硫,SO2,ppb,1998-11-03,0,0,0,0,0,0,0.3,1.5,1.1,1.4,0.6,0.6,2.9,0.9,2.4,15,9.9,4,1.5,1.5,0.6,1.5,1.5,3
66,冬山,2,一氧化碳,CO,ppm,1998-11-03,0.3,0.2,0.2,0.3,0.3,0.3,0.6,1.1,0.8,0.7,0.4,0.4,0.3,0.2,0.3,0.3,0.8,1,0.8,0.7,0.5,1.3,1.4,0.8
66,冬山,3,臭氧,O3,ppb,1998-11-03,39,37,33,27,20,13,x,2.7,6.8,4.4,16,16,26,41,35,12,3.1,2.2,4.7,2.9,4.1,1.6,0.3,1.6
66,冬山,4,懸浮微粒,PM10,μg/m3,1998-11-03,39,61,53,53,41,20,27,36,38,46,83,71,70,70,42,36,38,32,57,56,60,51,45,45
66,冬山,5,氮氧化物,NOx,ppb,1998-11-03,5.5,3,4.4,x,13,14,36,51,40,46,21,25,23,7.7,9.9,58,60,62,35,32,22,35,32,28
66,冬山,6,一氧化氮,NO,ppb,1998-11-03,0.2,0,0.1,x,0.7,1,12,23,14,19,3.7,6.1,5.3,0.9,1.7,24,21,27,13,12,5.9,16,15,7.9
66,冬山,7,二氧化氮,NO2,ppb,1998-11-03,5.3,3,4.3,x,12,13,25,27,26,27,17,18,18,6.8,8.2,34,40,35,23,20,16,19,17,20
66,冬山,8,總碳氫化合物,THC,ppm,1998-11-03,2,x,2.1,2.5,2.3,2.5,3,3.6,2.4,2.7,2.1,2.1,2.1,1.9,1.9,2.1,2.1,2.7,2.5,2.3,2.2,2.2,2.3,2.5
66,冬山,9,非甲烷碳氫化合物,NMHC,ppm,1998-11-03,0.1,x,0.1,0.1,0.1,0.1,0.3,0.5,0.3,0.3,0.1,0.1,0.2,0.1,0.1,0.2,0.1,0.3,0.3,0.3,0.2,0.2,0.2,0.1
66,冬山,10,風速,WIND_SPEED,m/sec,1998-11-03,0.7,0.4,0.1,0.1,0,0,0,0.1,0.1,x,0.4,0.3,1.2,0.9,1.8,1.3,x,0.6,0.7,0.2,0.2,0.4,0.4,0.7
66,冬山,11,風向,WIND_DIREC,degrees,1998-11-03,235,248,248,283,274,282,263,263,289,287,297,307,22,66,95,135,341,274,266,262,285,139,276,304
66,冬山,14,溫度,AMB_TEMP,℃,1998-11-03,21.2,21.2,21.5,21.5,21.6,21.8,22,22.4,22.9,23.6,24,25,26.1,26.4,24.9,24.2,24.5,24,23.7,23.5,23.4,23.3,23,22.8
66,冬山,21,酸雨,PH_RAIN,pH,1998-11-03,4.4,4.6,0,0,0,5.1,0,0,0,0,0,0,0,0,0,0,0,0,0,0,0,0,0,6.2
66,冬山,22,導電度,RAIN_COND,μmho/cm,1998-11-03,130,66,0,0,0,128,0,0,0,0,0,0,0,0,0,0,0,0,0,0,0,0,0,111
66,冬山,31,甲烷,CH4,ppm,1998-11-03,2,x,2.1,2.4,2.2,2.3,2.6,3.1,2.1,2.4,2,2,1.9,1.9,1.9,1.9,2,2.4,2.2,2,2.1,2,2.1,2.3
66,冬山,32,降雨強度,RAIN_INT,㎜,1998-11-03,1.5,0.5,0,0,0,0.5,0,0,0,0,0,0,0,0,0,0,0,0,0,0,0,0,0,1
67,三重,1,二氧化硫,SO2,ppb,1998-11-03,1.5,1.2,1.2,1.4,1.5,2.2,2.6,3.4,3.1,4,5.3,4.4,4.9,4.5,5,6.3,6.5,5.5,5.7,4.2,4.4,3.8,2.6,2
67,三重,2,一氧化碳,CO,ppm,1998-11-03,1,0.6,0.6,0.6,0.6,0.9,1.8,2.6,2.2,1.9,1.9,1.8,1.4,1.5,1.6,1.6,2,2,2.8,2,2,2,1.6,1.3
67,三重,4,懸浮微粒,PM10,μg/m3,1998-11-03,54,46,27,29,33,28,33,39,51,58,56,48,50,50,44,53,64,60,60,59,51,44,44,25
67,三重,5,氮氧化物,NOx,ppb,1998-11-03,44,29,32,x,28,53,115,118,98,93,99,100,74,69,79,90,108,104,123,101,96,94,75,66
67,三重,6,一氧化氮,NO,ppb,1998-11-03,18,8.5,9.3,x,8.9,23,72,73,55,55,59,63,41,39,45,52,67,60,75,59,54,53,42,33
67,三重,7,二氧化氮,NO2,ppb,1998-11-03,25,20,22,x,19,29,43,45,43,39,40,37,33,30,34,38,41,44,49,42,42,41,33,33
67,三重,14,溫度,AMB_TEMP,℃,1998-11-03,23,22.7,22.5,22.6,22.9,22.9,23.3,23.7,24.1,26.6,27.4,28.7,28.2,27.3,27,26,25.7,25.1,25.1,25.1,25,24.9,24.5,24.3
67,三重,33,細懸浮微粒,PM2.5,μg/m3,1998-11-03,43,36,31,30,28,26,29,35,37,36,38,42,42,41,48,55,52,44,46,48,42,32,32,35
68,中壢,1,二氧化硫,SO2,ppb,1998-11-03,4.1,4,5,6,5,6.8,7.7,6.4,7.6,4.9,4.6,4.3,3.5,3.7,4.1,4.7,6.3,9,7.9,6.8,8.5,7.3,11,8.7
68,中壢,2,一氧化碳,CO,ppm,1998-11-03,0.4,0.4,0.4,0.4,0.3,0.4,0.7,1.1,1.1,0.9,0.8,0.8,0.9,0.8,0.8,0.9,1.2,1.7,1.7,1.4,1.4,1.4,1.7,1.1
68,中壢,4,懸浮微粒,PM10,μg/m3,1998-11-03,46,48,42,35,21,24,26,26,21,28,33,31,30,33,40,41,31,46,45,45,32,28,37,47
68,中壢,5,氮氧化物,NOx,ppb,1998-11-03,x,x,x,x,x,x,x,x,x,x,x,x,x,x,x,x,x,x,x,x,x,x,x,x
68,中壢,6,一氧化氮,NO,ppb,1998-11-03,x,x,x,x,x,x,x,x,x,x,x,x,x,x,x,x,x,x,x,x,x,x,x,x
68,中壢,7,二氧化氮,NO2,ppb,1998-11-03,x,x,x,x,x,x,x,x,x,x,x,x,x,x,x,x,x,x,x,x,x,x,x,x
68,中壢,14,溫度,AMB_TEMP,℃,1998-11-03,22.1,22.1,22,22,22.1,22.3,22.6,23.1,24,25.1,26.1,27.1,27.8,27.6,27.9,27,26,25.1,24.7,24.6,24.6,24.5,24.2,24.4
69,竹山,1,二氧化硫,SO2,ppb,1998-11-03,0.6,0.5,0.4,0.4,0.4,0.4,0.6,1,0.9,0.6,3.2,8,5.2,2.1,1.7,2.4,11,12,7.9,5.5,3.8,2.7,3,2.5
69,竹山,2,一氧化碳,CO,ppm,1998-11-03,0.7,0.7,0.7,0.6,0.6,0.7,0.9,0.9,0.8,0.5,0.5,0.6,0.5,0.5,0.6,0.7,0.6,0.6,0.7,1,1,0.8,0.8,0.8
69,竹山,3,臭氧,O3,ppb,1998-11-03,0,0,0,0,0,0,x,0.5,6.9,11,22,24,53,91,116,115,54,26,12,4.6,0.8,0.6,0.1,0.1
69,竹山,4,懸浮微粒,PM10,μg/m3,1998-11-03,124,113,109,97,84,76,79,90,84,96,84,87,103,93,113,136,136,189,191,191,191,197,197,190
69,竹山,5,氮氧化物,NOx,ppb,1998-11-03,40,38,44,x,38,43,52,49,39,29,35,49,28,19,19,22,43,56,53,59,67,50,54,59
69,竹山,6,一氧化氮,NO,ppb,1998-11-03,12,15,24,x,18,22,32,28,14,8.8,7.2,8.5,3.1,0.2,0,0.1,0.9,0.5,1.5,9.2,22,13,19,28
69,竹山,7,二氧化氮,NO2,ppb,1998-11-03,28,23,20,x,20,21,20,21,25,20,28,40,25,19,19,22,42,56,52,50,45,37,36,31
69,竹山,10,風速,WIND_SPEED,m/sec,1998-11-03,0,0,0,0.1,0.2,0,0,0,0.2,0.3,0.9,0.9,0.3,0.3,0.4,0.6,1.6,1,0.4,0,0.2,0,0.1,0.2
69,竹山,11,風向,WIND_DIREC,degrees,1998-11-03,999,999,888,213,48,888,999,999,357,339,333,327,888,25,353,278,287,246,249,999,888,888,228,246
69,竹山,14,溫度,AMB_TEMP,℃,1998-11-03,21.6,21.3,21,20.8,20.4,20.3,20.5,21.4,23.5,25.3,25.8,26.3,28.4,28.5,29,28.9,26.8,25.7,25.1,24.4,24,23.5,23.2,23.1
70,永和,1,二氧化硫,SO2,ppb,1998-11-03,2,0.4,1.4,2.7,2.5,3,2.8,5.3,6.4,4.6,4.7,5.1,6.3,4.2,2.9,5.3,5.1,6.1,7.1,6,6.1,5.8,3.7,2.2
70,永和,2,一氧化碳,CO,ppm,1998-11-03,0.2,0.1,0.1,0.1,0.1,0.2,0.6,1.8,1.6,1,0.8,0.8,0.7,0.7,0.8,1.1,1.5,1.6,1.8,1.8,1.3,1.5,1.2,0.6
70,永和,4,懸浮微粒,PM10,μg/m3,1998-11-03,56,32,19,18,18,18,17,13,21,35,63,113,138,127,113,91,71,95,93,84,80,65,48,37
70,永和,5,氮氧化物,NOx,ppb,1998-11-03,16,9,9.3,x,11,16,37,70,67,52,52,59,52,47,50,77,91,78,81,70,72,69,50,31
70,永和,6,一氧化氮,NO,ppb,1998-11-03,4,1.4,1.8,x,1.7,3.1,13,32,27,21,20,26,23,22,24,38,48,35,38,31,32,30,19,8.9
70,永和,7,二氧化氮,NO2,ppb,1998-11-03,12,7.5,7.5,x,9,13,24,37,39,32,31,33,29,26,26,39,43,42,43,39,40,39,32,22
70,永和,8,總碳氫化合物,THC,ppm,1998-11-03,2.3,2.2,2.1,2.1,2,2.1,2.2,2.8,2.8,2.4,2.5,2.4,2.3,2.3,2.4,2.8,2.7,2.8,2.7,2.7,2.7,2.6,2.5,2.3
70,永和,9,非甲烷碳氫化合物,NMHC,ppm,1998-11-03,0.2,0.2,0,0,0,0.1,0.2,0.7,0.7,0.4,0.5,0.5,0.4,0.4,0.3,0.8,0.8,0.7,0.7,0.6,0.6,0.6,0.5,0.2
70,永和,10,風速,WIND_SPEED,m/sec,1998-11-03,2.5,1.8,2,3,2.9,2.7,2.6,2.4,2.7,3.3,3,3.1,3.5,3.5,3.9,2.8,2.8,3.6,2.5,2.1,2.1,2,2.1,2.2
70,永和,11,風向,WIND_DIREC,degrees,1998-11-03,99,102,99,100,100,98,99,98,88,96,81,90,93,97,99,99,98,103,92,94,96,95,95,100
70,永和,14,溫度,AMB_TEMP,℃,1998-11-03,26,25.8,25.7,25.9,25.8,25.9,25.8,26.1,27,27.9,28.3,29.4,29.7,29.7,29.5,28.9,28.3,27.9,27.4,27.5,27.6,27.3,27.4,27.4
70,永和,31,甲烷,CH4,ppm,1998-11-03,2.1,2,2.1,2.1,2,2.1,2,2,2.1,2,2,1.9,1.9,1.9,2.1,2.1,2,2,2,2,2.1,2,2,2
71,復興,1,二氧化硫,SO2,ppb,1998-11-03,16,28,x,18,17,22,32,33,28,21,18,12,9.5,10,13,19,18,16,12,19,16,19,28,19
71,復興,2,一氧化碳,CO,ppm,1998-11-03,1.4,1.2,1.2,1.2,1.2,1.4,2.3,3.7,3.7,2.4,1.4,1.3,1.2,1,1.1,1.1,2.5,2.8,2.5,2.8,2.5,2.3,2.2,1.7
71,復興,4,懸浮微粒,PM10,μg/m3,1998-11-03,139,143,154,153,149,161,164,181,204,231,256,220,165,148,122,121,116,134,158,157,162,205,205,204
71,復興,5,氮氧化物,NOx,ppb,1998-11-03,76,105,95,84,x,77,116,119,117,82,52,37,29,28,35,41,82,75,53,92,77,106,105,81
71,復興,6,一氧化氮,NO,ppb,1998-11-03,36,64,57,48,x,41,76,74,46,5.9,4.9,1.9,0.9,0.5,0.7,1.3,16,11,0.4,15,7,47,53,38
71,復興,7,二氧化氮,NO2,ppb,1998-11-03,40,41,38,36,x,36,39,45,71,76,47,35,29,28,34,40,67,64,53,77,70,59,52,43
71,復興,8,總碳氫化合物,THC,ppm,1998-11-03,3.1,3.4,x,4,3.3,3.3,3.8,5.2,5.3,4.5,2.7,2.6,2.7,2.6,2.6,2.5,3.6,3.7,3.6,4.1,4.2,4,4.3,3.6
71,復興,9,非甲烷碳氫化合物,NMHC,ppm,1998-11-03,0.8,0.9,x,1.4,0.8,0.8,1.3,2.7,2.5,1.7,0.6,0.6,0.4,0.3,0.4,0.4,1.4,1.6,1.3,1.8,1.7,1.6,1.5,1
71,復興,10,風速,WIND_SPEED,m/sec,1998-11-03,0.5,0.4,0.2,0.5,0.4,0.4,0.5,0.4,0.6,0.7,1.1,0.9,1.4,1.2,1,1,0.5,0.3,0.3,0.3,0.3,0.7,0.8,0.5
71,復興,11,風向,WIND_DIREC,degrees,1998-11-03,98,104,999,999,999,263,90,999,999,254,235,231,238,234,238,225,999,999,253,89,999,999,999,999
71,復興,14,溫度,AMB_TEMP,℃,1998-11-03,23.9,23.7,23.8,23.6,23.5,23.4,23.9,24.7,25.6,26.7,28.1,28.6,28.4,27.7,27.3,27,27.2,27.5,27.4,27.3,27.2,26.4,25.9,25.3
71,復興,31,甲烷,CH4,ppm,1998-11-03,2.3,2.5,x,2.6,2.5,2.5,2.4,2.5,2.7,2.8,2.1,2.1,2.3,2.3,2.3,2.1,2.1,2.1,2.3,2.4,2.5,2.4,2.8,2.6
72,埔里,1,二氧化硫,SO2,ppb,1998-11-03,1.5,1,x,1.4,0.6,0.2,0.3,0.4,2.1,5.1,2.2,3.4,0.9,0.7,1,4,3.7,4,5.2,2.9,3.1,2.9,2.5,1.4
72,埔里,2,一氧化碳,CO,ppm,1998-11-03,0.8,x,0.7,0.8,0.7,0.7,0.8,0.9,1.1,1,0.8,0.6,0.4,0.4,0.4,0.8,1,1.1,1.3,1.3,1.3,1.4,1.1,1.1
72,埔里,3,臭氧,O3,ppb,1998-11-03,5.6,4.7,5.1,3.8,2.3,3.4,x,7,13,27,41,50,43,47,53,85,103,108,89,52,34,24,22,14
72,埔里,4,懸浮微粒,PM10,μg/m3,1998-11-03,140,129,127,101,127,115,124,123,123,126,130,122,111,93,81,63,100,135,176,211,211,204,204,171
72,埔里,5,氮氧化物,NOx,ppb,1998-11-03,17,15,11,13,x,11,12,14,21,23,16,13,6,4.5,5.3,12,17,20,30,26,26,31,20,20
72,埔里,6,一氧化氮,NO,ppb,1998-11-03,0.4,0.4,0,0.1,x,0,1,3.6,6.4,4.1,0.6,0.2,0,0,0,0,0,0,0,0,0,0.1,0,0
72,埔里,7,二氧化氮,NO2,ppb,1998-11-03,17,14,11,13,x,11,11,10,15,19,15,12,6,4.5,5.3,12,17,20,30,26,26,31,20,20
72,埔里,8,總碳氫化合物,THC,ppm,1998-11-03,2.1,2.4,x,x,2.5,2.4,2.6,2.4,2.6,2.5,2.3,2.1,1.8,1.8,1.8,2.2,2.3,2.3,2.4,2.4,2.5,2.8,2.7,2.8
72,埔里,9,非甲烷碳氫化合物,NMHC,ppm,1998-11-03,0.1,0.1,x,x,0.1,0.1,0.2,0.2,0.3,0.2,0.2,0.2,0.1,0.1,0.1,0.3,0.3,0.3,0.4,0.4,0.4,0.4,0.3,0.3
72,埔里,10,風速,WIND_SPEED,m/sec,1998-11-03,0.6,0.5,0.6,0.6,0.6,0.4,0.4,0.6,0.8,0.7,0.8,1,1.6,1.2,1.6,1.6,1.6,1.4,0.8,0.5,0.5,0.5,0.5,0.5
72,埔里,11,風向,WIND_DIREC,degrees,1998-11-03,269,408,448,397,319,214,185,280,138,308,317,188,269,192,178,234,264,265,265,319,417,183,260,372
72,埔里,14,溫度,AMB_TEMP,℃,1998-11-03,19.3,19.2,18.6,18.4,17.7,17.9,18.1,18.8,21.1,22.6,24.5,26.5,26.6,27.6,28,27.7,26.5,24.6,23.8,23.3,22.7,22.2,21.8,21.4
72,埔里,31,甲烷,CH4,ppm,1998-11-03,2.1,2.3,x,x,2.4,2.3,2.4,2.3,2.3,2.3,2.1,1.9,1.7,1.7,1.7,1.9,2,2,2,2,2.1,2.4,2.3,2.5
