SiteId,SiteName,ItemId,ItemName,ItemEngName,ItemUnit,MonitorDate,MonitorValue00,MonitorValue01,MonitorValue02,MonitorValue03,MonitorValue04,MonitorValue05,MonitorValue06,MonitorValue07,MonitorValue08,MonitorValue09,MonitorValue10,MonitorValue11,MonitorValue12,MonitorValue13,MonitorValue14,MonitorValue15,MonitorValue16,MonitorValue17,MonitorValue18,MonitorValue19,MonitorValue20,MonitorValue21,MonitorValue22,MonitorValue23
1,基隆,1,二氧化硫,SO2,ppb,2003-05-09,0,0,0,0,0,0.1,0.1,0.1,0.1,0,0,0,0,0,0,0,0,0,0,0.4,0.3,2,0.7,0.1
1,基隆,2,一氧化碳,CO,ppm,2003-05-09,0.4,0.3,0.29,0.28,0.43,0.34,0.41,0.59,0.51,0.45,0.47,0.43,0.4,0.35,0.35,0.39,0.45,0.54,0.63,0.48,0.53,0.56,0.47,0.38
1,基隆,3,臭氧,O3,ppb,2003-05-09,66,67,67,70,74,70,x,57,58,62,60,62,63,66,65,63,61,60,54,53,46,44,48,52
1,基隆,4,懸浮微粒,PM10,μg/m3,2003-05-09,65,81,66,72,77,82,90,92,82,68,62,46,28,18,18,31,25,30,31,31,26,26,12,22
1,基隆,5,氮氧化物,NOx,ppb,2003-05-09,4.9,4,4.2,x,4.5,5.2,9.5,15,13,9.6,10,10,10,8.3,8.8,10,11,12,15,11,14,16,12,8.2
1,基隆,6,一氧化氮,NO,ppb,2003-05-09,0.1,0,0.1,x,0.2,0,0.3,0.6,0.7,0.5,0.7,0.9,1,1.2,1.4,1.5,1,0.4,0.3,0.3,0.2,0.2,0.1,0.2
1,基隆,7,二氧化氮,NO2,ppb,2003-05-09,4.8,4,4.1,x,4.3,5.2,9.2,14,12,9.1,9.7,9.2,9.3,7.1,7.5,8.5,10,12,15,11,14,15,11,8
1,基隆,8,總碳氫化合物,THC,ppm,2003-05-09,2.4,2.3,2.4,2.4,2.4,2.4,2.4,2.5,2.5,2.4,2.4,2.4,2.4,2.4,2.5,2.4,2.6,2.6,2.6,3.2,3.6,3.6,3.6,3.6
1,基隆,9,非甲烷碳氫化合物,NMHC,ppm,2003-05-09,0.28,0.23,0.23,0.2,0.23,0.24,0.26,0.37,0.29,0.26,0.35,0.23,0.29,0.26,0.26,0.27,0.34,0.38,0.42,0.35,0.34,0.33,0.37,0.23
1,基隆,10,風速,WIND_SPEED,m/sec,2003-05-09,2.2,2.2,2.1,2.4,2.4,2.2,2.5,2.3,2.2,2.5,2,2,2.2,2.6,2.3,2,2,1.4,1.3,0.7,0.7,0.5,0.3,0.2
1,基隆,11,風向,WIND_DIREC,degrees,2003-05-09,93,90,97,95,92,96,90,92,93,92,98,102,93,96,99,101,98,99,96,143,145,150,166,185
1,基隆,14,溫度,AMB_TEMP,℃,2003-05-09,21.5,21.3,21.1,21.1,21.1,21,21.2,21.3,21.5,21.7,21.9,21.9,21.9,22.8,22.6,22.6,22.2,21.8,21,20.5,20.4,20.8,20.8,20.5
1,基隆,31,甲烷,CH4,ppm,2003-05-09,2.1,2.1,2.1,2.2,2.1,2.2,2.2,2.2,2.2,2.1,2.1,2.2,2.1,2.1,2.2,2.2,2.2,2.2,2.2,2.8,3.3,3.2,3.3,3.4
2,汐止,1,二氧化硫,SO2,ppb,2003-05-09,2.3,0.8,0.6,0.5,1.2,1.2,1.4,1.6,1.5,1.1,1,1.6,0.6,0.9,0.8,0.5,2.6,9.6,4.5,x,3.3,4.3,2.7,2.4
2,汐止,2,一氧化碳,CO,ppm,2003-05-09,0.42,0.35,0.33,0.33,0.32,0.37,0.46,0.58,0.54,0.44,0.42,0.42,0.39,0.36,0.35,0.35,0.42,0.5,0.67,0.46,0.58,0.64,0.62,0.6
2,汐止,3,臭氧,O3,ppb,2003-05-09,49,51,51,52,54,55,x,45,43,46,46,46,48,50,48,49,46,41,35,41,23,16,21,19
2,汐止,4,懸浮微粒,PM10,μg/m3,2003-05-09,65,57,70,80,63,64,58,58,66,64,58,49,37,26,27,27,31,25,25,37,29,31,31,20
2,汐止,5,氮氧化物,NOx,ppb,2003-05-09,6.2,4.3,3.6,x,5.2,6.8,11,17,19,16,15,16,13,14,15,14,15,20,25,13,37,47,35,33
2,汐止,6,一氧化氮,NO,ppb,2003-05-09,0.1,0.1,0.1,x,0,0,0.1,0.6,1.1,0.8,0.9,1.3,0.7,1,1.3,1.3,0.8,0.4,0.2,0,3.3,5.5,1.8,0.7
2,汐止,7,二氧化氮,NO2,ppb,2003-05-09,6.1,4.2,3.5,x,5.2,6.8,11,17,18,15,14,15,12,13,14,13,15,20,25,13,34,41,33,32
2,汐止,10,風速,WIND_SPEED,m/sec,2003-05-09,2.7,3,2.8,2.6,3.1,2.8,3.1,3.8,3.5,3.9,3.5,3.4,3,3.3,3.1,3.4,3,2.7,1.9,2.3,1.6,1.5,1.3,1
2,汐止,11,風向,WIND_DIREC,degrees,2003-05-09,91,89,88,87,97,97,93,90,91,90,92,89,88,85,74,73,82,77,89,73,72,65,71,71
2,汐止,14,溫度,AMB_TEMP,℃,2003-05-09,21.2,21,20.8,20.7,20.6,20.7,20.9,21.3,21.5,21.9,22,22.4,22.2,22.8,22.7,23.1,23.2,22,21.2,20.6,21,20.9,21,20.7
3,萬里,1,二氧化硫,SO2,ppb,2003-05-09,1.9,1.9,2,2.3,3.1,1.2,1.3,1,0.9,0.5,0.3,0.1,0.1,0.1,0,0,0,0.1,0.1,0.1,0,0,0,0
3,萬里,2,一氧化碳,CO,ppm,2003-05-09,0.75,0.25,0.25,0.25,0.2,0.08,0.04,0.02,0.01,0,0.07,0.23,0.25,0.27,0.25,0.25,0.18,x,0,0,0,0,0.05,0.24
3,萬里,3,臭氧,O3,ppb,2003-05-09,72,71,72,75,79,76,x,69,69,69,69,70,72,70,69,70,70,71,70,70,69,67,69,65
3,萬里,4,懸浮微粒,PM10,μg/m3,2003-05-09,107,116,105,99,97,100,100,100,97,93,86,76,72,72,87,84,84,75,58,41,20,20,21,21
3,萬里,5,氮氧化物,NOx,ppb,2003-05-09,0.9,0.5,0.7,x,1.5,2.8,3.5,4.1,x,x,2.9,0.5,0.1,0.7,0.2,0,0.1,0.3,0.8,1.2,1,2,1.2,1
3,萬里,6,一氧化氮,NO,ppb,2003-05-09,0.5,0.3,0.2,x,0.2,0.9,1.6,2.1,x,x,0.4,0,0,0.1,0,0,0,0,0,0,0,0,0.1,0
3,萬里,7,二氧化氮,NO2,ppb,2003-05-09,0.4,0.1,0.5,x,1.4,2,1.9,2,x,x,2.5,0.5,0.1,0.7,0.2,0,0.1,0.3,0.8,1.2,1,1.9,1.2,1
3,萬里,8,總碳氫化合物,THC,ppm,2003-05-09,3.4,3.3,3.2,3.1,2.9,3,2.8,2.7,2.8,2,2,1.8,2.9,3.1,3,3,3.1,3.1,2.9,2.9,2.8,2.7,2.8,2.7
3,萬里,9,非甲烷碳氫化合物,NMHC,ppm,2003-05-09,0.24,0.28,0.33,0.35,0.29,0.22,0.27,0.18,0.26,0.26,0.33,0.26,0.22,0.32,0.28,0.15,0.21,0.19,0.29,0.28,0.19,0.16,0.34,0.21
3,萬里,10,風速,WIND_SPEED,m/sec,2003-05-09,5,5.9,6.2,6,6.1,5.5,5.3,5.9,5.7,5.9,5.4,5.5,5.3,4.7,4.3,3.6,3.3,3.5,3.3,3.2,3.4,3.6,3.5,2.7
3,萬里,11,風向,WIND_DIREC,degrees,2003-05-09,90,94,97,97,98,91,97,98,98,99,99,92,95,95,82,95,92,102,104,106,107,102,102,113
3,萬里,14,溫度,AMB_TEMP,℃,2003-05-09,21.6,21.4,21.2,21.3,21.3,21.2,21.2,21.2,21.5,21.7,21.7,21.8,22.1,22.1,22.4,22.8,22.8,21.6,21.1,21.1,21.3,21.4,21.4,21.3
3,萬里,21,酸雨,PH_RAIN,pH,2003-05-09,0,0,0,0,0,0,0,0,0,0,0,0,0,0,0,0,0,0,0,0,0,0,0,0
3,萬里,22,導電度,RAIN_COND,μmho/cm,2003-05-09,0,0,0,0,0,0,0,0,0,0,0,0,0,0,0,0,0,0,0,0,0,0,0,0
3,萬里,31,甲烷,CH4,ppm,2003-05-09,3.1,3,2.9,2.7,2.6,2.7,2.5,2.5,2.6,1.8,1.6,1.5,2.7,2.8,2.8,2.9,2.9,2.9,2.6,2.6,2.6,2.6,2.4,2.5
3,萬里,32,降雨強度,RAIN_INT,㎜,2003-05-09,0,0,0,0,0,0,0,0,0,0,0,0,0,0,0,0,0,0,0,0,0,0,0,0
3,萬里,33,細懸浮微粒,PM2.5,μg/m3,2003-05-09,54,55,45,45,50,43,43,51,48,43,38,44,31,32,24,23,29,25,19,19,20,15,17,23
4,新店,1,二氧化硫,SO2,ppb,2003-05-09,0,0,0,0,0,1.1,1.6,2.3,1,0.6,0.3,0.2,0.7,3.3,4.1,5.1,2.9,0.3,0.3,0.2,0.1,0.1,0.1,0.1
4,新店,2,一氧化碳,CO,ppm,2003-05-09,0.39,0.31,0.3,0.26,0.28,0.3,0.35,0.48,0.47,0.39,0.35,0.35,0.44,0.39,0.42,0.48,0.44,0.46,0.66,0.61,0.46,0.44,0.46,0.37
4,新店,3,臭氧,O3,ppb,2003-05-09,61,60,61,61,60,62,x,53,52,52,54,54,52,53,53,49,52,49,41,40,44,45,44,47
4,新店,4,懸浮微粒,PM10,μg/m3,2003-05-09,35,40,43,47,55,54,65,70,59,58,53,42,39,36,37,39,34,24,23,21,15,24,22,20
4,新店,5,氮氧化物,NOx,ppb,2003-05-09,4,2.6,2.3,x,2.7,4.7,9.2,14,12,11,10,9.9,12,11,14,15,12,14,20,19,15,14,14,9.8
4,新店,6,一氧化氮,NO,ppb,2003-05-09,0.1,0,0,x,0,0,0.4,0.8,1.2,1.5,1.6,1.7,1.3,1.2,1.2,1.4,1,0.9,1,1,0.9,0.8,0.7,0.4
4,新店,7,二氧化氮,NO2,ppb,2003-05-09,3.9,2.6,2.3,x,2.7,4.6,8.9,13,11,9.5,8.4,8.1,10,10,12,14,12,13,19,18,14,13,13,9.4
4,新店,10,風速,WIND_SPEED,m/sec,2003-05-09,2.3,2.8,3,4.2,3.6,2.8,2.2,3.2,3.5,3.8,4,4,3.2,2.9,2.7,1.9,3,2.8,1.9,1.7,2,2.1,1.6,1.5
4,新店,11,風向,WIND_DIREC,degrees,2003-05-09,86,83,90,77,77,83,82,84,88,87,81,81,86,63,88,87,82,87,87,84,86,94,92,92
4,新店,14,溫度,AMB_TEMP,℃,2003-05-09,22,21.7,21.4,21.2,21.1,21.1,21.7,21.9,22.3,23,23.7,24,23.7,23.5,23.4,23.6,24,22.8,21.8,21.4,21.1,21.1,21.3,21.2
5,土城,1,二氧化硫,SO2,ppb,2003-05-09,1,2.1,2.5,1,2.1,2.2,3.2,4.9,5.1,5.6,4.9,4.2,2.2,1.5,2.1,1.5,3.1,1.9,1.1,0.2,0.2,0.2,0.1,0.2
5,土城,2,一氧化碳,CO,ppm,2003-05-09,0.43,0.35,0.33,0.32,0.32,0.35,0.43,0.75,0.62,0.5,0.46,0.47,0.46,0.41,0.43,0.45,0.53,0.59,0.71,0.68,0.61,0.57,0.55,0.47
5,土城,3,臭氧,O3,ppb,2003-05-09,50,47,47,49,50,50,x,42,46,48,49,50,50,51,50,48,45,42,38,38,39,41,41,41
5,土城,4,懸浮微粒,PM10,μg/m3,2003-05-09,44,37,55,56,55,55,60,61,66,62,55,57,50,30,26,26,33,26,18,21,22,18,19,15
5,土城,5,氮氧化物,NOx,ppb,2003-05-09,6.1,6.8,7,x,5.7,7.9,12,20,15,14,13,13,12,12,15,16,17,17,20,19,18,15,14,12
5,土城,6,一氧化氮,NO,ppb,2003-05-09,0,0.1,0.1,x,0.1,0.1,0.2,0.8,1,1.1,1.3,1.3,1,0.9,1.2,1.3,1.2,0.5,0.2,0.1,0.1,0,0.1,0.1
5,土城,7,二氧化氮,NO2,ppb,2003-05-09,6,6.8,6.9,x,5.7,7.8,12,19,14,13,11,11,11,11,14,14,16,16,20,19,17,15,14,12
5,土城,14,溫度,AMB_TEMP,℃,2003-05-09,22.8,22.4,22.2,22,21.8,21.8,22.1,22.7,23.2,23.8,24.5,24.9,24.7,24.6,24.7,24.9,24.8,24.2,22.9,22.4,22.2,22.2,22.2,22.1
6,板橋,1,二氧化硫,SO2,ppb,2003-05-09,2.7,1.4,2,1.5,1.1,2.4,3,3.1,2.7,2.7,2.4,2.1,3.5,5.1,10,9.7,4.5,5.2,6.6,1.6,1,0.8,0.9,0.7
6,板橋,2,一氧化碳,CO,ppm,2003-05-09,0.73,0.01,0,0,0,0.03,0.13,0.43,0.23,0.18,0.09,0.14,0.14,0.11,0.14,0.2,0.23,0.38,0.47,0.29,0.25,0.24,0.28,0.12
6,板橋,3,臭氧,O3,ppb,2003-05-09,59,63,64,63,65,66,x,50,56,56,60,58,58,57,51,48,51,44,39,46,47,49,46,50
6,板橋,4,懸浮微粒,PM10,μg/m3,2003-05-09,55,51,55,66,69,60,85,93,82,75,57,50,42,36,41,41,46,42,40,37,37,20,13,10
6,板橋,5,氮氧化物,NOx,ppb,2003-05-09,7.9,5,4,x,5.7,8.8,19,25,18,20,15,16,17,18,24,27,25,26,29,19,18,17,19,13
6,板橋,6,一氧化氮,NO,ppb,2003-05-09,0,0,0,x,0.3,0.3,1.2,2,1.8,2.5,1.8,2,2.1,2.3,3.1,3.9,2.7,2.3,1.5,1,0.8,0.7,0.9,0.6
6,板橋,7,二氧化氮,NO2,ppb,2003-05-09,7.8,5,4,x,5.4,8.5,18,23,16,17,13,14,15,15,21,23,22,24,27,18,17,16,18,12
6,板橋,8,總碳氫化合物,THC,ppm,2003-05-09,2.1,x,x,2.1,2.2,2.1,2.2,2.3,2.7,2.9,2.7,2.8,2.7,2.7,2.6,2.6,2.5,2.2,2,2.3,2.8,2.8,2.9,2
6,板橋,9,非甲烷碳氫化合物,NMHC,ppm,2003-05-09,0.21,x,x,0.26,0.5,0.27,0.29,0.32,0.35,0.47,0.22,0.42,0.44,0.34,0.37,0.39,0.31,0.4,0.25,0.54,0.37,0.28,0.31,0.14
6,板橋,14,溫度,AMB_TEMP,℃,2003-05-09,22.3,22.1,21.9,21.6,21.6,21.7,22.1,22.2,22.6,23.5,23.3,23.9,23.8,24.1,23.6,24.1,23.8,23.3,22.3,21.9,21.9,22,22,21.8
6,板橋,21,酸雨,PH_RAIN,pH,2003-05-09,0,0,0,0,0,0,0,0,0,0,0,0,0,0,0,0,0,0,0,0,0,0,0,0
6,板橋,22,導電度,RAIN_COND,μmho/cm,2003-05-09,0,0,0,0,0,0,0,0,0,0,0,0,0,0,0,0,0,0,0,0,0,0,0,0
6,板橋,31,甲烷,CH4,ppm,2003-05-09,1.9,x,x,1.8,1.7,1.8,1.9,2,2.4,2.4,2.5,2.4,2.3,2.3,2.2,2.2,2.2,1.8,1.8,1.8,2.4,2.5,2.6,1.9
6,板橋,32,降雨強度,RAIN_INT,㎜,2003-05-09,0,0,0,0,0,0,0,0,0,0,0,0,0,0,0,0,0,0,0,0,0,0,0,0
7,新莊,1,二氧化硫,SO2,ppb,2003-05-09,0.9,2.5,1.8,2.4,2.1,2.7,2.2,3.4,5.4,7.6,7.5,6.8,6,2.6,1.1,1.8,5.6,3.2,3.8,1.9,2.7,6.7,2.7,1.8
7,新莊,2,一氧化碳,CO,ppm,2003-05-09,0.38,0.31,0.29,0.33,0.34,0.38,0.45,0.56,0.52,0.42,0.36,0.37,0.3,0.32,0.35,0.44,0.48,0.65,0.77,0.61,0.56,0.54,0.49,0.44
7,新莊,3,臭氧,O3,ppb,2003-05-09,59,55,57,57,60,63,x,56,55,54,55,55,57,60,59,57,51,46,41,45,46,41,47,48
7,新莊,4,懸浮微粒,PM10,μg/m3,2003-05-09,58,61,68,54,43,47,57,66,66,65,65,53,39,39,39,27,35,35,32,36,35,46,44,35
7,新莊,5,氮氧化物,NOx,ppb,2003-05-09,8.9,9.5,8.1,x,6.4,8.2,10,14,15,17,17,17,14,12,12,14,20,23,26,19,17,21,15,13
7,新莊,6,一氧化氮,NO,ppb,2003-05-09,0,0,0,x,0,0,0,0,0.6,2.2,2.5,2.3,1.9,1.4,1,1.2,1.3,0.3,0,0,0,0.2,0.1,0
7,新莊,7,二氧化氮,NO2,ppb,2003-05-09,8.8,9.5,8.1,x,6.4,8.2,10,14,14,15,15,15,12,10,11,13,19,23,26,19,17,21,15,13
7,新莊,8,總碳氫化合物,THC,ppm,2003-05-09,2.3,2.3,2.1,2.2,2.1,2.3,2.3,2.3,2.4,2.4,2.4,2.4,2.4,2.4,2.4,2.4,2.4,2.5,2.6,2.5,2.5,2.5,2.5,2.4
7,新莊,9,非甲烷碳氫化合物,NMHC,ppm,2003-05-09,0.44,0.45,0.4,0.42,0.37,0.39,0.42,0.43,0.49,0.5,0.48,0.51,0.47,0.47,0.59,0.53,0.51,0.52,0.62,0.51,0.49,0.48,0.49,0.47
7,新莊,10,風速,WIND_SPEED,m/sec,2003-05-09,3,3.3,3,3.4,4.1,4.7,4.8,5.7,6.5,6.4,6.3,5.9,6.1,5.6,5.6,5,4.8,4.3,4,4.9,5.1,4.8,3.6,2.7
7,新莊,11,風向,WIND_DIREC,degrees,2003-05-09,83,80,84,78,76,74,73,75,72,72,73,74,71,70,73,74,74,75,76,72,74,73,73,76
7,新莊,14,溫度,AMB_TEMP,℃,2003-05-09,21.2,21,20.8,20.6,20.6,20.7,21.3,21.2,21.8,22.8,23,23.1,22.9,23.1,22.6,23.2,22.9,22,21.1,20.7,20.7,20.7,20.8,20.7
7,新莊,31,甲烷,CH4,ppm,2003-05-09,1.9,1.9,1.7,1.8,1.7,1.9,1.9,1.9,1.9,1.9,1.9,1.9,1.9,1.9,1.9,1.8,1.8,1.9,2,2,2,2,2,2
8,菜寮,1,二氧化硫,SO2,ppb,2003-05-09,2.5,0.2,0.4,0.1,0.3,1,1.3,1.6,1.6,1.4,1.9,1.2,0.9,0.4,0.3,0.3,2.1,7.1,5.3,2.1,2.2,3.6,3.1,2.3
8,菜寮,2,一氧化碳,CO,ppm,2003-05-09,0.45,0.4,0.41,0.4,0.41,0.46,0.55,0.75,0.66,0.52,0.48,0.47,0.44,0.42,0.53,0.56,0.58,0.79,0.75,0.86,0.75,0.82,0.83,0.67
8,菜寮,3,臭氧,O3,ppb,2003-05-09,51,53,53,55,57,59,53,48,49,52,53,53,53,54,50,50,48,43,41,36,34,30,29,29
8,菜寮,4,懸浮微粒,PM10,μg/m3,2003-05-09,74,76,73,70,75,48,87,92,84,71,68,62,46,33,34,54,13,32,54,41,44,22,33,40
8,菜寮,5,氮氧化物,NOx,ppb,2003-05-09,x,x,x,x,5.5,7.7,11,16,15,11,11,10,10,11,14,14,15,23,22,26,27,31,31,28
8,菜寮,6,一氧化氮,NO,ppb,2003-05-09,x,x,x,x,0.3,0.2,0.5,0.9,1.4,1.3,1.2,1.1,1.2,1.3,1.6,1.6,1.2,1.2,0.5,0.6,0.7,1.4,1.6,1.1
8,菜寮,7,二氧化氮,NO2,ppb,2003-05-09,x,x,x,x,5.3,7.5,11,16,13,10,9.9,9.3,9,9.5,13,13,14,22,22,26,26,30,30,27
8,菜寮,10,風速,WIND_SPEED,m/sec,2003-05-09,3.8,3.5,3.7,3.5,3.2,3.7,4.6,4.5,4.8,5.1,5.1,5.2,4.9,4.7,5,5.1,4.5,3.9,4.1,3.4,3.3,3,3.5,3.2
8,菜寮,11,風向,WIND_DIREC,degrees,2003-05-09,94,96,98,97,92,87,82,78,82,85,85,85,87,98,100,103,96,94,93,100,95,102,109,111
8,菜寮,14,溫度,AMB_TEMP,℃,2003-05-09,21.8,21.7,21.4,21.3,21.3,21.2,21.6,22,23,23.6,23.6,23.8,24,24.5,23.8,24,23.5,22.8,21.7,21.4,21.3,21.4,21.4,21.2
9,林口,1,二氧化硫,SO2,ppb,2003-05-09,0.4,0.1,0.2,0.1,0.2,0.9,1.6,1.6,1.8,1.4,0.9,0.8,0.8,0.8,0.6,0.5,1.1,5.7,7.6,4.2,3.1,2.8,3.1,2.2
9,林口,2,一氧化碳,CO,ppm,2003-05-09,0.22,0.18,0.16,0.17,0.18,0.21,0.24,0.35,0.28,0.21,0.19,0.19,0.2,0.13,0.19,0.21,0.2,0.27,0.31,0.26,0.29,0.23,0.2,0.21
9,林口,3,臭氧,O3,ppb,2003-05-09,62,63,62,63,65,68,x,56,57,60,61,60,59,61,58,56,55,46,44,48,47,49,49,46
9,林口,4,懸浮微粒,PM10,μg/m3,2003-05-09,45,45,45,54,54,43,74,73,73,71,53,47,39,35,35,39,47,38,33,20,20,12,23,22
9,林口,5,氮氧化物,NOx,ppb,2003-05-09,5.4,4,3.9,x,4.3,5.9,8.9,14,12,10,9.6,10,12,8.8,13,14,15,22,23,16,17,15,14,15
9,林口,6,一氧化氮,NO,ppb,2003-05-09,0,0,0,x,0,0,0.2,0.6,0.7,0.7,0.7,0.8,1,0.7,1,1,0.9,0.9,0.4,0.1,0.2,0.1,0.1,0
9,林口,7,二氧化氮,NO2,ppb,2003-05-09,5.4,4,3.9,x,4.3,5.9,8.8,13,11,9.4,8.9,9.3,11,8.1,12,13,14,21,23,16,17,15,14,15
9,林口,10,風速,WIND_SPEED,m/sec,2003-05-09,5.3,5.5,6.5,6,6,5.6,5.5,5.9,6.5,7.3,7.6,6.6,5.3,5.2,5.1,4.8,5.5,5.7,5.6,5.9,6.3,7.1,6.4,6.5
9,林口,11,風向,WIND_DIREC,degrees,2003-05-09,81,82,89,79,72,72,69,71,69,67,68,71,77,68,94,86,83,77,77,86,88,91,91,95
9,林口,14,溫度,AMB_TEMP,℃,2003-05-09,19.8,19.6,19.4,19.2,19.2,19.2,19.8,20.3,21.1,22,22,22.4,22.7,23.1,22.4,22.4,21.9,20.7,19.7,19.2,19.1,19.2,19.3,19.1
10,淡水,1,二氧化硫,SO2,ppb,2003-05-09,0.1,0,0,0,0.1,1,1.2,1.4,1.4,1.1,1,0.8,0.4,0.5,0.3,0.6,0.9,1.2,1.2,1,1.2,1.3,1.7,1.3
10,淡水,2,一氧化碳,CO,ppm,2003-05-09,0.5,0.4,0.41,0.38,0.38,0.4,0.43,0.55,0.65,0.49,0.52,0.46,0.45,0.4,0.39,0.52,0.63,0.69,0.72,0.68,0.7,0.74,0.86,0.82
10,淡水,3,臭氧,O3,ppb,2003-05-09,56,59,57,59,66,68,x,54,51,55,55,56,56,59,58,54,49,44,43,43,38,32,25,27
10,淡水,4,懸浮微粒,PM10,μg/m3,2003-05-09,16,27,52,65,66,66,103,88,85,75,73,73,47,28,48,69,70,125,78,43,80,34,30,31
10,淡水,5,氮氧化物,NOx,ppb,2003-05-09,2,0.4,0.7,x,2.8,4.2,5.8,9.7,14,8.7,11,7.7,7.5,6.2,6.1,14,22,25,25,21,21,21,29,24
10,淡水,6,一氧化氮,NO,ppb,2003-05-09,0,0,0,x,0.3,0.4,0.6,1,2.1,1.5,2.1,1.6,1.4,1.1,1.1,2.6,3.5,2.4,1.5,0.9,0.4,0.6,1.8,0.7
10,淡水,7,二氧化氮,NO2,ppb,2003-05-09,2,0.4,0.7,x,2.4,3.8,5.2,8.7,12,7.2,8.6,6.1,6.1,5.2,5,11,19,22,23,20,21,21,27,23
10,淡水,10,風速,WIND_SPEED,m/sec,2003-05-09,1.3,1.9,0.6,1.3,2.2,2.5,2.4,2.3,2.1,2.6,2.6,3.2,3.2,3.7,3.4,2.3,1.2,1.7,1.2,1.2,0.7,0.2,0.2,0.3
10,淡水,11,風向,WIND_DIREC,degrees,2003-05-09,33,49,888,25,54,47,55,43,25,33,23,38,32,42,41,23,888,185,167,166,123,85,96,107
10,淡水,14,溫度,AMB_TEMP,℃,2003-05-09,21.4,21,20.9,20.7,20.5,20.4,21,21.3,23,24.1,24.6,24.6,24.5,24.2,24.8,25.2,24.9,23,21.6,20.9,20.5,20.4,20.4,20.2
10,淡水,38,相對濕度,RH,percent,2003-05-09,80,79,80,80,84,80,73,74,67,67,63,64,63,63,61,63,60,63,65,67,74,77,74,76
11,士林,1,二氧化硫,SO2,ppb,2003-05-09,x,x,x,x,x,0.1,0.2,0.2,0.1,0.1,0,0,0,0,0,0.1,0,0,0,0,0.2,0,0,0.8
11,士林,2,一氧化碳,CO,ppm,2003-05-09,0.37,0.32,0.29,0.28,0.3,0.32,0.39,0.51,0.47,0.45,0.42,0.41,0.38,0.35,0.37,0.4,0.41,0.48,0.52,0.48,0.43,0.43,0.43,0.38
11,士林,3,臭氧,O3,ppb,2003-05-09,63,63,63,64,68,69,x,55,55,56,57,59,59,60,58,57,56,53,52,51,53,52,52,55
11,士林,4,懸浮微粒,PM10,μg/m3,2003-05-09,32,35,46,41,46,54,67,65,64,60,57,53,52,41,40,32,17,15,14,15,17,20,12,12
11,士林,5,氮氧化物,NOx,ppb,2003-05-09,3.1,2.6,1.8,x,3.9,5,9.4,15,12,12,11,10,8.9,9.4,9.4,13,14,15,16,15,13,13,11,9.2
11,士林,6,一氧化氮,NO,ppb,2003-05-09,0,0,0,x,0.2,0.2,0.7,2,1.9,2.3,2.1,2,1.6,2.2,1.4,2.3,2,1.1,0.7,0.5,0.2,0.6,0.2,0.2
11,士林,7,二氧化氮,NO2,ppb,2003-05-09,3.1,2.6,1.8,x,3.7,4.8,8.7,13,10,10,8.6,8.1,7.3,7.2,8,10,12,14,15,15,13,12,11,9
11,士林,10,風速,WIND_SPEED,m/sec,2003-05-09,3.7,3.8,3.9,4.4,4.1,4.4,4,4.2,4.8,5.2,6.4,6.7,6.6,5.5,5.2,4.5,5.7,5.6,5.2,5.2,5,4.9,4.2,3.7
11,士林,11,風向,WIND_DIREC,degrees,2003-05-09,104,103,103,107,101,104,96,92,94,100,109,115,114,79,99,95,113,116,116,114,114,110,110,117
11,士林,14,溫度,AMB_TEMP,℃,2003-05-09,20.9,20.7,20.5,20.3,20.2,20.3,20.6,21,22.1,23,22.7,22.7,22.8,23.3,23,23.2,22.5,21.3,20.3,20,20,20.3,20.4,20.1
12,中山,1,二氧化硫,SO2,ppb,2003-05-09,3,1.6,2.3,0.9,2.3,2.8,2.8,3.4,4,5.5,9.8,4.3,2.7,1.8,1.5,1.5,4.4,5.7,4.1,3,2.9,4.6,3.9,3.6
12,中山,2,一氧化碳,CO,ppm,2003-05-09,0.4,0.38,0.36,0.34,0.33,0.37,0.45,0.61,0.68,0.51,0.52,0.47,0.38,0.38,0.48,0.53,0.46,0.61,0.66,0.68,0.71,0.73,0.73,0.68
12,中山,3,臭氧,O3,ppb,2003-05-09,42,45,43,46,48,51,x,40,39,43,39,43,46,48,42,42,41,35,33,29,26,26,25,22
12,中山,4,懸浮微粒,PM10,μg/m3,2003-05-09,83,100,100,97,96,85,90,83,95,95,83,70,68,56,52,52,39,43,43,36,44,38,38,30
12,中山,5,氮氧化物,NOx,ppb,2003-05-09,24,18,22,x,21,19,25,31,35,28,36,26,18,20,30,33,29,42,40,43,47,44,44,44
12,中山,6,一氧化氮,NO,ppb,2003-05-09,2.6,1.7,3.1,x,3,1.9,3.4,5.1,8.3,6.8,9.8,5,3.5,4.6,7.7,8.4,5.6,8.6,5.1,6,7.3,6.9,6,5.6
12,中山,7,二氧化氮,NO2,ppb,2003-05-09,22,17,19,x,18,17,22,26,27,22,26,21,15,16,22,25,24,34,35,37,39,37,38,39
12,中山,8,總碳氫化合物,THC,ppm,2003-05-09,2.3,2.3,2.3,2.2,2.3,2.3,2.2,2.3,2.4,2.3,2.3,2.3,2.2,2.3,2.3,2.4,2.4,2.5,2.5,2.4,2.4,2.5,2.4,2.5
12,中山,9,非甲烷碳氫化合物,NMHC,ppm,2003-05-09,0.16,0.14,0.13,0.17,0.16,0.15,0.19,0.21,0.36,0.22,0.26,0.16,0.16,0.22,0.23,0.2,0.27,0.3,0.4,0.26,0.22,0.3,0.26,0.28
12,中山,14,溫度,AMB_TEMP,℃,2003-05-09,21.8,21.5,21.3,21.2,21.2,21.2,21.5,22,22.8,23.5,23.7,23.6,23.5,23.9,23.4,23.6,23.1,22.2,21.5,21.1,21.1,21.2,21.2,21.1
12,中山,31,甲烷,CH4,ppm,2003-05-09,2.2,2.1,2.1,2.1,2.1,2.1,2,2.1,2,2,2,2.1,2.1,2,2.1,2.2,2.2,2.2,2.1,2.1,2.2,2.2,2.2,2.2
13,萬華,1,二氧化硫,SO2,ppb,2003-05-09,1.1,1,0.9,1.4,0.7,1.3,2.2,2.5,1.6,1.1,0.6,1.2,2.8,5.4,7.6,7.8,3.3,4,6.7,x,0,0,0.1,0
13,萬華,2,一氧化碳,CO,ppm,2003-05-09,0.42,0.39,0.37,0.34,0.3,0.33,0.45,0.66,0.73,0.61,0.62,0.63,0.61,0.62,0.63,0.59,0.69,0.87,0.97,0.65,0.48,0.67,0.64,0.58
13,萬華,3,臭氧,O3,ppb,2003-05-09,56,56,57,57,61,61,x,45,48,53,55,54,54,52,48,46,46,40,34,41,46,42,45,44
13,萬華,4,懸浮微粒,PM10,μg/m3,2003-05-09,70,70,90,90,69,67,70,79,75,88,82,65,65,60,56,61,47,41,46,33,27,17,11,13
13,萬華,5,氮氧化物,NOx,ppb,2003-05-09,7.6,5.9,5.2,x,8.5,12,20,24,22,18,15,15,15,17,19,x,22,26,31,19,15,19,16,15
13,萬華,6,一氧化氮,NO,ppb,2003-05-09,0.1,0.2,0.2,x,2.7,3.1,3.3,2.5,2.2,2.2,1.8,1.8,1.8,2.1,2.3,x,2.1,1.9,1.7,0.7,0.3,0.8,0.6,0.5
13,萬華,7,二氧化氮,NO2,ppb,2003-05-09,7.4,5.8,5,x,5.9,9.2,17,22,20,16,13,14,13,14,16,x,20,24,29,19,14,18,15,15
13,萬華,10,風速,WIND_SPEED,m/sec,2003-05-09,3.7,4.1,4,3.9,4.3,4.2,3.9,5.2,5.6,5.7,6.3,5.5,5.6,5.2,5.3,4.8,4.3,4.4,3.9,3.8,4.4,4.1,3.8,3.1
13,萬華,11,風向,WIND_DIREC,degrees,2003-05-09,67,66,69,68,64,59,56,54,52,55,56,53,52,56,51,58,59,57,59,52,50,59,66,85
13,萬華,14,溫度,AMB_TEMP,℃,2003-05-09,20.5,20.2,20,19.8,19.7,19.7,20.3,20.7,21.7,23.1,23.1,23.2,23.4,23.5,23,23,22.8,21.7,20.6,20,19.9,20,20.1,20
14,古亭,1,二氧化硫,SO2,ppb,2003-05-09,1.1,0.5,0.7,0.3,0.5,0.9,1.3,1.6,1.4,1.6,,,x,x,7.9,5.6,3.3,8.2,5.3,2.4,2,1.9,2,1.8
14,古亭,2,一氧化碳,CO,ppm,2003-05-09,0.44,0.31,0.26,0.26,0.26,0.31,0.41,0.65,0.68,0.54,,,x,x,0.83,0.86,0.89,1.07,1.22,1.07,0.97,0.91,0.82,0.77
14,古亭,3,臭氧,O3,ppb,2003-05-09,58,60,59,59,62,61,x,42,45,48,,,x,x,45,45,46,37,33,35,38,42,45,48
14,古亭,4,懸浮微粒,PM10,μg/m3,2003-05-09,65,69,67,65,68,68,68,68,65,60,,,x,43,54,45,52,47,29,29,29,17,22,15
14,古亭,5,氮氧化物,NOx,ppb,2003-05-09,7.3,4.9,4.5,x,5,8.9,16,29,26,23,,,x,x,30,30,26,36,41,34,28,25,20,14
14,古亭,6,一氧化氮,NO,ppb,2003-05-09,0.3,0.3,0.3,x,0,0.2,1.5,5.7,4.6,4.6,,,x,x,6.7,6.8,5.4,6.7,9.2,6.5,4.2,4.2,3.3,1.8
14,古亭,7,二氧化氮,NO2,ppb,2003-05-09,7,4.7,4.2,x,5,8.7,14,24,22,19,,,x,x,23,24,21,29,32,27,24,21,17,13
14,古亭,8,總碳氫化合物,THC,ppm,2003-05-09,2.4,2.4,2.4,2.6,2.4,1.9,2,2.1,2.5,2.5,,,x,x,2.4,2.4,2.4,2.4,2.5,2.4,2.3,2.2,2.3,2.3
14,古亭,9,非甲烷碳氫化合物,NMHC,ppm,2003-05-09,0.43,0.38,0.37,0.4,0.39,0.39,0.38,0.49,0.48,0.47,,,x,x,0.46,0.48,0.46,0.49,0.56,0.48,0.45,0.4,0.39,0.38
14,古亭,10,風速,WIND_SPEED,m/sec,2003-05-09,4.2,4.6,5.3,4.4,4.2,4.4,4.8,5,5.3,5.5,,,x,5.3,4.7,4.1,4.3,x,3.8,4,3.8,3.9,4,3.5
14,古亭,11,風向,WIND_DIREC,degrees,2003-05-09,86,89,95,90,83,82,77,82,79,77,,,x,65,60,62,83,x,83,71,72,80,95,103
14,古亭,14,溫度,AMB_TEMP,℃,2003-05-09,21.2,20.9,20.6,20.2,20.2,20.3,20.7,21.1,21.8,22.7,,,x,x,x,x,x,x,x,x,x,x,x,x
14,古亭,31,甲烷,CH4,ppm,2003-05-09,2,2,2.1,2.2,2.1,1.6,1.6,1.6,2,2,,,x,x,1.9,2,1.9,1.9,1.9,1.9,1.9,1.8,2,1.9
14,古亭,33,細懸浮微粒,PM2.5,μg/m3,2003-05-09,30,29,26,17,7.5,7.1,18,29,33,36,,,x,41,36,28,18,x,7.4,11,12,13,18,23
15,松山,1,二氧化硫,SO2,ppb,2003-05-09,1.8,1.3,1.5,1.8,0.7,2.6,2.8,2.4,2.1,1.6,1.5,0.7,0.9,7,9.9,8.3,4,3.5,5.5,2.2,1.8,3,2,1.4
15,松山,2,一氧化碳,CO,ppm,2003-05-09,1.62,1.54,1.51,1.47,1.46,1.49,1.57,1.77,x,1.68,1.65,x,0.37,0.35,0.36,0.39,0.44,0.58,0.75,0.72,0.63,0.68,0.76,0.6
15,松山,3,臭氧,O3,ppb,2003-05-09,54,54,56,60,61,60,53,47,48,52,54,37,51,49,43,45,48,41,34,27,25,21,23,30
15,松山,4,懸浮微粒,PM10,μg/m3,2003-05-09,81,82,84,78,84,78,83,79,84,77,76,62,92,61,50,46,46,46,52,46,43,45,33,28
15,松山,5,氮氧化物,NOx,ppb,2003-05-09,11,8.9,8,x,6.4,12,19,25,24,21,18,19,14,20,26,25,21,27,34,37,36,39,37,27
15,松山,6,一氧化氮,NO,ppb,2003-05-09,0,0,0,x,0,0,0.7,2.3,3.2,3,2.4,1.6,1.6,3.2,3.6,3.4,1.8,1.7,1.9,2.2,1.9,2,1.9,0.4
15,松山,7,二氧化氮,NO2,ppb,2003-05-09,11,8.9,8,x,6.4,12,18,23,21,18,16,17,13,17,22,22,19,25,32,35,34,37,35,27
15,松山,10,風速,WIND_SPEED,m/sec,2003-05-09,3.2,3.2,3.3,4.1,2.8,3,4.2,5,5.7,5.8,5.2,5.4,5.5,5.2,5.3,5.1,5,4.8,4.3,3.2,3,3,2.5,2.5
15,松山,11,風向,WIND_DIREC,degrees,2003-05-09,35,35,37,35,37,36,36,36,35,36,35,35,35,31,35,34,33,34,35,33,37,35,37,35
15,松山,14,溫度,AMB_TEMP,℃,2003-05-09,21,20.8,20.6,20.6,20.5,20.5,20.8,21.3,21.7,22.1,22.3,22.7,22.5,22.9,22.4,22.5,22.5,21.8,21.1,20.6,20.4,20.5,20.6,20.5
15,松山,36,二氧化碳,CO2,ppm,2003-05-09,384,382,381,379,379,380,381,383,384,383,382,x,398,384,387,386,383,384,388,389,390,393,394,390
16,大同,1,二氧化硫,SO2,ppb,2003-05-09,3.3,1.6,2.1,0.9,1.6,3.1,4,5.7,6.5,6.4,10,x,5.4,4,5,4.8,8.1,12,9.8,8.6,7.1,9.7,8.2,6.4
16,大同,2,一氧化碳,CO,ppm,2003-05-09,1.34,0.79,0.81,0.65,0.74,0.93,1.54,3.1,3.25,2.18,2.31,x,1.87,2.03,2.95,3.26,3.31,4.96,4.99,4.86,4.12,4.66,4.22,3.08
16,大同,4,懸浮微粒,PM10,μg/m3,2003-05-09,81,58,25,58,29,88,89,84,103,50,24,x,x,135,71,70,54,54,76,76,73,72,67,63
16,大同,5,氮氧化物,NOx,ppb,2003-05-09,48,37,49,x,34,47,116,148,162,137,132,x,x,111,146,164,172,223,210,230,203,213,191,145
16,大同,6,一氧化氮,NO,ppb,2003-05-09,17,12,19,x,12,13,56,82,93,76,72,x,x,61,86,97,105,139,135,152,131,143,126,83
16,大同,7,二氧化氮,NO2,ppb,2003-05-09,31,25,30,x,22,34,60,66,69,61,59,x,x,50,60,67,67,84,75,78,72,70,65,62
16,大同,8,總碳氫化合物,THC,ppm,2003-05-09,3,2.8,2.7,2.6,2.7,3,3.1,4,4.4,3.6,3.3,x,3.3,3.7,3.8,4.5,4.2,5.2,5.3,4.5,4.8,5.6,5,4.2
16,大同,9,非甲烷碳氫化合物,NMHC,ppm,2003-05-09,0.6,0.49,0.43,0.3,0.4,0.67,0.72,1.57,2.03,1.31,0.93,x,0.95,1.35,1.45,2.13,1.83,2.86,2.93,2.18,2.31,3.13,2.6,1.77
16,大同,14,溫度,AMB_TEMP,℃,2003-05-09,22.1,21.8,21.6,21.4,21.4,21.5,22,22.7,23.7,24.9,25.3,25,25.3,25.8,25.3,25.9,25.1,24.1,22.6,22.2,22.1,22.2,22.1,21.8
16,大同,31,甲烷,CH4,ppm,2003-05-09,2.4,2.3,2.3,2.3,2.3,2.3,2.4,2.4,2.4,2.3,2.3,x,2.4,2.3,2.4,2.4,2.3,2.3,2.4,2.4,2.5,2.5,2.4,2.4
17,桃園,1,二氧化硫,SO2,ppb,2003-05-09,3.6,3.9,5.7,3.7,5.8,6.9,7.9,6.8,6.6,6.4,4.4,5.7,4.9,4,2.9,3.8,6.2,6.5,6,3.8,1.5,6.8,1.5,1.8
17,桃園,2,一氧化碳,CO,ppm,2003-05-09,0.2,0.18,0.18,0.17,0.18,0.22,0.36,0.65,x,0.41,0.34,x,0.25,0.31,0.43,0.49,0.53,0.52,0.6,0.52,0.4,0.35,0.27,0.2
17,桃園,3,臭氧,O3,ppb,2003-05-09,55,53,53,53,51,51,x,39,42,45,50,47,48,49,48,45,42,40,34,33,37,38,44,45
17,桃園,4,懸浮微粒,PM10,μg/m3,2003-05-09,74,84,66,86,80,62,83,69,73,63,42,51,40,38,21,21,21,29,42,36,34,21,12,19
17,桃園,5,氮氧化物,NOx,ppb,2003-05-09,7.1,7.8,8.9,x,11,15,22,30,26,24,21,22,19,18,20,21,26,24,26,24,21,20,13,11
17,桃園,6,一氧化氮,NO,ppb,2003-05-09,0,0,0,x,0,0.3,0.8,3.1,2.6,2.7,2.2,2.6,1.8,2.3,2.6,2.5,2.6,1,0.3,0.3,0.4,0.2,0.1,0
17,桃園,7,二氧化氮,NO2,ppb,2003-05-09,7.1,7.8,8.9,x,11,15,21,27,24,21,19,20,18,16,18,19,23,23,26,24,20,19,13,11
17,桃園,8,總碳氫化合物,THC,ppm,2003-05-09,2.4,2.4,2.3,2.3,2.3,2.2,2.3,2.4,2.6,2.6,2.6,2.3,2.2,2.3,2.6,2.6,2.7,2.5,2.5,2.5,2.4,2.4,2.4,2.3
17,桃園,9,非甲烷碳氫化合物,NMHC,ppm,2003-05-09,0.14,0.12,0.14,0.04,0.11,0.1,0.18,0.34,0.28,0.29,0.27,0.16,0.13,0.1,0.23,0.27,0.36,0.35,0.38,0.36,0.27,0.22,0.17,0.11
17,桃園,10,風速,WIND_SPEED,m/sec,2003-05-09,4.8,5.1,5.2,4.9,3.8,3.7,4,3.6,3.9,4.3,4.6,4.2,4.2,4,3.5,3.7,3.8,4.7,5.1,3.8,3.5,4.4,4.4,4.7
17,桃園,11,風向,WIND_DIREC,degrees,2003-05-09,73,73,79,75,69,71,77,64,57,61,66,62,63,70,66,57,73,77,79,76,63,75,77,76
17,桃園,14,溫度,AMB_TEMP,℃,2003-05-09,20.5,20.2,20,19.8,19.6,19.7,20.2,21,21.7,22.7,23.6,24,23.6,23.9,24.1,23.7,23.4,21.6,20.7,20.3,20,20.2,20.3,20.1
17,桃園,31,甲烷,CH4,ppm,2003-05-09,2.2,2.2,2.2,2.3,2.2,2.1,2.1,2.1,2.3,2.3,2.3,2.1,2.1,2.2,2.3,2.4,2.4,2.2,2.2,2.2,2.2,2.2,2.2,2.2
19,觀音,1,二氧化硫,SO2,ppb,2003-05-09,7.5,5.4,6.6,7.3,6.6,7.9,7,8.9,6.7,5.2,2.2,1.5,0.6,1,1.2,1.3,1.6,4.2,10,9.5,16,17,13,13
19,觀音,2,一氧化碳,CO,ppm,2003-05-09,0.33,0.24,0.25,0.24,0.24,0.26,0.27,0.27,0.27,0.26,0.25,0.23,0.2,0.22,0.21,0.18,0.21,0.24,0.33,0.39,0.33,0.29,0.27,0.29
19,觀音,3,臭氧,O3,ppb,2003-05-09,38,47,27,23,34,58,x,50,46,48,57,61,x,x,57,57,57,45,23,29,10,3.9,7.8,10
19,觀音,4,懸浮微粒,PM10,μg/m3,2003-05-09,55,75,73,77,70,86,118,94,107,99,116,93,63,59,67,55,40,38,53,44,21,41,46,47
19,觀音,5,氮氧化物,NOx,ppb,2003-05-09,26,16,31,x,11,2.7,3,4.5,7.1,5.5,1.4,x,x,x,2.5,2.9,4.1,27,42,19,44,42,28,16
19,觀音,6,一氧化氮,NO,ppb,2003-05-09,3.5,1.1,2.6,x,1,0,0.7,1.1,2.8,2.8,0.7,x,x,x,1.9,2.2,2.8,3.7,5.6,2.6,14,24,16,7.5
19,觀音,7,二氧化氮,NO2,ppb,2003-05-09,22,15,29,x,10,2.6,2.3,3.5,4.3,2.7,0.7,x,x,x,0.6,0.7,1.3,23,36,16,30,17,11,8.3
19,觀音,8,總碳氫化合物,THC,ppm,2003-05-09,2.5,2.4,2.5,2.4,2.4,2.4,2.4,2.4,2.4,2.4,2.3,2.3,2.2,2.3,2.2,2.2,2.2,2.3,2.5,2.5,2.6,2.5,2.5,2.5
19,觀音,9,非甲烷碳氫化合物,NMHC,ppm,2003-05-09,0.35,0.31,0.42,0.3,0.34,0.35,0.33,0.3,0.34,0.27,0.21,0.22,0.18,0.3,0.2,0.22,0.2,0.3,0.4,0.42,0.43,0.36,0.35,0.39
19,觀音,10,風速,WIND_SPEED,m/sec,2003-05-09,x,x,x,x,x,x,x,x,x,x,x,x,x,x,x,x,x,x,x,x,x,x,x,x
19,觀音,11,風向,WIND_DIREC,degrees,2003-05-09,x,x,x,x,x,x,x,x,x,x,x,x,x,x,x,x,x,x,x,x,x,x,x,x
19,觀音,14,溫度,AMB_TEMP,℃,2003-05-09,x,x,x,x,x,x,x,x,x,x,x,x,x,x,x,x,x,x,x,x,x,x,x,x
19,觀音,21,酸雨,PH_RAIN,pH,2003-05-09,0,0,0,0,0,0,0,0,0,0,0,0,0,0,0,0,0,0,0,0,0,0,0,0
19,觀音,22,導電度,RAIN_COND,μmho/cm,2003-05-09,0,0,0,0,0,0,0,0,0,0,0,0,0,0,0,0,0,0,0,0,0,0,0,0
19,觀音,31,甲烷,CH4,ppm,2003-05-09,2.2,2.1,2.1,2.1,2.1,2.1,2,2.1,2,2.1,2.1,2.1,2,2,2,2,2,2,2.1,2.1,2.1,2.1,2.1,2.1
19,觀音,32,降雨強度,RAIN_INT,㎜,2003-05-09,0,0,0,0,0,0,0,0,0,0,0,0,0,0,0,0,0,0,0,0,0,0,0,0
20,平鎮,1,二氧化硫,SO2,ppb,2003-05-09,2.3,2.9,3.1,2.6,3.4,3.5,4.8,5.9,6.4,5,3.3,3.8,4.1,3.7,2.9,3.9,5,4.6,4.9,5.2,2.4,4.4,4.3,2.4
20,平鎮,2,一氧化碳,CO,ppm,2003-05-09,0.46,0.4,0.39,0.38,0.38,0.42,0.56,0.73,0.71,0.65,0.64,0.64,0.63,0.56,0.6,0.6,0.66,0.82,0.84,0.87,0.73,0.65,0.61,0.49
20,平鎮,3,臭氧,O3,ppb,2003-05-09,54,52,52,53,52,54,x,49,47,52,48,54,53,54,54,50,48,42,37,33,37,39,41,46
20,平鎮,4,懸浮微粒,PM10,μg/m3,2003-05-09,60,58,74,64,68,61,63,80,85,72,82,80,63,57,45,44,41,41,47,45,40,33,25,21
20,平鎮,5,氮氧化物,NOx,ppb,2003-05-09,6.3,6,5.3,x,7.4,9.2,16,22,24,22,22,22,22,19,20,23,27,31,30,33,26,25,22,15
20,平鎮,6,一氧化氮,NO,ppb,2003-05-09,0,0,0,x,0,0,0.3,1.2,1.9,2.3,2.7,3.3,3.2,2.8,2.9,3.3,3.6,2.9,1.8,1.9,1.5,1.4,1.2,1
20,平鎮,7,二氧化氮,NO2,ppb,2003-05-09,6.3,6,5.3,x,7.4,9.2,16,21,22,20,20,19,19,17,17,19,24,28,28,31,25,24,21,15
20,平鎮,8,總碳氫化合物,THC,ppm,2003-05-09,3.2,3.1,3.3,3.3,3.2,3.3,3.4,3.4,3.4,3.3,3.3,3.5,3.4,3.4,3.3,3.3,3.3,3.6,3.6,3.6,3.6,3.5,3.5,3.4
20,平鎮,9,非甲烷碳氫化合物,NMHC,ppm,2003-05-09,0.11,0.05,0.08,0.1,0.07,0.06,0.1,0.23,0.17,0.21,0.3,0.28,0.22,0.21,0.2,0.32,0.32,0.41,0.4,0.43,0.31,0.28,0.22,0.11
20,平鎮,14,溫度,AMB_TEMP,℃,2003-05-09,21.3,21.1,20.9,20.7,20.5,20.5,20.9,21.5,22.2,23,24,24.4,24,24,24.3,23.8,23.6,22.9,22,21.7,21.3,21.3,21.4,21.2
20,平鎮,31,甲烷,CH4,ppm,2003-05-09,3.1,3.1,3.2,3.2,3.2,3.2,3.3,3.2,3.2,3.1,3,3.2,3.2,3.2,3.1,3,3,3.2,3.2,3.2,3.3,3.3,3.3,3.3
21,龍潭,1,二氧化硫,SO2,ppb,2003-05-09,1,1.1,1.5,1,1,2.5,3.2,4,4.1,3.9,2.7,2.6,2,1.3,1.7,1.3,1.8,1.6,1.4,1.1,1.1,0.8,1.3,1.1
21,龍潭,2,一氧化碳,CO,ppm,2003-05-09,0.46,0.4,0.38,0.37,0.36,0.38,0.43,0.6,0.59,0.59,0.54,0.59,0.55,0.49,0.49,0.47,0.5,0.57,0.68,0.66,0.65,0.58,0.55,0.47
21,龍潭,3,臭氧,O3,ppb,2003-05-09,43,43,42,42,42,42,x,38,39,40,43,44,44,43,42,40,38,33,27,29,29,32,29,32
21,龍潭,4,懸浮微粒,PM10,μg/m3,2003-05-09,36,36,44,49,49,42,54,55,67,59,61,54,49,46,42,39,31,33,37,31,25,23,25,19
21,龍潭,5,氮氧化物,NOx,ppb,2003-05-09,6.7,6.7,7.4,x,11,9.2,13,19,18,18,16,17,15,15,17,16,19,21,27,23,22,19,22,18
21,龍潭,6,一氧化氮,NO,ppb,2003-05-09,0,0,0,x,3,0.1,0.5,1.9,2.4,2.3,2.3,2.3,1.9,1.4,1.8,1.8,2,1.7,1.3,1,0.9,0.6,0.3,0.2
21,龍潭,7,二氧化氮,NO2,ppb,2003-05-09,6.7,6.7,7.4,x,7.6,9.1,12,17,16,15,14,15,13,13,15,14,17,19,25,22,22,18,22,17
21,龍潭,10,風速,WIND_SPEED,m/sec,2003-05-09,7.2,6.7,6.8,7.1,6.6,6.8,7.2,6.7,7.1,7.3,7.2,6.7,7.3,6.8,6.3,6.2,6.3,5.6,5.3,5,4.3,4.1,3.9,4.1
21,龍潭,11,風向,WIND_DIREC,degrees,2003-05-09,34,34,38,36,32,35,39,37,40,39,38,36,35,35,38,44,42,38,39,36,32,27,31,33
21,龍潭,14,溫度,AMB_TEMP,℃,2003-05-09,20.1,19.8,19.5,19.3,19,18.9,19.3,20,21,21.2,22.3,22.8,22.6,21.8,21.7,22,21.9,21.2,20.4,20,19.6,19.5,19.7,19.6
22,湖口,1,二氧化硫,SO2,ppb,2003-05-09,3,2.7,3.3,4.5,4.1,x,2.6,3.3,3.6,3.3,4.3,4.3,2.1,1.4,0.9,0.9,3.3,4,3.4,4.5,11,8.1,8.2,7.3
22,湖口,2,一氧化碳,CO,ppm,2003-05-09,0.44,0.51,0.47,0.45,0.51,0.52,0.54,0.64,0.61,0.58,0.56,0.53,0.47,0.47,0.5,0.52,0.64,0.69,0.73,0.68,0.64,0.59,0.52,0.54
22,湖口,3,臭氧,O3,ppb,2003-05-09,57,55,53,55,56,59,x,58,57,63,68,71,65,66,66,58,57,49,42,37,34,35,41,44
22,湖口,4,懸浮微粒,PM10,μg/m3,2003-05-09,77,91,96,96,115,98,93,89,97,110,137,115,115,93,67,50,15,22,22,48,53,41,37,16
22,湖口,5,氮氧化物,NOx,ppb,2003-05-09,8.3,8.1,8.4,x,7.6,7.7,12,17,20,20,17,15,12,9.1,9,13,19,25,27,26,27,25,20,16
22,湖口,6,一氧化氮,NO,ppb,2003-05-09,0,0,0,x,0,0,0.2,1.3,2.7,3.4,2.5,1.7,1.3,0.7,0.6,1.3,1.5,1,0.3,0.4,0.3,0.3,0.1,0
22,湖口,7,二氧化氮,NO2,ppb,2003-05-09,8.3,8.1,8.4,x,7.6,7.7,12,16,18,17,15,13,11,8.4,8.4,12,17,24,27,26,27,25,19,16
22,湖口,10,風速,WIND_SPEED,m/sec,2003-05-09,5.7,6.2,6.1,5.7,5.8,4.9,4.6,5.4,6.1,6,6.2,6,5.7,6.2,5.8,5.2,4.9,4.7,4.4,4.7,4.2,4.1,3.9,3.2
22,湖口,11,風向,WIND_DIREC,degrees,2003-05-09,38,36,32,33,33,36,39,38,40,43,38,38,27,23,24,29,45,35,37,33,24,26,25,36
22,湖口,14,溫度,AMB_TEMP,℃,2003-05-09,19.8,19.7,19.4,19.3,18.8,18.9,19.3,20.2,21,23.4,24.5,25,25.3,25,24.5,24,23,21.9,20.4,19.9,19.6,19.6,19.7,19.5
23,竹東,1,二氧化硫,SO2,ppb,2003-05-09,0.1,0.2,0.4,0.2,0.1,0.3,1,1.1,1.8,2.1,1.8,1.6,2,1.9,1.8,1.6,1.9,1.7,0.6,0.7,0.8,1.1,0.9,0.5
23,竹東,2,一氧化碳,CO,ppm,2003-05-09,0.47,0.13,0.09,0.08,0.07,0.06,0.08,0.17,0.18,0.17,0.17,0.2,0.23,0.19,0.14,0.12,0.13,0.16,x,0.41,0.45,0.48,0.41,0.35
23,竹東,3,臭氧,O3,ppb,2003-05-09,54,58,56,55,56,55,x,51,53,55,55,59,61,58,54,53,50,45,39,37,35,33,38,43
23,竹東,4,懸浮微粒,PM10,μg/m3,2003-05-09,41,42,43,41,45,53,57,56,72,61,64,77,73,75,67,59,51,51,50,42,34,22,12,12
23,竹東,5,氮氧化物,NOx,ppb,2003-05-09,3.4,3.1,3.5,x,2.6,4.1,6.1,11,14,13,14,15,17,16,12,11,13,14,14,15,18,21,17,13
23,竹東,6,一氧化氮,NO,ppb,2003-05-09,0.6,0.3,0.2,x,0,0,0,0.3,1.4,2,2.6,3.5,3.9,2.8,0.8,0.2,0.3,0.2,0.2,0.3,0.9,1.1,1.2,1.1
23,竹東,7,二氧化氮,NO2,ppb,2003-05-09,2.8,2.8,3.4,x,2.6,4.1,6.1,11,13,11,11,12,13,13,11,11,12,14,14,15,17,20,16,12
23,竹東,10,風速,WIND_SPEED,m/sec,2003-05-09,1.2,1.8,1.6,1.2,1.6,1.6,1.7,1.3,2,2.3,2.6,2.6,3.4,3.8,3,2.8,3.4,1.7,2,1.6,1.1,1,0.8,0.8
23,竹東,11,風向,WIND_DIREC,degrees,2003-05-09,888,92,111,95,35,24,49,67,85,51,42,24,21,15,22,32,46,46,34,48,27,82,83,75
23,竹東,14,溫度,AMB_TEMP,℃,2003-05-09,20.8,20.8,20.3,20.3,20,19.9,20.5,21.6,23.1,23.7,24,25.1,24.8,24.3,24.3,23.5,23.1,22.2,21.4,21,20.7,20.4,20.4,20.2
24,新竹,1,二氧化硫,SO2,ppb,2003-05-09,3.8,3.6,3.2,3.6,3.6,4.5,4.5,5.3,5.5,5.1,5.3,5.2,5.2,4.3,3.4,3.7,5.4,4.8,5.5,6.3,6.4,8,7.4,8.1
24,新竹,2,一氧化碳,CO,ppm,2003-05-09,0.49,0.45,0.42,0.38,0.39,0.42,0.44,0.65,0.65,0.62,0.63,0.6,0.55,0.48,0.49,0.54,0.65,0.68,0.72,0.82,0.78,0.67,0.55,0.49
24,新竹,3,臭氧,O3,ppb,2003-05-09,44,44,44,42,41,42,x,40,42,47,52,56,56,50,46,45,38,32,23,17,17,23,25,28
24,新竹,4,懸浮微粒,PM10,μg/m3,2003-05-09,43,42,50,50,55,57,58,65,71,71,69,70,69,68,54,49,45,48,43,32,38,26,26,30
24,新竹,5,氮氧化物,NOx,ppb,2003-05-09,9.8,8.9,7.7,x,8,9.9,14,22,21,18,21,19,16,15,17,18,27,29,35,38,41,33,28,23
24,新竹,6,一氧化氮,NO,ppb,2003-05-09,0.1,0.1,0,x,0,0,0,0.7,0.6,0.6,1.2,0.9,0.5,0.7,1.1,0.6,1.8,1.1,0.3,0.6,1.9,1.1,0.1,0.1
24,新竹,7,二氧化氮,NO2,ppb,2003-05-09,9.7,8.8,7.6,x,8,9.9,14,21,21,18,20,18,16,15,16,18,25,28,35,38,39,31,28,23
24,新竹,8,總碳氫化合物,THC,ppm,2003-05-09,2.4,2.4,2.2,2.3,2.1,2.1,2.1,2.2,2.3,2.2,2.3,2.2,2.2,2.1,2.4,2.7,2.8,2.5,2.5,2.7,2.7,2.6,2.4,2.5
24,新竹,9,非甲烷碳氫化合物,NMHC,ppm,2003-05-09,0.12,0.16,0.13,0.14,0.16,0.15,0.13,0.26,0.29,0.25,0.34,0.29,0.27,0.21,0.23,0.41,0.51,0.44,0.43,0.52,0.52,0.43,0.35,0.36
24,新竹,10,風速,WIND_SPEED,m/sec,2003-05-09,3.4,3.3,3.2,2.7,2.9,3,3.3,3.5,3.9,4.2,3.8,4,4.2,4.4,3.7,3.8,4.1,3.3,3.5,2.2,2.3,2.3,2.1,1.9
24,新竹,11,風向,WIND_DIREC,degrees,2003-05-09,71,69,64,50,57,55,58,67,52,58,44,42,55,48,37,73,83,69,68,57,36,42,41,63
24,新竹,14,溫度,AMB_TEMP,℃,2003-05-09,22.1,22,21.9,21.6,21.2,21.1,21.5,22.9,23.4,24.3,25.8,26.1,26.2,26.2,26.3,25.8,25.2,24.1,23.1,22.9,22.5,22.1,22.1,21.9
24,新竹,31,甲烷,CH4,ppm,2003-05-09,2.3,2.2,2.1,2.1,1.9,2,2,1.9,2,2,2,1.9,1.9,1.9,2.2,2.3,2.3,2.1,2.1,2.2,2.2,2.2,2.1,2.1
25,頭份,1,二氧化硫,SO2,ppb,2003-05-09,2.3,2.5,2.4,2.4,2.1,2,2.2,2.8,3.2,3.1,2.8,2.6,2.9,4.1,4.3,3.5,2.7,2.7,2.7,2.5,2.8,4.5,4.3,5.2
25,頭份,4,懸浮微粒,PM10,μg/m3,2003-05-09,42,44,46,46,59,69,61,60,55,57,71,69,60,73,64,55,54,53,52,48,47,47,39,32
25,頭份,5,氮氧化物,NOx,ppb,2003-05-09,6.6,6.2,6.5,x,5.7,6.6,9.9,12,12,11,11,9.2,10,11,12,12,13,16,20,20,22,25,29,26
25,頭份,6,一氧化氮,NO,ppb,2003-05-09,0,0,0,x,0.2,0.2,0.4,0.7,1.1,1,0.7,0.5,0.4,0.6,0.6,0.6,0.7,0.5,0.3,0.3,0.3,0.3,0.4,0.4
25,頭份,7,二氧化氮,NO2,ppb,2003-05-09,6.6,6.2,6.5,x,5.6,6.4,9.5,11,11,10,10,8.6,9.6,11,11,11,12,16,20,20,22,25,28,26
25,頭份,8,總碳氫化合物,THC,ppm,2003-05-09,2.3,2.3,2.2,2.2,2.2,2.3,2.3,2.3,2.3,2.3,2.3,2.3,2.3,2.3,2.3,2.3,2.3,2.3,2.3,2.4,2.4,2.5,2.5,2.4
25,頭份,9,非甲烷碳氫化合物,NMHC,ppm,2003-05-09,0.2,0.19,0.18,0.2,0.18,0.19,0.21,0.2,0.22,0.23,0.22,0.23,0.23,0.23,0.22,0.23,0.23,0.23,0.24,0.25,0.26,0.24,0.25,0.25
25,頭份,10,風速,WIND_SPEED,m/sec,2003-05-09,3.6,4.3,2.9,3.5,3.8,3.8,3.8,5,4.5,5.2,4.6,4.7,4.7,5.5,5.3,5.1,5.4,4.5,3.5,3.3,2.9,2,2,2
25,頭份,11,風向,WIND_DIREC,degrees,2003-05-09,23,41,32,32,33,28,37,41,41,52,46,48,46,31,26,42,48,43,42,36,26,22,35,23
25,頭份,14,溫度,AMB_TEMP,℃,2003-05-09,21,21.1,20.9,20.6,20.3,20.2,20.9,21.4,23,23.7,24.2,25.5,26.1,25.6,24.9,24.8,24.2,23,22,21.5,21.4,21.2,21,20.7
25,頭份,31,甲烷,CH4,ppm,2003-05-09,2.1,2.1,2.1,2.1,2.1,2.1,2.1,2.1,2.1,2.1,2.1,2.1,2.1,2.1,2.1,2.1,2.1,2.1,2.1,2.1,2.1,2.2,2.3,2.2
26,苗栗,1,二氧化硫,SO2,ppb,2003-05-09,3.1,3.6,3.3,4.3,3.8,2.6,3,2.7,3.2,3.6,3.4,2.9,2.7,2.9,3.7,3.2,2.8,3.5,4.4,4.7,5.6,4.5,6.1,5.3
26,苗栗,2,一氧化碳,CO,ppm,2003-05-09,0.53,0.44,0.42,0.4,0.37,0.36,0.42,0.58,0.49,0.5,0.52,0.5,0.51,0.5,0.51,0.48,0.54,0.65,0.96,3.06,3.2,2.93,3.41,1.57
26,苗栗,3,臭氧,O3,ppb,2003-05-09,45,47,50,47,48,48,x,49,53,58,64,74,84,89,78,71,58,46,37,29,25,25,26,23
26,苗栗,4,懸浮微粒,PM10,μg/m3,2003-05-09,60,60,38,25,134,87,86,134,59,47,222,132,100,171,93,93,126,61,65,37,11,62,31,53
26,苗栗,5,氮氧化物,NOx,ppb,2003-05-09,11,11,9.4,x,10,12,13,18,16,15,15,13,13,13,16,14,18,23,28,33,35,33,35,35
26,苗栗,6,一氧化氮,NO,ppb,2003-05-09,0.1,0,0,x,0,0.1,0.7,2.8,2.5,2,1.3,1.3,1.1,0.7,1.2,1.2,2,2.2,2,3.5,4,3.4,4.3,3.6
26,苗栗,7,二氧化氮,NO2,ppb,2003-05-09,11,11,9.4,x,10,11,12,15,14,13,13,12,12,13,14,13,16,20,26,29,31,30,30,32
26,苗栗,10,風速,WIND_SPEED,m/sec,2003-05-09,1.8,1.8,1.8,1.8,2.2,2.9,2.6,2.4,3.2,3.2,3.2,3.8,4.1,4,4.5,4.2,3.5,2.7,2.4,2.1,2.1,1.9,1.7,1.3
26,苗栗,11,風向,WIND_DIREC,degrees,2003-05-09,11,15,15,13,15,18,26,28,19,17,8,24,19,22,16,25,26,24,12,24,23,27,17,17
26,苗栗,14,溫度,AMB_TEMP,℃,2003-05-09,20.7,20.7,20.7,20.3,20.1,19.9,20.1,21.1,22,22.6,23.2,24.6,25.5,25.9,25.2,24.4,23.8,22.9,21.7,21.1,20.8,20.7,20.5,19.9
27,三義,1,二氧化硫,SO2,ppb,2003-05-09,0,0,0,0.1,0.1,0,0,0,0.1,0.1,0.3,0.8,1.7,1.6,1.5,1.8,0.9,0.6,0.6,0.6,0.6,0.4,0.3,0.3
27,三義,2,一氧化碳,CO,ppm,2003-05-09,0.44,0.45,0.45,0.44,0.4,0.39,0.36,0.37,0.39,0.35,0.37,0.4,0.45,0.41,0.42,0.45,0.41,0.39,0.38,0.37,0.37,0.37,0.37,0.38
27,三義,3,臭氧,O3,ppb,2003-05-09,26,26,29,28,30,30,x,35,32,36,48,65,80,88,87,75,64,60,49,42,36,32,30,27
27,三義,4,懸浮微粒,PM10,μg/m3,2003-05-09,18,24,17,24,36,27,20,35,41,47,34,37,48,48,35,43,x,x,12,16,23,37,27,31
27,三義,5,氮氧化物,NOx,ppb,2003-05-09,7.6,9.2,11,x,11,8.9,6.7,5.9,9.6,9.1,8.8,9.9,13,12,11,15,13,9.7,9.4,10,12,10,11,11
27,三義,6,一氧化氮,NO,ppb,2003-05-09,0.4,1.1,1.6,x,0,0,0.1,0.3,2.8,2.8,2.3,2.1,2.4,2,1.9,2.8,2.3,1,0.2,0.9,1.3,0.1,0.6,0.9
27,三義,7,二氧化氮,NO2,ppb,2003-05-09,7.2,8.1,9.3,x,11,8.9,6.6,5.6,6.8,6.3,6.4,7.8,11,9.8,9.5,12,10,8.7,9.2,9.2,10,9.9,10,10
27,三義,8,總碳氫化合物,THC,ppm,2003-05-09,2.3,2.3,2.3,2.3,2.3,2.3,2.3,2.3,2.3,2.3,2.3,2.4,2.4,x,x,x,2.4,2.4,2.4,2.4,2.4,2.4,2.4,2.4
27,三義,9,非甲烷碳氫化合物,NMHC,ppm,2003-05-09,0.25,0.23,0.24,0.26,0.24,0.22,0.23,0.25,0.24,0.23,0.25,0.34,0.47,x,x,x,0.46,0.45,0.35,0.33,0.34,0.34,0.3,0.4
27,三義,10,風速,WIND_SPEED,m/sec,2003-05-09,3.3,2.8,3.5,3.9,3.9,4.3,4.6,4.1,4.3,4,4.1,4.4,5.9,6.4,6.5,6.5,4.2,3.8,3.9,3.6,3.5,3.8,3.5,3.3
27,三義,11,風向,WIND_DIREC,degrees,2003-05-09,21,25,22,23,24,24,25,26,25,29,31,24,20,21,22,25,34,38,36,30,33,34,31,31
27,三義,14,溫度,AMB_TEMP,℃,2003-05-09,18.4,18.3,18.1,18,17.7,17.6,17.6,18.3,19.7,21.2,23,23.9,24.2,24.4,24.2,23.3,23.1,21.5,19.8,19,18.7,18.4,18.2,18
27,三義,21,酸雨,PH_RAIN,pH,2003-05-09,0,0,0,0,0,0,0,0,0,0,0,0,0,0,0,0,0,0,0,0,0,0,0,0
27,三義,22,導電度,RAIN_COND,μmho/cm,2003-05-09,0,0,0,0,0,0,0,0,0,0,0,0,0,0,0,0,0,0,0,0,0,0,0,0
27,三義,31,甲烷,CH4,ppm,2003-05-09,2.1,2.1,2.1,2.1,2.1,2.1,2.1,2.1,2.1,2.1,2.1,2,2,x,x,x,2,2,2,2.1,2.1,2.1,2.1,2
27,三義,32,降雨強度,RAIN_INT,㎜,2003-05-09,0,0,0,0,0,0,0,0,0,0,0,0,0,0,0,0,0,0,0,0,0,0,0,0
28,豐原,1,二氧化硫,SO2,ppb,2003-05-09,1.2,1.4,0.6,0.6,0.8,0.3,0.9,2.7,2,2,1.7,2.1,0.9,1.3,0.9,0.8,0.9,0.7,1.3,7.8,1,1.1,2.4,1.5
28,豐原,2,一氧化碳,CO,ppm,2003-05-09,0.64,0.59,0.52,0.5,0.52,0.56,0.6,1.06,0.76,0.71,0.67,0.73,0.63,0.63,0.62,0.67,0.75,0.86,0.87,0.97,0.98,0.83,0.7,0.57
28,豐原,3,臭氧,O3,ppb,2003-05-09,3.1,14,16,14,15,16,14,11,20,30,40,58,74,83,85,79,69,56,38,11,20,20,14,15
28,豐原,4,懸浮微粒,PM10,μg/m3,2003-05-09,34,25,30,39,37,51,43,38,36,40,39,44,55,61,x,x,69,59,50,41,49,49,53,47
28,豐原,5,氮氧化物,NOx,ppb,2003-05-09,24,16,12,x,13,14,21,36,24,21,19,18,14,15,16,17,20,23,29,58,32,27,29,23
28,豐原,6,一氧化氮,NO,ppb,2003-05-09,3.3,0.2,0,x,0.9,0.9,6.7,17,8.8,5.3,3.5,2.2,1,0.8,1,1,1.2,1.3,1.4,12,2.8,2.6,2.3,1.2
28,豐原,7,二氧化氮,NO2,ppb,2003-05-09,20,16,12,x,12,13,15,19,16,16,15,16,13,14,15,16,18,22,27,46,29,25,26,22
28,豐原,10,風速,WIND_SPEED,m/sec,2003-05-09,0.8,1.5,1.9,1.4,1.8,2,1.9,1.3,1.9,2,1.9,2.1,2.7,3.2,3.4,3.5,3.2,3,2.7,1.9,1.5,1.8,1.9,1.8
28,豐原,11,風向,WIND_DIREC,degrees,2003-05-09,326,345,354,346,349,349,352,337,338,351,346,333,338,339,357,358,353,347,358,348,340,344,346,347
28,豐原,14,溫度,AMB_TEMP,℃,2003-05-09,21.2,20.1,20,20.3,20.1,19.8,20.6,22.5,23.6,24.9,26.7,27.4,27.4,28,27.9,27.4,26.3,24.7,22.9,22.5,22.1,21.4,20.7,20.7
29,沙鹿,1,二氧化硫,SO2,ppb,2003-05-09,2.7,2.5,2.8,2.8,2.9,2.3,2,1.8,2.8,4.7,4,3.9,4.9,5.5,6.9,6.4,7.9,9.6,9.9,11,8.8,9.1,7.5,8.6
29,沙鹿,2,一氧化碳,CO,ppm,2003-05-09,0.61,0.51,0.51,0.49,0.44,0.44,0.47,0.59,0.53,0.55,0.52,0.57,0.54,0.44,0.42,0.44,0.5,0.61,0.67,0.67,0.65,0.65,0.63,0.64
29,沙鹿,3,臭氧,O3,ppb,2003-05-09,31,31,32,36,38,37,x,35,41,48,55,71,87,74,64,63,56,48,34,23,18,14,15,16
29,沙鹿,4,懸浮微粒,PM10,μg/m3,2003-05-09,29,16,31,36,44,44,50,53,51,48,53,61,61,69,72,65,73,59,56,51,51,51,38,39
29,沙鹿,5,氮氧化物,NOx,ppb,2003-05-09,x,x,x,x,x,x,x,x,x,x,x,x,x,x,x,x,x,x,x,x,x,x,x,x
29,沙鹿,6,一氧化氮,NO,ppb,2003-05-09,x,x,x,x,x,x,x,x,x,x,x,x,x,x,x,x,x,x,x,x,x,x,x,x
29,沙鹿,7,二氧化氮,NO2,ppb,2003-05-09,x,x,x,x,x,x,x,x,x,x,x,x,x,x,x,x,x,x,x,x,x,x,x,x
29,沙鹿,10,風速,WIND_SPEED,m/sec,2003-05-09,3.2,4,4.1,4.7,4.7,4.2,4.9,3.8,4.4,5,5,5.1,6.6,7.9,7.5,7.1,5.6,5.3,4.6,4.2,3.4,3.8,4.4,4.8
29,沙鹿,11,風向,WIND_DIREC,degrees,2003-05-09,356,5,360,360,360,360,4,358,353,355,347,347,348,349,351,354,353,355,356,357,353,355,359,360
29,沙鹿,14,溫度,AMB_TEMP,℃,2003-05-09,20.9,20.9,21,20.9,20.6,20.5,21.3,23,24.1,25.1,26,27,26.4,25.6,25.4,25,24.7,24.1,23.1,22.2,21.7,21.4,21.4,21
30,大里,1,二氧化硫,SO2,ppb,2003-05-09,1.5,1.7,1.6,1.4,1.6,1,1.3,2,2,2.1,0.9,0.8,1.5,1.1,1.2,1.2,1.6,1.6,1.8,1.8,2.5,2.5,3.2,2.2
30,大里,2,一氧化碳,CO,ppm,2003-05-09,1.21,0.72,0.68,0.59,0.5,0.48,0.53,0.89,1.09,1.06,0.89,0.71,0.61,0.57,0.53,0.59,0.72,0.92,1.03,0.96,1.34,1.43,1.18,0.88
30,大里,3,臭氧,O3,ppb,2003-05-09,4,6.7,7.2,7.5,10,13,x,18,32,36,74,82,89,94,96,94,85,63,39,24,5.2,0.7,0.7,2.9
30,大里,4,懸浮微粒,PM10,μg/m3,2003-05-09,40,47,44,28,27,19,19,50,47,78,79,79,76,72,82,84,84,83,74,75,60,70,73,66
30,大里,5,氮氧化物,NOx,ppb,2003-05-09,26,22,22,x,19,19,25,38,41,39,26,16,15,13,14,19,25,35,41,41,60,65,55,41
30,大里,6,一氧化氮,NO,ppb,2003-05-09,1,0.4,0.2,x,0.1,0.7,4.7,12,9.6,7.2,1.8,0.5,0.3,0.1,0.2,0.6,0.8,0.9,0.6,0.2,7.2,16,9.4,1.7
30,大里,7,二氧化氮,NO2,ppb,2003-05-09,25,21,22,x,19,18,20,26,31,32,24,16,15,13,13,19,25,34,40,41,53,50,46,39
30,大里,10,風速,WIND_SPEED,m/sec,2003-05-09,1.1,0.8,1,1.6,1.4,1.3,1.1,1.2,1.2,1.7,1.6,2,2.6,3.2,3.7,3.6,2.9,2.4,2.2,1.8,1.1,0.8,1.4,1.6
30,大里,11,風向,WIND_DIREC,degrees,2003-05-09,198,225,888,3,345,342,344,888,201,277,298,270,278,347,343,337,335,335,347,348,313,207,888,12
30,大里,14,溫度,AMB_TEMP,℃,2003-05-09,22.8,22.4,22.6,22.5,22.6,22.4,23.1,25.1,27,28,29.7,30.7,31.1,30.5,29.9,29.6,28.8,27.6,25.9,25.1,25,24.2,23.7,23.4
30,大里,36,二氧化碳,CO2,ppm,2003-05-09,375,371,x,361,359,360,361,362,362,362,350,x,x,x,x,x,x,x,x,x,351,364,358,351
31,忠明,1,二氧化硫,SO2,ppb,2003-05-09,1.8,1.2,0.7,1.4,1.3,1.8,1.7,2.7,2.7,2.1,1.4,1.7,2,2.1,2.6,2.8,3.3,2.6,2.6,3.7,3.8,3.5,2.2,2.4
31,忠明,2,一氧化碳,CO,ppm,2003-05-09,0.72,0.61,0.55,0.53,0.51,0.52,0.53,0.76,0.8,0.63,0.59,0.57,0.58,0.55,0.56,0.57,0.61,0.71,0.74,0.78,0.78,0.81,0.7,0.64
31,忠明,3,臭氧,O3,ppb,2003-05-09,6.7,12,21,18,24,20,x,17,21,35,54,70,82,88,89,86,77,57,39,21,17,13,13,13
31,忠明,4,懸浮微粒,PM10,μg/m3,2003-05-09,54,58,52,52,47,30,30,44,37,37,42,56,56,61,66,71,40,56,64,67,69,69,87,71
31,忠明,5,氮氧化物,NOx,ppb,2003-05-09,26,19,12,x,13,19,20,31,31,22,16,13,12,12,15,17,21,28,32,40,37,37,32,29
31,忠明,6,一氧化氮,NO,ppb,2003-05-09,1.1,0.5,0.1,x,0.1,0.5,2.4,9.4,9.3,4.1,1.7,0.8,0.4,0.3,0.7,0.8,0.8,0.8,0.5,0.9,0.7,1.1,0.7,0.4
31,忠明,7,二氧化氮,NO2,ppb,2003-05-09,25,18,12,x,13,19,18,21,22,18,14,13,12,11,14,16,21,27,32,39,36,36,32,29
31,忠明,10,風速,WIND_SPEED,m/sec,2003-05-09,1,1.9,2.1,1.8,2.1,2.1,2,1.7,1.5,2.5,2,2.3,3,3.6,4,4.2,4,2.9,2.9,2.3,2.2,2.4,2.4,2.5
31,忠明,11,風向,WIND_DIREC,degrees,2003-05-09,345,350,360,352,355,351,354,345,338,338,342,344,359,5,359,356,355,357,359,2,352,348,360,355
31,忠明,14,溫度,AMB_TEMP,℃,2003-05-09,23,22.6,22.4,22.6,22.2,22,22.7,24.9,26.8,27.6,29.6,30.6,30.9,30.6,30.2,29.5,28.3,26.8,24.9,24.3,23.7,23.3,22.6,22.3
31,忠明,33,細懸浮微粒,PM2.5,μg/m3,2003-05-09,24,21,18,15,14,14,16,19,18,17,18,20,22,26,29,29,30,31,34,34,32,30,28,27
32,西屯,1,二氧化硫,SO2,ppb,2003-05-09,1,0.9,0.9,0.8,0.9,1.2,1.3,1.6,1.7,2.2,2.8,2.2,2,3.4,3.2,3,2.8,2.1,2.2,1.9,2,2.5,2,1.9
32,西屯,2,一氧化碳,CO,ppm,2003-05-09,0.58,0.55,0.54,0.53,0.51,0.49,0.5,0.66,0.78,0.66,0.82,0.72,0.68,0.65,0.62,0.63,0.63,0.63,0.64,0.61,0.63,0.63,0.59,0.57
32,西屯,3,臭氧,O3,ppb,2003-05-09,21,25,31,34,36,34,x,27,24,37,51,63,80,86,86,85,81,66,48,38,30,24,22,21
32,西屯,4,懸浮微粒,PM10,μg/m3,2003-05-09,50,39,33,39,38,48,44,41,52,49,48,73,73,66,112,101,97,84,78,78,71,63,73,66
32,西屯,5,氮氧化物,NOx,ppb,2003-05-09,5.4,x,x,x,7.1,9,10,21,24,20,21,15,10,14,13,14,13,14,19,19,20,22,20,19
32,西屯,6,一氧化氮,NO,ppb,2003-05-09,4.1,x,x,x,1.1,1.3,2.3,7.8,10,7.2,6.9,3.8,1.8,2.6,2.2,2.5,1.9,1.7,2.1,2.7,2.7,3.1,2.5,2.4
32,西屯,7,二氧化氮,NO2,ppb,2003-05-09,1.2,x,x,x,6,7.7,8.1,13,14,13,15,11,8.7,12,11,12,11,13,16,16,17,19,17,17
32,西屯,8,總碳氫化合物,THC,ppm,2003-05-09,2.2,2.4,2.2,2.2,2.1,2.2,2.2,2.1,2.2,2.1,2.1,2.1,2,2,2.1,2.2,2.2,2.3,2.3,2.3,2.3,2.4,2.4,2.4
32,西屯,9,非甲烷碳氫化合物,NMHC,ppm,2003-05-09,0.25,0.37,0.25,0.19,0.16,0.17,0.14,0.18,0.15,0.18,0.19,0.17,0.14,0.15,0.17,0.21,0.28,0.28,0.2,0.31,0.22,0.43,0.38,0.36
32,西屯,10,風速,WIND_SPEED,m/sec,2003-05-09,1.5,2.6,3.2,3.2,3.3,2.9,3.2,2.8,2.3,3.5,2.8,3.5,4.3,5.4,5.7,5.8,5.1,4.4,3.7,3.6,2.4,2.9,3.1,3.1
32,西屯,11,風向,WIND_DIREC,degrees,2003-05-09,13,13,10,10,7,5,7,10,20,25,12,19,18,4,4,8,4,5,6,4,5,12,10,10
32,西屯,14,溫度,AMB_TEMP,℃,2003-05-09,21.7,21.8,21.6,21.6,21.3,21.2,22.2,24.2,27.5,27.6,29.6,30.6,30.9,30.4,29.6,28.8,27.8,26.1,24.2,23.5,23,22.8,22.2,22.1
32,西屯,21,酸雨,PH_RAIN,pH,2003-05-09,0,0,0,0,0,0,0,0,0,0,0,0,0,0,0,0,0,0,0,0,0,0,0,0
32,西屯,22,導電度,RAIN_COND,μmho/cm,2003-05-09,0,0,0,0,0,0,0,0,0,0,0,0,0,0,0,0,0,0,0,0,0,0,0,0
32,西屯,31,甲烷,CH4,ppm,2003-05-09,1.9,2,2,2.1,2,2,2.1,2,2,1.9,1.9,2,1.9,1.9,1.9,2,2,2,2.1,2,2.1,2,2,2
32,西屯,32,降雨強度,RAIN_INT,㎜,2003-05-09,0,0,0,0,0,0,0,0,0,0,0,0,0,0,0,0,0,0,0,0,0,0,0,0
33,彰化,1,二氧化硫,SO2,ppb,2003-05-09,2.1,1.9,1.4,1.5,2.2,2.2,2.4,5.7,3.8,3.9,4.1,4.1,4.2,5.3,5.5,5.2,5.6,6.3,4.4,4.3,5.7,6,5.1,5.1
33,彰化,2,一氧化碳,CO,ppm,2003-05-09,0.51,0.44,0.44,0.43,0.43,0.5,0.62,1.27,0.97,0.83,0.78,0.76,0.75,0.58,0.52,0.53,0.79,1,0.96,0.94,0.92,0.95,0.69,0.58
33,彰化,3,臭氧,O3,ppb,2003-05-09,19,24,23,22,25,25,25,16,28,39,51,61,83,77,65,61,53,41,36,23,13,8.9,11,13
33,彰化,4,懸浮微粒,PM10,μg/m3,2003-05-09,40,40,41,38,53,53,58,66,66,70,70,63,61,74,93,88,88,83,78,72,73,66,66,59
33,彰化,5,氮氧化物,NOx,ppb,2003-05-09,18,14,13,x,16,18,23,50,31,26,25,23,21,21,24,25,31,39,37,39,45,46,38,33
33,彰化,6,一氧化氮,NO,ppb,2003-05-09,0.7,0.4,0.5,x,0.3,0.4,3.8,21,8.2,5.1,4.2,2.5,1,1.5,2.3,2.5,3.3,3.7,3.1,3.3,5.8,8.3,4.8,2.1
33,彰化,7,二氧化氮,NO2,ppb,2003-05-09,17,14,13,x,15,17,19,29,23,21,21,21,20,20,21,23,28,35,34,35,39,38,33,31
33,彰化,8,總碳氫化合物,THC,ppm,2003-05-09,2.6,2.5,2.6,2.6,2.6,2.6,2.7,2.9,2.9,2.8,2.7,2.7,2.7,2.6,2.5,2.5,2.7,2.8,2.9,2.9,2.9,3,2.9,2.8
33,彰化,9,非甲烷碳氫化合物,NMHC,ppm,2003-05-09,0.24,0.16,0.16,0.15,0.12,0.24,0.3,0.51,0.55,0.47,0.44,0.37,0.35,0.31,0.2,0.3,0.43,0.53,0.56,0.57,0.49,0.53,0.41,0.35
33,彰化,10,風速,WIND_SPEED,m/sec,2003-05-09,0.7,1.5,1.6,1.3,1.4,1.6,1.7,0.9,1.2,1.9,2,2.4,3.3,4.2,4.1,4.1,3.2,2.6,2.5,1.8,1.4,1.6,2.5,2.4
33,彰化,11,風向,WIND_DIREC,degrees,2003-05-09,355,2,2,359,357,360,3,10,353,355,351,358,356,357,360,352,359,357,355,356,360,355,352,359
33,彰化,14,溫度,AMB_TEMP,℃,2003-05-09,22.1,21.8,21.9,22.1,22,21.6,22.6,26,26.8,27.6,29.2,29.4,29.5,28.9,28.4,27.7,27.5,26,24.6,24.2,23.3,22.6,22.1,22
33,彰化,31,甲烷,CH4,ppm,2003-05-09,2.4,2.4,2.4,2.5,2.5,2.4,2.4,2.4,2.3,2.3,2.3,2.3,2.3,2.3,2.3,2.2,2.2,2.2,2.3,2.3,2.4,2.4,2.5,2.5
34,線西,1,二氧化硫,SO2,ppb,2003-05-09,1.4,3.9,4.3,5.1,6.8,4.9,3.8,2.9,3.9,5.7,5,5.6,4.4,4.1,4.1,3.6,4.1,4.6,4.3,5.4,6.1,5.4,5.4,5.5
34,線西,4,懸浮微粒,PM10,μg/m3,2003-05-09,58,47,51,53,58,65,59,71,76,74,70,90,x,x,170,145,136,108,81,73,73,59,46,46
34,線西,5,氮氧化物,NOx,ppb,2003-05-09,10,19,17,x,20,14,13,19,19,24,18,18,9.8,7.2,11,12,14,19,23,31,34,26,26,25
34,線西,6,一氧化氮,NO,ppb,2003-05-09,0,0.1,0.1,x,0,0.1,0.6,3.6,3.1,3.6,1.9,0.9,0.2,0.2,0.5,0.5,0.6,0.4,0.2,0.1,0.3,0.1,0.1,0.1
34,線西,7,二氧化氮,NO2,ppb,2003-05-09,10,19,17,x,20,14,13,16,16,20,17,17,9.6,7,10,11,14,19,23,30,34,26,26,25
34,線西,8,總碳氫化合物,THC,ppm,2003-05-09,2.6,2.6,2.6,2.8,x,x,x,2.2,2.6,2.7,2.6,2.6,2.6,2.5,2.5,2.5,2.5,2.5,2.6,2.7,2.7,2.7,2.7,2.7
34,線西,9,非甲烷碳氫化合物,NMHC,ppm,2003-05-09,0.19,0.21,0.18,0.25,x,x,x,0.2,0.2,0.3,0.2,0.2,0.25,0.19,0.18,0.18,0.2,0.19,0.25,0.31,0.25,0.25,0.26,0.24
34,線西,10,風速,WIND_SPEED,m/sec,2003-05-09,5.4,5.1,5.1,5.8,6.3,6.1,5.5,4.6,5.8,5.7,6.1,7.4,11,11,11,11,10,8.7,6.9,5.6,5.6,6.5,6.6,7.3
34,線西,11,風向,WIND_DIREC,degrees,2003-05-09,13,17,17,17,17,16,19,18,7,9,4,5,6,7,14,15,7,7,15,14,9,9,15,15
34,線西,14,溫度,AMB_TEMP,℃,2003-05-09,21,21.1,21,21.2,21.1,20.7,20.8,21.8,23.2,24.3,25.4,25.7,25.3,25,24.9,24.6,24.3,23.7,22.9,22.2,21.7,21.5,21.6,21.4
34,線西,31,甲烷,CH4,ppm,2003-05-09,2.4,2.4,2.4,2.5,x,x,x,2,2.4,2.4,2.4,2.4,2.4,2.4,2.3,2.3,2.3,2.3,2.4,2.4,2.5,2.4,2.5,2.5
35,二林,1,二氧化硫,SO2,ppb,2003-05-09,1.4,1.3,8.2,3.2,9.5,4.1,4.4,2.2,3,3.7,3.6,3.1,2.9,0.2,4.7,4.7,,1.5,3,0,0,0,0,0
35,二林,2,一氧化碳,CO,ppm,2003-05-09,0.44,0.48,0.48,0.51,0.47,0.41,0.42,0.44,0.48,0.45,0.45,0.5,0.5,0.41,0.38,0.36,,0.37,0.43,0.46,0.5,0.47,0.44,0.48
35,二林,3,臭氧,O3,ppb,2003-05-09,30,31,25,32,36,41,37,37,36,41,51,79,98,84,75,71,,62,54,38,28,22,23,26
35,二林,4,懸浮微粒,PM10,μg/m3,2003-05-09,50,49,48,53,54,71,82,91,83,85,79,79,82,105,123,137,,121,115,107,95,87,78,59
35,二林,5,氮氧化物,NOx,ppb,2003-05-09,9.9,9.7,15,x,9.4,8.2,9.9,13,16,17,19,15,16,16,17,17,,17,19,24,26,25,24,21
35,二林,6,一氧化氮,NO,ppb,2003-05-09,0.1,0.1,0.1,x,0,0,0.5,2,2.3,2.5,2.6,1.2,0.8,1.3,1.6,1.5,,0.3,0.1,0.1,0.1,0.2,0.1,0.1
35,二林,7,二氧化氮,NO2,ppb,2003-05-09,9.7,9.5,15,x,9.4,8.2,9.4,11,14,15,16,13,15,15,15,16,,16,19,24,26,25,24,21
35,二林,10,風速,WIND_SPEED,m/sec,2003-05-09,2.1,2.4,2.2,2.7,3,3.8,3.5,2.8,2.1,2.7,2.7,3.4,4.7,5.6,5.7,5.6,,3.5,3,2.7,2.3,2.1,3.1,3.5
35,二林,11,風向,WIND_DIREC,degrees,2003-05-09,356,8,6,11,15,21,18,19,355,356,360,358,353,359,356,4,,359,5,6,4,355,1,11
35,二林,14,溫度,AMB_TEMP,℃,2003-05-09,20.6,20.7,20.8,20.7,20.7,20.6,21,22.9,24.2,24.6,26.9,27.2,27,26.4,26.1,25.6,,24.1,23,22.5,21.8,21.2,21,21
36,南投,1,二氧化硫,SO2,ppb,2003-05-09,1.9,1.6,1.7,2.3,2.1,1.8,2.3,1.7,1.4,1.4,1.6,1.6,1.4,0.8,1.6,2.1,1.8,1.6,1.9,2.1,1.7,1.6,2.5,2.8
36,南投,2,一氧化碳,CO,ppm,2003-05-09,0.72,0.65,0.64,0.55,0.57,0.51,0.55,0.63,0.62,0.53,0.54,0.52,0.53,0.5,0.52,0.55,0.7,0.86,0.86,0.82,0.86,0.81,0.82,0.73
36,南投,3,臭氧,O3,ppb,2003-05-09,5.6,4.1,4.3,7.4,10,14,x,19,29,45,62,79,104,108,113,111,91,70,43,28,15,7.6,6.5,5.5
36,南投,4,懸浮微粒,PM10,μg/m3,2003-05-09,28,33,40,51,39,44,40,32,44,44,43,54,51,68,68,66,79,88,88,88,75,76,69,63
36,南投,5,氮氧化物,NOx,ppb,2003-05-09,21,21,19,x,15,12,17,19,17,12,x,x,x,x,15,16,23,34,45,43,46,47,45,41
36,南投,6,一氧化氮,NO,ppb,2003-05-09,0.6,0.5,0.5,x,0.3,0.3,1.9,4.9,3.8,1.5,x,x,x,x,0,0.1,0.2,0.4,0.6,0.6,1.5,1.5,2.8,2.3
36,南投,7,二氧化氮,NO2,ppb,2003-05-09,20,20,19,x,14,12,15,14,13,11,x,x,x,x,15,16,23,33,44,42,44,45,42,39
36,南投,8,總碳氫化合物,THC,ppm,2003-05-09,2.3,2.3,2.3,2.3,2,x,x,x,x,x,x,x,x,x,x,2,2.3,2.4,2.4,2.5,2.5,2.5,2.6,2.4
36,南投,9,非甲烷碳氫化合物,NMHC,ppm,2003-05-09,0.35,0.33,0.29,0.3,0.28,x,x,x,x,x,x,x,x,x,x,0.31,0.36,0.43,0.43,0.43,0.42,0.39,0.5,0.41
36,南投,10,風速,WIND_SPEED,m/sec,2003-05-09,0.3,0.2,0.4,1.1,0.7,0.6,0.5,0.4,0.8,1.7,2.1,2.1,1.9,1.8,1.8,1.5,1.2,1,1.1,1,0.6,0.4,0.6,0.8
36,南投,11,風向,WIND_DIREC,degrees,2003-05-09,35,38,21,338,322,343,357,48,43,28,29,36,28,305,358,354,339,348,353,6,358,23,353,348
36,南投,14,溫度,AMB_TEMP,℃,2003-05-09,22.4,22.3,22.2,22,22,22,22.3,24.7,26.7,28.2,29.2,29.7,30,31.1,30.6,30.7,29,27.4,25.8,24.8,24.2,23.6,23.6,22.7
36,南投,21,酸雨,PH_RAIN,pH,2003-05-09,0,0,0,0,0,0,0,0,0,0,0,0,0,0,0,0,0,0,0,0,0,0,0,0
36,南投,22,導電度,RAIN_COND,μmho/cm,2003-05-09,0,0,0,0,0,0,0,0,0,0,0,0,0,0,0,0,0,0,0,0,0,0,0,0
36,南投,31,甲烷,CH4,ppm,2003-05-09,2,2,2.1,2,1.7,x,x,x,x,x,x,x,x,x,x,1.7,1.9,2,2,2,2.1,2.1,2.1,2
36,南投,32,降雨強度,RAIN_INT,㎜,2003-05-09,0,0,0,0,0,0,0,0,0,0,0,0,0,0,0,0,0,0,0,0,0,0,0,0
37,斗六,1,二氧化硫,SO2,ppb,2003-05-09,2.3,5,1.7,1.8,1.8,1.9,2.8,3.2,2.4,2.2,2.8,2.9,2.6,3,3.1,3.4,3.5,3.3,4.2,4.8,4.1,3.4,3.9,3.7
37,斗六,2,一氧化碳,CO,ppm,2003-05-09,0.79,0.7,0.66,0.64,0.64,0.69,0.71,0.79,0.87,0.75,0.7,0.68,0.65,0.65,0.61,0.61,0.64,0.68,0.74,0.74,0.8,0.89,0.88,0.76
37,斗六,3,臭氧,O3,ppb,2003-05-09,7.1,3.2,6,12,11,5.8,5.9,11,22,34,54,81,92,105,108,97,85,69,50,37,32,20,6.8,8.4
37,斗六,4,懸浮微粒,PM10,μg/m3,2003-05-09,70,70,65,60,50,62,77,69,106,100,100,87,100,99,107,107,103,117,117,117,111,126,117,108
37,斗六,5,氮氧化物,NOx,ppb,2003-05-09,21,24,20,x,16,21,23,24,23,20,17,13,11,11,9.8,12,14,18,24,27,26,30,38,30
37,斗六,6,一氧化氮,NO,ppb,2003-05-09,0.2,1.6,0.1,x,0.1,0.8,4.1,6.5,5.9,3.4,2.2,0.8,0.6,0.3,0.2,0.2,0.3,0.2,0.1,0.1,0.2,0.3,1.3,0.3
37,斗六,7,二氧化氮,NO2,ppb,2003-05-09,21,23,20,x,16,20,19,17,17,16,15,12,10,10,9.5,12,14,18,24,27,26,29,36,29
37,斗六,14,溫度,AMB_TEMP,℃,2003-05-09,22,22,21.7,21.3,21.4,21.7,22.3,23.9,27,26.7,28.6,30.1,30.9,30.1,29.6,28.4,27.7,26.5,25,24.1,23.7,23.4,22.7,21.7
38,崙背,1,二氧化硫,SO2,ppb,2003-05-09,1.8,2,1.8,2.3,2,2.1,2.3,2.2,2,2.5,4,5.1,5.4,4.8,4.8,4.5,4.6,3.9,3.7,4.2,4.6,3.3,6.1,7.1
38,崙背,2,一氧化碳,CO,ppm,2003-05-09,0.52,0.6,0.57,0.55,0.55,0.55,0.56,0.6,0.59,0.6,0.6,0.59,0.59,0.49,0.43,0.41,0.44,0.49,0.56,0.61,0.6,0.61,0.61,0.6
38,崙背,3,臭氧,O3,ppb,2003-05-09,26,25,27,25,27,31,x,31,31,35,41,56,89,88,81,75,68,61,50,38,26,23,11,15
38,崙背,4,懸浮微粒,PM10,μg/m3,2003-05-09,28,32,26,35,47,46,54,59,77,86,82,75,98,114,131,128,119,107,96,88,88,78,71,57
38,崙背,5,氮氧化物,NOx,ppb,2003-05-09,15,16,13,x,14,13,12,15,17,21,28,29,21,17,17,17,20,21,22,26,30,27,39,38
38,崙背,6,一氧化氮,NO,ppb,2003-05-09,0.2,0.3,0.3,x,0,0.1,0.2,0.8,2,3.4,5.7,4.6,1,0.7,0.6,0.7,0.6,0.2,0.1,0,0,0.1,1.9,0.8
38,崙背,7,二氧化氮,NO2,ppb,2003-05-09,15,16,13,x,14,13,12,14,15,18,23,24,20,17,16,16,19,20,22,26,30,26,37,37
38,崙背,8,總碳氫化合物,THC,ppm,2003-05-09,2.7,2.7,2.6,2.6,2.7,2.7,2.6,2.6,2.6,2.6,2.5,2.5,2.4,2.4,2.4,2.5,2.5,2.6,2.7,2.8,2.7,2.7,2.6,2.6
38,崙背,9,非甲烷碳氫化合物,NMHC,ppm,2003-05-09,0.32,0.31,0.27,0.26,0.33,0.34,0.28,0.31,0.29,0.34,0.36,0.33,0.3,0.33,0.29,0.3,0.32,0.37,0.41,0.42,0.38,0.42,0.34,0.38
38,崙背,10,風速,WIND_SPEED,m/sec,2003-05-09,2.3,2.2,2,2.1,2,1.9,2.3,1.6,1.6,2.4,2.4,2.7,4.4,5.9,5.9,4.8,3.8,3.1,2.6,2.4,2.3,2.3,2.8,3
38,崙背,11,風向,WIND_DIREC,degrees,2003-05-09,10,32,31,33,31,35,36,46,357,354,19,338,341,360,5,16,29,18,17,29,32,10,11,35
38,崙背,14,溫度,AMB_TEMP,℃,2003-05-09,21.7,21.6,21.9,21.9,21.7,21.7,21.9,22.6,24.2,25.7,28.1,29.3,29.2,28.3,27.7,27.3,26.6,25.5,24.3,23.8,23.2,22.5,22.2,22.2
38,崙背,21,酸雨,PH_RAIN,pH,2003-05-09,0,0,0,0,0,0,0,0,0,0,0,0,0,0,0,0,0,0,0,0,0,0,0,0
38,崙背,22,導電度,RAIN_COND,μmho/cm,2003-05-09,0,0,0,0,0,0,0,0,0,0,0,0,0,0,0,0,0,0,0,0,0,0,0,0
38,崙背,31,甲烷,CH4,ppm,2003-05-09,2.4,2.4,2.4,2.4,2.4,2.4,2.3,2.3,2.3,2.2,2.2,2.2,2.2,2.1,2.1,2.2,2.2,2.2,2.3,2.4,2.4,2.3,2.2,2.2
38,崙背,32,降雨強度,RAIN_INT,㎜,2003-05-09,0,0,0,0,0,0,0,0,0,0,0,0,0,0,0,0,0,0,0,0,0,0,0,0
39,新港,1,二氧化硫,SO2,ppb,2003-05-09,2.4,1.5,1.2,1.1,1,1,1,1.7,1.7,1.9,1.9,2.2,4.1,4.4,3,3.8,3.7,3.6,3,3.1,2.7,2.7,3.3,3.9
39,新港,2,一氧化碳,CO,ppm,2003-05-09,0.53,0.52,0.54,0.56,0.53,0.53,0.6,0.7,0.69,0.61,0.58,0.52,0.49,0.51,0.43,0.44,0.44,0.46,0.46,0.47,0.53,0.51,0.48,0.49
39,新港,3,臭氧,O3,ppb,2003-05-09,19,20,19,20,21,20,x,14,19,35,54,73,81,101,95,82,76,65,55,46,40,29,21,14
39,新港,4,懸浮微粒,PM10,μg/m3,2003-05-09,93,78,63,35,34,39,40,96,98,150,129,106,105,105,105,60,58,115,84,151,175,172,155,179
39,新港,5,氮氧化物,NOx,ppb,2003-05-09,16,12,12,x,10,11,14,24,27,17,14,12,13,13,9.8,14,15,18,19,18,18,20,23,27
39,新港,6,一氧化氮,NO,ppb,2003-05-09,0.3,0.3,0.3,x,0.2,0.2,0.8,5,8.1,3.3,1.5,0.7,0.7,0.5,0.4,0.6,0.4,0.3,0.2,0.1,0.2,0.2,0.1,0.2
39,新港,7,二氧化氮,NO2,ppb,2003-05-09,15,12,12,x,10,11,13,19,19,14,13,11,13,12,9.4,14,15,17,18,18,18,20,23,27
39,新港,10,風速,WIND_SPEED,m/sec,2003-05-09,1.8,1.8,1.7,1.1,1.1,1.4,1.5,1.2,1,1.8,2,2,2.9,4.3,4.4,4.1,3.1,2.3,1.8,1.9,1.6,1.3,2.1,2.2
39,新港,11,風向,WIND_DIREC,degrees,2003-05-09,3,354,5,358,3,9,33,20,16,322,317,307,314,330,339,353,351,340,340,355,360,346,345,7
39,新港,14,溫度,AMB_TEMP,℃,2003-05-09,22.3,22,22,22.3,22.3,22.3,21.5,22.2,25.7,27,28.2,29.5,30.1,29.7,29.1,27.7,26.6,25.3,23.9,23.4,23,22.6,21.9,22.3
40,朴子,1,二氧化硫,SO2,ppb,2003-05-09,7.7,4.4,2.4,2.5,4.3,3,2.3,1.2,1.1,2.2,1.4,1.7,x,2.5,1.9,1.6,2.6,3.1,2.8,2.6,4.4,5.6,6.2,5.2
40,朴子,2,一氧化碳,CO,ppm,2003-05-09,0.54,0.54,0.54,0.55,0.55,0.53,0.54,0.63,0.63,0.66,0.61,0.53,0.49,x,0.39,0.38,0.41,0.48,0.47,0.41,0.45,0.52,0.48,0.46
40,朴子,3,臭氧,O3,ppb,2003-05-09,6.5,16,22,17,16,22,x,18,21,30,54,76,90,68,92,88,80,69,60,54,38,24,15,15
40,朴子,4,懸浮微粒,PM10,μg/m3,2003-05-09,108,87,90,74,58,79,85,86,124,124,115,103,108,x,x,176,165,152,148,148,139,134,104,103
40,朴子,5,氮氧化物,NOx,ppb,2003-05-09,36,22,13,x,20,14,16,16,18,21,15,11,8.9,x,7.2,6.7,11,16,17,15,21,28,32,28
40,朴子,6,一氧化氮,NO,ppb,2003-05-09,0.3,0,0,x,0,0.1,1.2,2.1,4.1,4.8,2.2,0.7,0.3,x,0.3,0.2,0.3,0.2,0,0,0,0.1,0.2,0.1
40,朴子,7,二氧化氮,NO2,ppb,2003-05-09,36,22,13,x,20,14,15,14,14,16,13,10,8.6,x,6.9,6.6,11,16,17,15,21,28,32,28
40,朴子,10,風速,WIND_SPEED,m/sec,2003-05-09,1.5,1.9,1.7,1.3,1.6,1.7,1.4,1.6,1.2,0.9,1.1,1.5,2.7,3.7,4,4.1,3.2,1.9,1.6,2,1.5,1.1,1.6,2.6
40,朴子,11,風向,WIND_DIREC,degrees,2003-05-09,4,13,12,16,9,14,24,25,33,347,340,332,336,348,360,6,6,351,7,4,14,10,4,12
40,朴子,14,溫度,AMB_TEMP,℃,2003-05-09,22.3,21.7,21.4,21.3,21.7,21.6,21.9,22.1,24.1,26.5,28,29.1,29.7,29.1,28.5,27.7,27,25.8,24.6,24,23.5,23.2,22.8,22.3
41,臺西,1,二氧化硫,SO2,ppb,2003-05-09,4.8,5.6,3,3.3,3.2,2.9,5.4,4.7,3.4,4.4,3.9,2.9,2.7,2.6,2.1,1.6,1.5,1.7,2,2.6,3.5,2.4,2.4,2.1
41,臺西,2,一氧化碳,CO,ppm,2003-05-09,0.51,0.54,0.52,0.49,0.48,0.48,0.5,0.54,0.57,0.51,0.51,0.55,0.54,0.49,0.49,0.48,0.5,0.49,0.49,0.52,0.5,0.51,0.54,0.46
41,臺西,3,臭氧,O3,ppb,2003-05-09,29,38,41,36,40,42,x,31,33,40,60,87,97,89,83,81,78,71,65,55,37,35,35,44
41,臺西,4,懸浮微粒,PM10,μg/m3,2003-05-09,78,58,71,72,99,78,96,93,59,84,91,102,104,78,109,118,102,106,136,83,92,69,79,61
41,臺西,5,氮氧化物,NOx,ppb,2003-05-09,13,5.5,4.8,x,9.1,10,21,20,16,19,14,x,8,6.3,5,4.6,5.4,7.3,9.1,12,16,13,13,8.9
41,臺西,6,一氧化氮,NO,ppb,2003-05-09,0.2,0.1,0,x,0.1,0.3,1.5,2.9,2.4,2.7,1.8,x,0.7,x,x,x,x,x,x,x,x,0.1,0.1,0
41,臺西,7,二氧化氮,NO2,ppb,2003-05-09,13,5.4,4.8,x,9,10,20,17,14,16,12,x,7.4,6.3,5,4.6,5.3,7.3,9.1,12,16,13,13,8.8
41,臺西,10,風速,WIND_SPEED,m/sec,2003-05-09,4.7,5.7,4.8,5,5.2,3.8,4,3.6,2.9,4.7,5.5,5.3,7,8.1,8.6,8.8,8.2,6.6,5.8,4.9,5.1,5.2,5.6,5.4
41,臺西,11,風向,WIND_DIREC,degrees,2003-05-09,14,15,21,18,18,24,27,29,13,18,14,13,14,12,13,11,14,15,15,18,18,16,15,18
41,臺西,14,溫度,AMB_TEMP,℃,2003-05-09,23.1,23.4,23.3,23.2,23.2,22.8,22.5,23.2,24.2,24.8,26.1,27,26.9,26.4,25.9,25.3,25,24.8,24.4,24.5,23.9,23.7,23.6,23.5
42,嘉義,1,二氧化硫,SO2,ppb,2003-05-09,2.7,3.8,3.5,2.7,3,3.5,3,2.3,3,3.4,x,2.9,2.4,3.7,4,3.9,3.8,3.4,3,3.1,3.5,4.7,3.6,3.4
42,嘉義,2,一氧化碳,CO,ppm,2003-05-09,0.66,0.7,0.65,0.64,0.67,0.68,0.74,0.96,1.02,0.92,x,0.6,0.6,0.58,0.58,0.57,0.66,0.76,0.8,0.8,0.79,1.01,0.88,0.66
42,嘉義,3,臭氧,O3,ppb,2003-05-09,9.3,4.5,4.7,6.4,1.6,3.8,x,6.9,22,44,x,x,x,x,x,82,79,65,51,43,31,15,12,13
42,嘉義,4,懸浮微粒,PM10,μg/m3,2003-05-09,79,68,77,78,71,90,101,129,144,x,x,x,x,x,x,146,132,130,108,126,132,145,144,140
42,嘉義,5,氮氧化物,NOx,ppb,2003-05-09,23,27,26,x,24,22,27,35,35,31,x,21,19,21,13,16,19,26,27,25,28,40,35,26
42,嘉義,6,一氧化氮,NO,ppb,2003-05-09,1.7,2.7,3.1,x,0.8,1.2,4,11,8.4,2.8,x,1.4,2.5,5.5,1.2,1.3,1.2,1,0.6,0.4,0.6,0.5,1.2,0.6
42,嘉義,7,二氧化氮,NO2,ppb,2003-05-09,21,24,23,x,24,21,23,24,27,28,x,20,16,16,12,15,17,25,27,25,27,39,34,26
42,嘉義,8,總碳氫化合物,THC,ppm,2003-05-09,2.5,2.6,2.6,2.2,2.1,2.1,2.3,2.6,2.6,x,x,2.3,2.2,2.3,2.3,2.3,2.3,2.4,2.6,2.6,2.6,2.8,2.7,2.6
42,嘉義,9,非甲烷碳氫化合物,NMHC,ppm,2003-05-09,0.36,0.43,0.38,0.33,0.35,0.38,0.42,0.56,0.73,x,x,0.4,0.34,0.28,0.32,0.26,0.36,0.43,0.49,0.49,0.5,0.65,0.6,0.45
42,嘉義,10,風速,WIND_SPEED,m/sec,2003-05-09,1.6,1.2,1.4,1.5,1.5,1.4,0.8,1.2,0.7,1.5,x,2.6,2.5,4,4.3,3.5,2.7,2.6,2,1.6,1.8,0.9,2.2,2.5
42,嘉義,11,風向,WIND_DIREC,degrees,2003-05-09,345,335,340,314,344,342,336,344,328,306,x,332,321,314,323,317,315,314,331,343,344,316,317,351
42,嘉義,14,溫度,AMB_TEMP,℃,2003-05-09,23.1,23.4,23,22.6,22.7,22.6,22.8,23.7,26.6,28.5,x,29.6,30.7,30.2,29,28.5,28.2,27,25.8,25.4,24.9,25,24.1,23
42,嘉義,31,甲烷,CH4,ppm,2003-05-09,2.1,2.1,2.2,1.9,1.7,1.7,1.9,2,1.9,x,x,1.9,1.9,2,2,2,2,2,2.1,2.1,2.1,2.1,2.1,2.2
43,新營,1,二氧化硫,SO2,ppb,2003-05-09,0.8,0.9,0.8,0.8,0.8,10,7.3,5.4,4.2,3.4,2.6,2.2,1.8,x,x,x,3.7,5.3,4.9,5.4,5.3,5,4.5,6.2
43,新營,2,一氧化碳,CO,ppm,2003-05-09,0.61,0.56,0.56,0.57,0.6,0.64,0.67,0.76,0.73,0.78,0.79,0.68,0.63,0.97,0.53,0.51,0.55,0.6,0.63,0.6,0.59,0.63,0.61,0.58
43,新營,3,臭氧,O3,ppb,2003-05-09,4.1,8.2,10,5.7,3.6,0.2,x,4,11,27,48,76,95,91,90,86,81,67,55,43,37,26,23,11
43,新營,4,懸浮微粒,PM10,μg/m3,2003-05-09,62,48,41,38,35,42,90,115,115,129,129,117,88,94,93,106,93,134,125,101,93,93,90,109
43,新營,5,氮氧化物,NOx,ppb,2003-05-09,31,23,19,x,26,38,42,39,37,35,33,18,12,x,9.7,9.3,12,21,23,26,26,33,29,32
43,新營,6,一氧化氮,NO,ppb,2003-05-09,0.4,0.1,0.1,x,1.8,8.5,14,12,13,8.4,4.1,0.9,0.2,x,0.2,0.2,0.1,0.3,0.1,0.1,0.1,0.1,0.1,0.2
43,新營,7,二氧化氮,NO2,ppb,2003-05-09,31,23,19,x,24,29,28,27,24,26,29,17,12,x,9.5,9.1,11,21,23,26,26,32,28,32
43,新營,8,總碳氫化合物,THC,ppm,2003-05-09,2.7,2.7,2.9,3,2.9,3,2.9,3,3,3.1,3,2.8,x,x,x,x,x,5,3.5,3.3,3,3,2.9,3
43,新營,9,非甲烷碳氫化合物,NMHC,ppm,2003-05-09,0.28,0.23,0.31,0.28,0.27,0.39,0.41,0.5,0.46,0.49,0.44,0.38,x,x,x,x,x,2.48,0.92,0.73,0.67,0.6,0.45,0.37
43,新營,10,風速,WIND_SPEED,m/sec,2003-05-09,2.1,1.8,1.6,1.3,1.3,1.1,1,1.3,1.1,1.3,1.5,2.2,2.5,2.6,3.5,3.3,2.6,2.2,2.1,1.3,1.6,1,1.5,1.8
43,新營,11,風向,WIND_DIREC,degrees,2003-05-09,350,14,348,10,350,354,32,21,4,324,304,308,302,318,353,5,12,348,326,342,360,356,342,4
43,新營,14,溫度,AMB_TEMP,℃,2003-05-09,23.6,23.2,22.9,22.8,22.7,22.4,22.3,23.3,25.4,28.3,30.3,30.9,31.4,30.8,30.2,29.5,28,27.2,26,25.5,25.2,24.8,24.4,23.5
43,新營,21,酸雨,PH_RAIN,pH,2003-05-09,0,0,0,0,0,0,0,0,0,0,0,0,0,0,0,x,0,0,0,0,0,0,0,0
43,新營,22,導電度,RAIN_COND,μmho/cm,2003-05-09,0,0,0,0,0,0,0,0,0,0,0,0,0,0,0,x,0,0,0,0,0,0,0,0
43,新營,31,甲烷,CH4,ppm,2003-05-09,2.4,2.5,2.6,2.7,2.6,2.6,2.5,2.6,2.5,2.6,2.6,2.4,x,x,x,x,x,2.6,2.6,2.5,2.4,2.4,2.5,2.6
43,新營,32,降雨強度,RAIN_INT,㎜,2003-05-09,0,0,0,0,0,0,0,0,0,0,0,0,0,0,0,0,0,0,0,0,0,0,0,0
44,善化,1,二氧化硫,SO2,ppb,2003-05-09,3.6,5.4,5.6,6,4.8,4.9,3.8,6.9,5.9,8.1,7.2,2.5,1.7,2.1,3.2,3.1,2.7,2.9,3,2.8,3.4,4.5,4.6,5.1
44,善化,2,一氧化碳,CO,ppm,2003-05-09,0.48,0.64,0.63,0.61,0.61,0.69,0.69,0.7,0.67,0.63,0.68,0.53,0.41,0.34,0.38,0.41,0.44,0.48,0.51,0.53,0.55,0.6,0.6,0.56
44,善化,3,臭氧,O3,ppb,2003-05-09,7.2,3.2,1.1,1,1,1.2,x,11,21,34,64,73,68,72,85,86,80,71,61,49,41,30,22,16
44,善化,4,懸浮微粒,PM10,μg/m3,2003-05-09,62,62,63,63,71,83,107,118,112,124,125,120,101,74,51,41,56,58,82,100,109,116,127,124
44,善化,5,氮氧化物,NOx,ppb,2003-05-09,24,30,36,x,38,44,33,36,33,32,28,11,6,5.1,6.8,6.7,7.2,10,14,16,17,22,24,30
44,善化,6,一氧化氮,NO,ppb,2003-05-09,0.1,0.9,2.4,x,5.8,13,7.6,12,8.8,5.7,1.9,0,0,0,0,0,0,0,0,0,0,0,0,0
44,善化,7,二氧化氮,NO2,ppb,2003-05-09,24,29,33,x,32,32,25,24,25,26,26,11,6,5.1,6.8,6.7,7.2,10,14,16,17,22,24,30
44,善化,10,風速,WIND_SPEED,m/sec,2003-05-09,2.6,1,1.6,1.7,1.1,1.4,0.8,1.2,1.2,1.3,2.6,3.6,4.1,3.8,3.4,3,2.8,2.2,1.7,1.4,1.2,1.1,1.1,2.1
44,善化,11,風向,WIND_DIREC,degrees,2003-05-09,348,344,336,351,350,315,346,20,360,292,259,264,260,271,310,356,355,351,349,339,348,336,345,337
44,善化,14,溫度,AMB_TEMP,℃,2003-05-09,23.9,23.6,23.5,23,22.9,23.1,23.8,25.9,28.5,30.7,32,32.1,32.7,32.6,31.7,31.4,30.6,28,26.9,26.2,25.5,25.1,24.9,24.5
45,安南,1,二氧化硫,SO2,ppb,2003-05-09,3.4,5.2,5,5.9,4.2,2,2.7,3.5,6.7,6.5,2.3,0.9,0.8,1.9,1.9,2.1,2.4,1.8,1.8,2.3,2.6,3.5,4.8,4.3
45,安南,2,一氧化碳,CO,ppm,2003-05-09,0.57,0.58,0.58,0.68,0.78,0.68,0.76,0.85,0.89,0.93,0.67,0.44,0.42,0.43,0.45,0.53,0.57,0.65,0.7,0.64,0.62,0.61,0.62,0.6
45,安南,3,臭氧,O3,ppb,2003-05-09,15,10,5.7,3.7,3.3,8.1,x,11,22,51,78,62,62,83,93,92,95,83,70,63,60,46,37,33
45,安南,4,懸浮微粒,PM10,μg/m3,2003-05-09,39,49,56,56,69,81,78,117,111,114,114,86,57,49,32,32,48,83,100,100,100,104,107,122
45,安南,5,氮氧化物,NOx,ppb,2003-05-09,19,26,31,x,37,20,33,42,42,34,14,4.5,3.7,4.8,5.4,5.3,6.3,8.1,11,12,12,21,22,20
45,安南,6,一氧化氮,NO,ppb,2003-05-09,0,0.1,0.3,x,3.4,0.2,8,15,12,4.1,0.3,0,0.1,0,0.1,0,0,0,0,0,0,0,0.1,0.1
45,安南,7,二氧化氮,NO2,ppb,2003-05-09,19,26,31,x,34,20,25,27,31,30,14,4.5,3.7,4.8,5.3,5.3,6.3,8.1,11,12,12,20,22,20
45,安南,10,風速,WIND_SPEED,m/sec,2003-05-09,3.1,2.2,2.3,2.1,1.4,1.9,1.3,1.1,1.4,1.6,3.5,3.8,4.1,3.5,4.1,2.9,3,3.2,2.6,2.2,1.8,1.8,1.7,2.4
45,安南,11,風向,WIND_DIREC,degrees,2003-05-09,11,31,23,20,17,337,53,51,45,285,274,254,254,293,319,332,12,12,350,350,15,17,17,10
45,安南,14,溫度,AMB_TEMP,℃,2003-05-09,25.4,24.9,24.7,24.3,24.2,23.8,24.1,25.5,27.7,30.1,31.2,31.3,31.5,32,31.1,31,30.4,28.9,28,27.6,27.3,27,26.6,26.5
46,臺南,1,二氧化硫,SO2,ppb,2003-05-09,3.4,4.3,4.5,4.3,4.4,3,2.4,3.8,4.8,4.1,2.2,1.7,1.5,1.7,1.5,1.7,2.8,2.7,2.3,2.2,2.8,3,3.3,4
46,臺南,2,一氧化碳,CO,ppm,2003-05-09,0.68,0.61,0.62,0.62,0.69,0.68,0.8,1.28,1.56,1.16,0.54,0.52,0.49,0.47,0.54,0.52,0.62,0.84,0.94,0.91,0.91,0.97,1,0.73
46,臺南,3,臭氧,O3,ppb,2003-05-09,15,12,4.9,3.4,1.6,3.6,x,21,49,70,67,68,68,79,82,83,89,83,72,62,54,46,40,39
46,臺南,4,懸浮微粒,PM10,μg/m3,2003-05-09,47,53,54,55,67,67,66,78,84,116,116,98,78,51,42,49,67,80,80,101,118,137,137,137
46,臺南,5,氮氧化物,NOx,ppb,2003-05-09,17,19,26,x,34,28,28,40,48,33,10,6.4,5.3,5.3,6.5,7,11,13,17,18,19,21,22,18
46,臺南,6,一氧化氮,NO,ppb,2003-05-09,0,0,0.1,x,1.9,2,6.2,9.9,5.8,2.2,0.4,0.1,0.1,0,0,0,0,0,0,0,0,0,0,0
46,臺南,7,二氧化氮,NO2,ppb,2003-05-09,17,19,26,x,33,26,21,30,42,31,9.7,6.3,5.3,5.3,6.5,7,11,13,17,18,19,21,22,18
46,臺南,8,總碳氫化合物,THC,ppm,2003-05-09,2.5,2.5,2.6,2.3,1.7,1.7,2.2,3.1,3.2,2.9,2.3,2.3,2.2,2.2,2.2,2.2,2.3,2.5,2.6,2.7,2.7,2.8,3,2.8
46,臺南,9,非甲烷碳氫化合物,NMHC,ppm,2003-05-09,0.19,0.2,0.28,0.28,0.21,0.22,0.37,0.59,0.75,0.47,0.27,0.2,0.16,0.16,0.2,0.19,0.17,0.36,0.44,0.44,0.46,0.55,0.54,0.38
46,臺南,14,溫度,AMB_TEMP,℃,2003-05-09,25.2,24.7,24.4,24.1,24.1,23.8,24.2,26.1,27.7,29.6,30,29.8,29.9,30.3,30.2,29.7,29.8,29.1,28.1,27.6,27.3,27.1,26.9,26.4
46,臺南,31,甲烷,CH4,ppm,2003-05-09,2.3,2.3,2.3,2,1.5,1.5,1.8,2.5,2.5,2.4,2.1,2.1,2,2,2,2,2.1,2.1,2.2,2.2,2.2,2.3,2.5,2.4
47,美濃,1,二氧化硫,SO2,ppb,2003-05-09,1.1,1.9,2.2,2.8,2.5,2.5,2.5,2.5,2.6,3.8,5.8,9.5,5.1,2.4,2.3,3.4,2.5,2.3,2.8,3.1,5.4,2.7,1.5,1.4
47,美濃,2,一氧化碳,CO,ppm,2003-05-09,0.56,0.55,0.56,0.58,0.6,0.63,0.67,0.67,0.56,0.55,0.59,0.65,0.54,0.41,0.41,0.42,0.45,0.46,0.51,0.57,0.6,0.66,0.6,0.59
47,美濃,3,臭氧,O3,ppb,2003-05-09,5.3,4.1,2.6,2.3,2.4,2.9,x,14,28,47,75,109,110,74,74,75,74,69,65,58,49,47,44,44
47,美濃,4,懸浮微粒,PM10,μg/m3,2003-05-09,54,77,91,83,82,65,75,68,77,77,80,79,86,86,83,81,72,70,90,80,82,82,91,79
47,美濃,5,氮氧化物,NOx,ppb,2003-05-09,x,x,x,x,x,x,x,x,x,x,x,x,x,x,x,x,x,x,x,x,x,x,x,x
47,美濃,6,一氧化氮,NO,ppb,2003-05-09,x,x,x,x,x,x,x,x,x,x,x,x,x,x,x,x,x,x,x,x,x,x,x,x
47,美濃,7,二氧化氮,NO2,ppb,2003-05-09,x,x,x,x,x,x,x,x,x,x,x,x,x,x,x,x,x,x,x,x,x,x,x,x
47,美濃,10,風速,WIND_SPEED,m/sec,2003-05-09,0.8,1.9,0.5,0.1,x,0,0,0.2,0.6,1.1,1.5,2,2.5,2.8,3.1,2.6,2.7,1.8,1.1,0.8,0.7,0.4,0.6,0.6
47,美濃,11,風向,WIND_DIREC,degrees,2003-05-09,254,260,888,147,182,281,240,121,888,197,233,273,254,273,265,246,204,204,205,214,198,178,147,108
47,美濃,14,溫度,AMB_TEMP,℃,2003-05-09,25.8,25,24.7,24.7,24.9,25.1,25.5,27.8,29.6,30.8,31.7,31.6,31,30.6,29.6,28.7,27.9,27.8,27.4,27.2,27.1,26.8,26.4,25.7
48,橋頭,1,二氧化硫,SO2,ppb,2003-05-09,6.1,5.5,5,4.4,5.6,7,7.2,13,36,9.7,3.5,2.7,2.7,2.5,2.1,1.5,1.1,1.3,0.8,1.1,0.9,1.3,5,2.7
48,橋頭,2,一氧化碳,CO,ppm,2003-05-09,0.58,0.66,0.66,0.68,0.7,0.74,0.84,0.89,0.87,0.66,0.45,0.41,0.42,0.43,0.42,0.41,0.42,0.51,0.54,0.57,0.5,0.52,0.54,0.44
48,橋頭,3,臭氧,O3,ppb,2003-05-09,5.6,1.5,0.6,0.5,0.4,0.8,x,12,36,57,64,62,71,88,85,73,70,65,62,59,57,58,58,60
48,橋頭,4,懸浮微粒,PM10,μg/m3,2003-05-09,30,31,39,48,45,51,54,59,78,81,81,59,32,29,29,27,29,26,18,31,29,31,35,34
48,橋頭,5,氮氧化物,NOx,ppb,2003-05-09,28,36,41,x,43,48,53,60,69,30,12,9.8,8.6,9.1,11,12,8.2,11,9.6,12,9.2,10,13,7.6
48,橋頭,6,一氧化氮,NO,ppb,2003-05-09,0.2,1.8,3.2,x,7.3,12,19,19,11,2.2,0.4,0.7,0.3,0.1,0.3,0.4,0.2,0.3,0,0.1,0,0,0.4,0
48,橋頭,7,二氧化氮,NO2,ppb,2003-05-09,28,34,38,x,36,36,35,41,58,28,11,9,8.2,9,11,11,8,10,9.6,12,9.2,10,12,7.6
48,橋頭,8,總碳氫化合物,THC,ppm,2003-05-09,2.6,2.7,2.7,2.4,2.4,2.5,2.7,2.7,2.8,2.6,2.4,2.3,2.3,2.3,2.3,2.3,2.3,2.3,2.4,2.4,2.4,2.4,2.3,2.3
48,橋頭,9,非甲烷碳氫化合物,NMHC,ppm,2003-05-09,0.26,0.35,0.35,0.31,0.36,0.34,0.42,0.39,0.57,0.27,0.09,0.1,0.07,0.07,0.08,0.07,0.09,0.09,0.11,0.06,0.09,0.11,0.07,0.11
48,橋頭,10,風速,WIND_SPEED,m/sec,2003-05-09,1.5,2.1,1.6,1.5,1,1,1.1,0.7,1.2,3.5,4.9,5.3,5.3,5.4,4.5,3.5,2.5,1.9,1.5,1.5,1.4,1.6,1.7,1.7
48,橋頭,11,風向,WIND_DIREC,degrees,2003-05-09,350,28,46,358,357,36,8,77,888,261,252,262,279,285,294,302,269,252,243,255,252,270,276,278
48,橋頭,14,溫度,AMB_TEMP,℃,2003-05-09,26.4,25.8,24.9,24.8,24.9,25,26.3,28.8,31.2,30.4,30.3,30.4,30.2,29.9,29.9,29.6,29.1,28.6,27.8,27.6,27.2,27.3,27.4,27.2
48,橋頭,21,酸雨,PH_RAIN,pH,2003-05-09,0,0,0,0,0,0,0,0,0,0,0,0,0,0,0,0,0,0,0,0,0,0,0,0
48,橋頭,22,導電度,RAIN_COND,μmho/cm,2003-05-09,0,0,0,0,0,0,0,0,0,0,0,0,0,0,0,0,0,0,0,0,0,0,0,0
48,橋頭,31,甲烷,CH4,ppm,2003-05-09,2.3,2.4,2.4,2.1,2,2.1,2.3,2.3,2.2,2.3,2.3,2.2,2.2,2.3,2.2,2.2,2.2,2.3,2.3,2.3,2.3,2.3,2.3,2.2
48,橋頭,32,降雨強度,RAIN_INT,㎜,2003-05-09,0,0,0,0,0,0,0,0,0,0,0,0,0,0,0,0,0,0,0,0,0,0,0,0
49,仁武,1,二氧化硫,SO2,ppb,2003-05-09,24,43,17,7.8,22,13,12,29,21,11,4.6,2.8,2,1.4,1.7,0.7,0.7,0.2,0.3,0.5,1,0.6,0.6,0.4
49,仁武,2,一氧化碳,CO,ppm,2003-05-09,0.47,0.8,0.84,0.74,0.7,0.72,0.97,1.22,1.21,0.95,0.5,0.49,0.62,0.69,0.51,0.4,0.36,0.59,0.68,0.61,0.47,0.46,0.55,0.57
49,仁武,3,臭氧,O3,ppb,2003-05-09,4.6,4.4,3.2,2.7,3,3.1,x,13,35,42,50,58,64,74,78,74,67,57,49,51,52,53,52,52
49,仁武,4,懸浮微粒,PM10,μg/m3,2003-05-09,46,37,28,67,72,74,76,78,99,99,118,73,37,38,38,32,25,27,27,43,42,48,53,43
49,仁武,5,氮氧化物,NOx,ppb,2003-05-09,43,50,47,x,53,52,65,82,59,44,17,x,x,12,13,10,11,11,17,17,18,16,12,11
49,仁武,6,一氧化氮,NO,ppb,2003-05-09,12,20,17,x,23,22,28,26,11,5,2.9,x,x,1.2,1.6,1.4,1.4,0.4,0.4,0.6,1.3,1.1,0.4,0.4
49,仁武,7,二氧化氮,NO2,ppb,2003-05-09,31,30,30,x,30,30,37,56,48,39,14,x,x,11,11,8.7,9.6,11,16,17,17,14,12,11
49,仁武,8,總碳氫化合物,THC,ppm,2003-05-09,2.7,3,3.1,3.1,3.2,3.4,3.4,3.8,3.3,2.9,x,2.2,2.2,2.2,2.2,2.1,2.1,2.2,2.3,2.2,2.2,2.2,2.3,2.2
49,仁武,9,非甲烷碳氫化合物,NMHC,ppm,2003-05-09,0.31,0.5,0.55,0.32,0.57,0.64,0.61,1.06,0.72,0.51,x,0.15,0.15,0.14,0.11,0.13,0.11,0.1,0.18,0.14,0.14,0.1,0.16,0.13
49,仁武,10,風速,WIND_SPEED,m/sec,2003-05-09,2.1,1.7,1.1,0.6,1.1,0.2,0.7,0.3,1.3,3,3.1,4.6,4.9,4.6,4.2,3.3,2.5,1.8,1.7,1.7,1.7,2,1.5,2
49,仁武,11,風向,WIND_DIREC,degrees,2003-05-09,301,356,340,888,339,888,294,888,213,275,246,287,280,292,289,299,287,287,286,299,296,271,273,289
49,仁武,14,溫度,AMB_TEMP,℃,2003-05-09,26.4,26.3,25.5,25.2,25.2,25.3,26,27.7,29.4,29,30.4,30.2,29.3,29.2,28.5,28.3,28.2,27.8,27.5,27.4,27.4,27.4,27.1,26.8
49,仁武,31,甲烷,CH4,ppm,2003-05-09,2.4,2.5,2.6,2.7,2.7,2.7,2.8,2.8,2.5,2.4,x,2,2,2.1,2,2,2,2.1,2.1,2.1,2.1,2.1,2.1,2.1
50,鳳山,1,二氧化硫,SO2,ppb,2003-05-09,4.6,4,17,23,13,15,12,5.6,7,4.8,1.7,1.6,3.2,4.9,5.2,5,3.6,3.4,5.7,9.5,4.3,3.7,3.7,6
50,鳳山,2,一氧化碳,CO,ppm,2003-05-09,0.67,0.58,0.65,0.65,0.66,0.73,1.01,1.38,1.05,0.84,0.55,0.61,0.65,0.66,0.66,0.67,0.84,0.92,0.95,0.83,0.65,0.61,0.57,0.59
50,鳳山,3,臭氧,O3,ppb,2003-05-09,6.9,8.8,4.7,4.6,4.5,5,x,17,34,45,58,63,74,85,85,84,76,65,53,49,60,63,60,61
50,鳳山,4,懸浮微粒,PM10,μg/m3,2003-05-09,55,55,63,62,59,70,71,88,93,100,84,65,41,40,34,43,50,52,57,63,59,57,62,58
50,鳳山,5,氮氧化物,NOx,ppb,2003-05-09,31,27,71,x,50,62,70,72,52,37,16,21,14,14,14,13,17,23,29,30,18,16,18,16
50,鳳山,6,一氧化氮,NO,ppb,2003-05-09,7.9,6.5,45,x,26,36,39,31,19,13,5,6.5,4.1,3.7,3.5,3.3,4.1,5.7,7.1,7.3,4.2,3.7,3.9,3.4
50,鳳山,7,二氧化氮,NO2,ppb,2003-05-09,23,21,26,x,24,26,31,42,33,24,11,14,10,9.9,10,10,13,17,22,22,14,12,14,12
50,鳳山,10,風速,WIND_SPEED,m/sec,2003-05-09,1.6,1.5,0.6,0.2,0.2,0.2,0.3,0.3,0.6,2.2,3.3,3.3,3.8,3.6,3.6,1.9,1.1,0.9,1.3,1.3,1.5,1.8,1.5,1.4
50,鳳山,11,風向,WIND_DIREC,degrees,2003-05-09,316,321,333,47,342,3,342,347,888,242,243,245,247,247,247,287,273,251,249,246,247,245,246,248
50,鳳山,14,溫度,AMB_TEMP,℃,2003-05-09,25.3,25.1,24.6,24.2,24.2,24.3,25.8,27,30.9,30.7,30.3,30.8,30.6,30.4,29.1,28.6,27.8,27.1,26.4,26,26,25.8,25.6,25.5
50,鳳山,33,細懸浮微粒,PM2.5,μg/m3,2003-05-09,28,33,38,38,34,29,21,58,63,35,24,33,19,40,42,34,31,11,19,32,34,31,31,43
51,大寮,1,二氧化硫,SO2,ppb,2003-05-09,13,14,20,20,15,9.9,15,18,9.5,3.7,11,48,28,19,8.5,4.6,3.4,4.7,6.7,2.9,1.2,1.1,1.2,1.8
51,大寮,2,一氧化碳,CO,ppm,2003-05-09,0.54,0.63,0.65,0.72,0.73,0.76,0.82,0.84,0.6,0.45,0.68,1.79,1.38,0.97,0.65,0.58,0.61,0.69,0.63,0.48,0.44,0.45,0.43,0.47
51,大寮,3,臭氧,O3,ppb,2003-05-09,4.9,6.5,5.8,6.2,5.9,6.2,x,18,36,55,65,47,59,79,94,90,80,70,64,73,81,82,82,79
51,大寮,4,懸浮微粒,PM10,μg/m3,2003-05-09,38,44,53,72,79,88,88,89,85,73,63,53,61,71,59,x,73,75,89,75,67,55,55,71
51,大寮,5,氮氧化物,NOx,ppb,2003-05-09,39,38,52,x,43,47,58,47,25,12,20,52,35,27,18,17,19,21,21,9.3,5.4,6,5.3,6.6
51,大寮,6,一氧化氮,NO,ppb,2003-05-09,7.2,7.4,19,x,15,21,28,11,2.5,1,2.1,8.8,4.5,2.4,0.7,0.6,0.4,0.2,0.1,0,0,0,0,0.1
51,大寮,7,二氧化氮,NO2,ppb,2003-05-09,31,31,33,x,28,26,31,36,23,11,18,43,30,25,17,16,19,21,21,9.3,5.4,6,5.3,6.5
51,大寮,8,總碳氫化合物,THC,ppm,2003-05-09,x,x,x,x,x,x,x,x,x,x,x,x,x,x,x,x,x,x,x,x,x,x,x,x
51,大寮,9,非甲烷碳氫化合物,NMHC,ppm,2003-05-09,x,x,x,x,x,x,x,x,x,x,x,x,x,x,x,x,x,x,x,x,x,x,x,x
51,大寮,10,風速,WIND_SPEED,m/sec,2003-05-09,0.9,0.9,0.3,0.4,0,0.1,0.2,0.3,1.1,1.6,2.1,2.1,2.4,2.5,2.4,1.9,1,0.5,0.2,0.2,0.8,0.5,0.7,0.7
51,大寮,11,風向,WIND_DIREC,degrees,2003-05-09,318,331,340,888,999,287,888,148,209,223,229,286,306,299,303,291,296,296,280,236,238,234,240,213
51,大寮,14,溫度,AMB_TEMP,℃,2003-05-09,26.9,26.9,26.7,26.1,26,26.3,27.7,29.4,30,31.6,32.3,32.3,32.6,32.1,30.8,30.4,29.6,29.3,28.8,28.4,28,27.8,27.7,27.6
51,大寮,31,甲烷,CH4,ppm,2003-05-09,x,x,x,x,x,x,x,x,x,x,x,x,x,x,x,x,x,x,x,x,x,x,x,x
52,林園,1,二氧化硫,SO2,ppb,2003-05-09,5,20,17,28,20,24,13,9.4,7.6,4.3,3.4,3,3.1,2.8,2.5,1.6,1.6,1.6,0.7,0.6,0.9,0.5,0.6,0.8
52,林園,2,一氧化碳,CO,ppm,2003-05-09,0.47,0.8,0.8,0.77,0.74,0.76,0.84,0.81,0.73,0.73,0.66,0.66,0.62,0.63,0.62,0.57,0.53,0.55,0.89,0.52,0.54,0.57,0.6,0.59
52,林園,3,臭氧,O3,ppb,2003-05-09,9.5,1.9,1.5,1.2,1,1.4,x,20,31,48,61,77,89,96,102,93,84,77,79,73,72,68,66,68
52,林園,4,懸浮微粒,PM10,μg/m3,2003-05-09,x,x,x,x,x,x,x,x,x,x,x,x,x,x,x,x,x,x,x,x,x,x,x,x
52,林園,5,氮氧化物,NOx,ppb,2003-05-09,24,39,49,x,49,48,40,32,25,14,8.6,5.7,4.8,4.7,5.7,3.5,4.2,5.2,3.2,2.8,2.9,2.1,2.4,2.7
52,林園,6,一氧化氮,NO,ppb,2003-05-09,2.3,6.6,15,x,16,16,10,7,5.2,1.6,0.5,0.1,0,0,0,0,0.1,0.2,0.1,0.1,0.1,0.1,0.1,0.2
52,林園,7,二氧化氮,NO2,ppb,2003-05-09,21,33,34,x,33,33,29,25,20,12,8.1,5.7,4.8,4.7,5.7,3.5,4.2,5,3.1,2.7,2.9,2.1,2.3,2.6
52,林園,8,總碳氫化合物,THC,ppm,2003-05-09,3,3.5,3.7,3.8,3.8,3.9,3.5,3.2,3,2.9,2.8,2.7,2.7,2.7,2.7,2.6,2.7,2.8,2.6,2.7,2.7,2.7,2.6,2.6
52,林園,9,非甲烷碳氫化合物,NMHC,ppm,2003-05-09,0.49,1.01,0.92,0.84,0.74,0.74,0.63,0.47,0.31,0.17,0.15,0.1,0.15,0.16,0.16,0.14,0.19,0.18,0.14,0.15,0.18,0.13,0.14,0.15
52,林園,10,風速,WIND_SPEED,m/sec,2003-05-09,2.4,1.1,1.1,0.9,0.2,0.3,0.7,1.3,1.6,2.7,3.7,4,4.4,4.9,4.6,4.1,2.5,1.6,1.3,1.4,1.3,1.6,2,2
52,林園,11,風向,WIND_DIREC,degrees,2003-05-09,256,250,25,31,23,888,201,200,194,207,216,219,225,226,233,238,244,235,223,211,202,187,202,207
52,林園,14,溫度,AMB_TEMP,℃,2003-05-09,27.6,27.4,26.9,26.4,26.2,26.4,27.3,28.4,29.4,29.8,30,30.1,30.2,30,28.7,28.5,27.9,27.6,27.4,27.2,27.1,26.9,26.7,26.7
52,林園,31,甲烷,CH4,ppm,2003-05-09,2.6,2.5,2.8,3,3.1,3.2,2.9,2.8,2.7,2.8,2.6,2.6,2.6,2.6,2.6,2.4,2.5,2.6,2.5,2.6,2.5,2.6,2.5,2.5
52,林園,33,細懸浮微粒,PM2.5,μg/m3,2003-05-09,2.4,7.4,20,34,48,46,37,31,19,16,15,16,19,22,24,42,39,42,35,35,32,25,18,16
53,楠梓,1,二氧化硫,SO2,ppb,2003-05-09,5.8,5.5,4.1,4.8,4.8,0.1,0.7,11,53,9.9,x,3.2,2.3,2.4,2.4,2,1.2,0.8,1.1,1.3,1.3,1.3,6.5,4.1
53,楠梓,2,一氧化碳,CO,ppm,2003-05-09,x,0.69,0.72,0.78,0.79,0.83,0.89,1.02,0.94,0.84,0.62,0.55,0.55,0.59,0.58,0.55,0.54,0.6,0.62,0.56,0.59,0.63,0.61,0.55
53,楠梓,3,臭氧,O3,ppb,2003-05-09,5.1,x,x,x,x,x,x,6,18,46,52,55,60,73,77,68,63,58,56,58,56,56,55,55
53,楠梓,4,懸浮微粒,PM10,μg/m3,2003-05-09,63,62,62,x,x,x,x,x,x,x,x,x,x,x,x,x,x,x,x,x,x,x,x,x
53,楠梓,5,氮氧化物,NOx,ppb,2003-05-09,27,33,34,x,38,44,46,66,79,31,14,7.8,5.7,6.3,5.6,5.3,5,7.4,8.6,7.9,7.3,8.9,7.5,4.9
53,楠梓,6,一氧化氮,NO,ppb,2003-05-09,1.9,5.7,5.8,x,9.2,16,19,29,24,2.5,1.5,0.8,0.6,0.3,0.3,0.5,0.6,0.8,0.8,0.3,0.2,0.2,0.1,0.1
53,楠梓,7,二氧化氮,NO2,ppb,2003-05-09,25,28,29,x,28,28,27,37,55,28,13,6.9,5.1,6,5.3,4.7,4.4,6.5,7.8,7.6,7.1,8.8,7.4,4.8
53,楠梓,8,總碳氫化合物,THC,ppm,2003-05-09,3.1,3.1,3,2.9,3.1,3.1,2.9,3.2,3.2,2.6,2.3,2.2,2.1,2.2,2.3,2.3,2.3,2.3,2.3,2.2,2.2,2.2,2.3,2.2
53,楠梓,9,非甲烷碳氫化合物,NMHC,ppm,2003-05-09,0.9,0.79,0.77,0.57,0.68,0.7,0.51,0.62,0.85,0.48,0.19,0.15,0.09,0.09,0.19,0.18,0.19,0.14,0.18,0.14,0.13,0.1,0.16,0.12
53,楠梓,10,風速,WIND_SPEED,m/sec,2003-05-09,0.5,0.6,0.3,0.4,0.1,0.2,0.4,0.2,0.8,2.4,3,4.1,4.1,3.7,3,2.4,1.5,1.4,1.5,1.1,0.9,1.1,0.7,1
53,楠梓,11,風向,WIND_DIREC,degrees,2003-05-09,888,45,888,888,888,888,6,888,888,252,249,252,249,251,255,262,264,256,254,255,256,253,291,280
53,楠梓,14,溫度,AMB_TEMP,℃,2003-05-09,26.5,26,25.2,25.1,25,25,25.8,27.7,30.5,29.5,30.6,30.3,30.2,30.1,29.2,29.2,28.8,28.4,27.9,27.8,27.8,27.7,27.5,27.3
53,楠梓,31,甲烷,CH4,ppm,2003-05-09,2.2,2.3,2.3,2.4,2.4,2.4,2.4,2.6,2.3,2.1,2.1,2,2.1,2.1,2.1,2.1,2.1,2.2,2.1,2.1,2.1,2.1,2.1,2.1
54,左營,1,二氧化硫,SO2,ppb,2003-05-09,7.2,3.9,6.2,8.4,5.1,9.2,10,15,13,7.9,3.4,x,2.9,2.7,2.6,2.1,1.7,1.6,1.8,0.6,0.9,1.7,2.1,1.6
54,左營,2,一氧化碳,CO,ppm,2003-05-09,0.62,0.57,0.72,0.81,0.83,0.85,0.92,1.29,1.28,0.82,0.56,x,0.55,0.57,0.52,0.56,0.64,0.58,0.65,0.59,0.55,0.61,0.51,0.43
54,左營,3,臭氧,O3,ppb,2003-05-09,12,12,2.8,1.5,1.3,1.8,x,22,51,41,56,x,88,99,92,80,70,68,67,73,70,67,68,71
54,左營,4,懸浮微粒,PM10,μg/m3,2003-05-09,66,66,66,81,78,78,96,104,104,105,82,x,x,48,63,82,74,89,81,77,93,82,82,81
54,左營,5,氮氧化物,NOx,ppb,2003-05-09,22,21,35,x,37,39,36,60,46,37,14,x,2.4,8.5,17,15,18,18,14,3.2,1.6,4.2,7.3,0.7
54,左營,6,一氧化氮,NO,ppb,2003-05-09,0.3,0.1,2.4,x,3.8,6.7,8.5,16,3.3,6.6,1,x,0,1.2,2.7,2.4,2.3,4.4,2,0.3,0,0,0.9,0
54,左營,7,二氧化氮,NO2,ppb,2003-05-09,22,21,33,x,34,32,28,44,43,30,13,x,2.4,7.3,14,12,16,13,12,3,1.6,4.2,6.5,0.7
54,左營,8,總碳氫化合物,THC,ppm,2003-05-09,2.1,2.2,2.4,2.5,2.3,2.3,2.5,2.7,2.7,2.4,x,x,2,2,1.9,1.9,2,1.9,1.9,1.9,1.9,2,2,1.9
54,左營,9,非甲烷碳氫化合物,NMHC,ppm,2003-05-09,0.19,0.17,0.38,0.52,0.37,0.37,0.44,0.62,0.65,0.33,x,x,0.05,0.08,0.08,0.2,0.21,0.21,0.21,0.2,0.09,0.12,0.1,0.07
54,左營,10,風速,WIND_SPEED,m/sec,2003-05-09,1.9,1.5,0.8,1.2,0.8,0.5,1,x,0.9,2,2.2,3.4,3.3,2.9,3,3.1,1.5,0.9,0.7,0.7,0.7,0.6,0.8,0.9
54,左營,11,風向,WIND_DIREC,degrees,2003-05-09,326,341,359,333,321,343,332,352,180,280,264,265,262,278,294,311,306,272,268,266,256,249,271,265
54,左營,14,溫度,AMB_TEMP,℃,2003-05-09,27.2,26.9,26.5,26.1,25.7,25.8,26.5,28.1,30,29,30.6,29.7,29.1,29,28.9,28.6,28.6,28.4,28.2,28.1,28.1,28.1,27.9,27.6
54,左營,31,甲烷,CH4,ppm,2003-05-09,1.9,2,2.1,1.9,2,1.9,2,2.1,2,2.1,x,x,1.9,2,1.8,1.7,1.8,1.7,1.7,1.7,1.9,1.9,1.9,1.9
56,前金,1,二氧化硫,SO2,ppb,2003-05-09,0.1,0.1,0.2,0.2,0.2,0.2,0.2,0.2,0.2,0.1,0.1,0.1,0.2,0.1,0.2,0.2,0.2,0.1,0.1,0.1,0.1,0.1,0.1,0.3
56,前金,2,一氧化碳,CO,ppm,2003-05-09,0.35,0.14,0.28,0.32,0.46,0.49,0.53,0.84,0.68,0.33,0.23,0.15,0.12,0.12,0.06,0.05,0.11,0.22,0.22,0.2,0.24,0.26,0.2,0.13
56,前金,3,臭氧,O3,ppb,2003-05-09,16,17,10,7,7.8,8.5,x,25,40,53,66,73,84,97,94,91,84,79,73,76,73,69,71,70
56,前金,4,懸浮微粒,PM10,μg/m3,2003-05-09,32,33,45,41,48,69,63,57,76,48,73,54,58,57,52,43,26,30,22,49,50,61,85,85
56,前金,5,氮氧化物,NOx,ppb,2003-05-09,19,19,24,x,40,41,36,48,43,23,10,11,9.3,7.8,7,7.4,8.1,6.3,6.7,6.6,7.4,9.7,7.4,7.5
56,前金,6,一氧化氮,NO,ppb,2003-05-09,1.5,1.5,1.6,x,8.6,11,11,11,6.3,2.8,1.1,1.4,1.3,1,1.1,1.2,0.7,0.2,0.1,0.1,0.1,0.1,0.2,0.4
56,前金,7,二氧化氮,NO2,ppb,2003-05-09,17,17,22,x,31,30,25,36,37,20,9.4,9.4,8,6.8,6,6.2,7.5,6.1,6.6,6.5,7.3,9.6,7.3,7.1
56,前金,10,風速,WIND_SPEED,m/sec,2003-05-09,2,2.1,0.9,0.7,1,0.4,0.7,0.5,1.4,2.9,3,3.9,3.2,3.3,2.8,2.9,1.9,1.2,0.5,1.3,1,1.3,0.9,1
56,前金,11,風向,WIND_DIREC,degrees,2003-05-09,352,353,358,330,5,357,343,33,217,235,242,250,257,265,264,323,328,313,256,247,275,256,267,290
56,前金,14,溫度,AMB_TEMP,℃,2003-05-09,27.6,27.3,27,26.8,26.4,26.4,27.2,29,30.3,29.7,30,29.5,30.1,29.8,30,29,29,28.6,28.5,28.4,28.4,28.4,28.1,27.9
57,前鎮,1,二氧化硫,SO2,ppb,2003-05-09,5.6,4.5,7.9,14,11,12,31,18,23,12,6,5.8,5.1,3.7,3.3,2.8,4.4,5.6,4.7,2.8,1.9,2,2.4,3.5
57,前鎮,4,懸浮微粒,PM10,μg/m3,2003-05-09,74,75,75,71,76,89,89,123,149,136,136,114,100,90,94,89,95,89,89,83,86,86,80,88
57,前鎮,5,氮氧化物,NOx,ppb,2003-05-09,25,21,31,x,51,58,70,66,53,36,26,19,12,13,12,11,11,14,18,15,14,12,11,11
57,前鎮,6,一氧化氮,NO,ppb,2003-05-09,1.6,1,2.4,x,17,22,30,16,12,6,3.8,1.9,0.5,0.4,0.2,0.2,0.2,0.1,0.2,0.1,0.2,0.1,0.1,0.1
57,前鎮,7,二氧化氮,NO2,ppb,2003-05-09,24,20,28,x,34,36,40,50,41,30,22,17,12,13,12,10,10,13,18,15,14,12,11,11
57,前鎮,8,總碳氫化合物,THC,ppm,2003-05-09,2.4,2.4,2.6,2.9,3,3,2.9,3,2.9,2.4,2.2,2.2,2.1,2.1,2.1,2.1,2.1,2.2,2.1,2.1,2.1,2.1,2.1,2.1
57,前鎮,9,非甲烷碳氫化合物,NMHC,ppm,2003-05-09,0.31,0.14,0.42,0.48,0.5,0.52,0.55,0.74,0.67,0.3,0.13,0.12,0.1,0.12,0.12,0.1,0.1,0.12,0.11,0.09,0.1,0.12,0.11,0.07
57,前鎮,14,溫度,AMB_TEMP,℃,2003-05-09,28.4,28,28.2,28.3,27.9,27.8,28.4,29.5,30.8,30.9,31.1,30.9,31.2,30.9,30.4,30.2,29.8,29.4,29,29,28.9,28.9,28.7,28.6
57,前鎮,31,甲烷,CH4,ppm,2003-05-09,2.1,2.3,2.2,2.5,2.5,2.5,2.4,2.3,2.2,2.1,2.1,2,2,2,2,2,2,2,2,2,2,2,2,2
58,小港,1,二氧化硫,SO2,ppb,2003-05-09,5,3.2,4.4,13,17,19,22,20,15,9.2,4.6,3.5,4.7,3.2,3.7,2.5,2.3,5,3.6,7.6,5.6,6.5,6.3,6.3
58,小港,2,一氧化碳,CO,ppm,2003-05-09,0.64,0.57,0.62,0.67,0.74,0.85,0.91,1.05,0.79,0.64,0.54,0.55,0.49,0.49,0.41,0.35,0.36,0.41,0.42,0.43,0.4,0.43,0.44,0.38
58,小港,3,臭氧,O3,ppb,2003-05-09,6.3,6.6,4.6,1.2,1.2,1.6,x,8,17,31,51,66,76,90,91,83,70,57,58,52,57,54,56,55
58,小港,4,懸浮微粒,PM10,μg/m3,2003-05-09,49,55,56,69,68,67,76,86,107,118,118,99,95,90,73,86,86,83,79,78,81,70,67,58
58,小港,5,氮氧化物,NOx,ppb,2003-05-09,27,25,26,x,65,72,86,77,55,34,20,17,13,13,15,14,17,20,14,22,16,20,16,15
58,小港,6,一氧化氮,NO,ppb,2003-05-09,2.4,1.8,1.7,x,34,39,46,22,14,7,2.5,1.3,0.8,0.4,1.1,2.5,2.2,0.5,x,x,x,x,x,x
58,小港,7,二氧化氮,NO2,ppb,2003-05-09,24,23,24,x,30,32,41,55,40,27,17,15,13,12,14,11,15,19,14,22,16,20,16,15
58,小港,8,總碳氫化合物,THC,ppm,2003-05-09,x,x,x,x,x,x,x,x,x,x,x,x,x,x,x,x,x,x,x,x,x,x,x,x
58,小港,9,非甲烷碳氫化合物,NMHC,ppm,2003-05-09,x,x,x,x,x,x,x,x,x,x,x,x,x,x,x,x,x,x,x,x,x,x,x,x
58,小港,10,風速,WIND_SPEED,m/sec,2003-05-09,2.1,2,0.6,0.7,0.3,0.4,0.9,0.4,1.5,3,3.2,3.6,4.3,4.9,4,3.6,2.3,2.1,2,1.8,1.8,2,1.8,2.2
58,小港,11,風向,WIND_DIREC,degrees,2003-05-09,326,332,29,43,21,52,281,888,210,230,237,261,280,280,279,289,273,279,281,274,284,240,233,257
58,小港,14,溫度,AMB_TEMP,℃,2003-05-09,27.2,26.8,26.8,26.7,26.6,26.8,26.9,27.3,28,28.2,28.4,28.9,28.8,28.5,28.3,28.3,28.1,27.7,27.4,27.4,27.3,27.3,27.1,27
58,小港,21,酸雨,PH_RAIN,pH,2003-05-09,0,0,0,0,0,0,0,0,0,0,0,0,0,0,0,0,0,0,0,0,0,0,0,0
58,小港,22,導電度,RAIN_COND,μmho/cm,2003-05-09,0,0,0,0,0,0,0,0,0,0,0,0,0,0,0,0,0,0,0,0,0,0,0,0
58,小港,31,甲烷,CH4,ppm,2003-05-09,x,x,x,x,x,x,x,x,x,x,x,x,x,x,x,x,x,x,x,x,x,x,x,x
58,小港,32,降雨強度,RAIN_INT,㎜,2003-05-09,0,0,0,0,0,0,0,0,0,0,0,0,0,0,0,0,0,0,0,0,0,0,0,0
59,屏東,1,二氧化硫,SO2,ppb,2003-05-09,1,1.8,1.7,1.1,0.9,0.9,2.1,8.7,10,5.7,18,x,0,0,0,0,0,0,0,0,0,0,0,0
59,屏東,2,一氧化碳,CO,ppm,2003-05-09,0.43,0.46,0.5,0.53,0.55,0.59,0.8,0.96,0.85,0.66,0.84,x,0.47,0.44,0.5,0.48,0.45,0.61,0.8,0.94,0.98,1.09,1.01,0.66
59,屏東,3,臭氧,O3,ppb,2003-05-09,6.8,5.2,3.6,3.1,1.8,1.9,x,12,27,50,53,72,76,75,80,80,75,68,56,42,38,33,32,42
59,屏東,4,懸浮微粒,PM10,μg/m3,2003-05-09,47,54,56,60,62,63,61,70,81,95,93,86,61,60,64,66,73,70,75,76,77,82,83,81
59,屏東,5,氮氧化物,NOx,ppb,2003-05-09,24,26,28,x,29,31,36,41,34,19,27,17,13,11,13,12,11,14,20,21,20,23,26,20
59,屏東,6,一氧化氮,NO,ppb,2003-05-09,0.2,0,0,x,2.2,5,10,9.6,5.5,0.9,2.2,0.2,0,0,0,0,0,0,0,0,0,0,0,0
59,屏東,7,二氧化氮,NO2,ppb,2003-05-09,24,26,28,x,27,26,26,31,28,18,25,17,13,11,13,12,11,14,20,21,20,23,26,20
59,屏東,8,總碳氫化合物,THC,ppm,2003-05-09,2.3,2.3,2.1,2.1,2.2,2,2.2,2.3,2.3,2,x,x,2,1.8,1.8,1.8,1.8,1.8,2,2.1,2.2,2.2,2.2,2.3
59,屏東,9,非甲烷碳氫化合物,NMHC,ppm,2003-05-09,0.24,0.25,0.26,0.24,0.27,0.19,0.29,0.37,0.39,0.28,x,x,0.21,0.08,0.22,0.16,0.18,0.23,0.21,0.3,0.3,0.36,0.38,0.33
59,屏東,10,風速,WIND_SPEED,m/sec,2003-05-09,1.7,1.8,0.3,0.2,0.3,0.3,0,0.9,0.7,1.8,2.7,2.9,4.1,4,4,2.7,1.7,1.1,1,1.5,1.2,0.9,0.9,1.2
59,屏東,11,風向,WIND_DIREC,degrees,2003-05-09,268,277,311,56,255,278,305,157,161,195,226,211,219,225,218,253,255,241,205,146,158,153,137,157
59,屏東,14,溫度,AMB_TEMP,℃,2003-05-09,26.8,26.2,26,26.3,26.2,26,26.7,27.8,29.8,30.9,31.1,31.8,31.6,30.9,29.5,28.9,28.6,28.5,28.3,27.7,27.4,27.3,27.3,27.1
59,屏東,31,甲烷,CH4,ppm,2003-05-09,2.1,2,1.8,1.8,1.9,1.8,1.9,1.9,1.9,1.7,x,x,1.8,1.7,1.6,1.7,1.6,1.6,1.8,1.8,1.9,1.8,1.8,2
60,潮州,1,二氧化硫,SO2,ppb,2003-05-09,1.4,11,21,18,13,12,12,7.4,2.6,1.9,1.1,1.1,0.8,1.1,3.6,4.4,8.2,6.5,0.1,0.1,0.2,0.4,0.2,0.2
60,潮州,2,一氧化碳,CO,ppm,2003-05-09,0.38,0.63,0.66,0.66,0.63,0.7,0.7,0.63,0.54,0.55,0.53,0.55,0.51,0.51,0.55,0.54,0.56,0.58,0.5,0.49,0.54,0.64,0.57,0.53
60,潮州,3,臭氧,O3,ppb,2003-05-09,16,2,2.5,2.6,2.8,3.7,x,16,30,44,55,62,65,73,81,82,71,62,47,44,34,26,28,37
60,潮州,4,懸浮微粒,PM10,μg/m3,2003-05-09,40,40,66,79,80,85,82,87,77,68,59,53,49,48,52,59,70,79,81,66,45,31,38,37
60,潮州,5,氮氧化物,NOx,ppb,2003-05-09,13,41,60,x,52,55,49,28,13,11,7.4,6.1,5,5.8,11,12,14,11,4.3,4.7,9.4,16,14,11
60,潮州,6,一氧化氮,NO,ppb,2003-05-09,1.2,11,24,x,24,25,18,5.8,1.3,0.5,0.2,0,0,0,0,0,0,0,0,0,0,0,0,0
60,潮州,7,二氧化氮,NO2,ppb,2003-05-09,12,30,36,x,29,30,30,22,11,11,7.3,6.1,5,5.8,10,12,14,11,4.2,4.7,9.4,16,14,11
60,潮州,10,風速,WIND_SPEED,m/sec,2003-05-09,1.3,0.2,0.3,0.1,x,0,0,1,1.5,1.8,2.5,2.8,3.3,3.4,2.9,2,1.3,0.9,0.8,0.4,0.1,0.4,0.3,0.7
60,潮州,11,風向,WIND_DIREC,degrees,2003-05-09,266,360,349,16,220,318,177,206,225,247,248,239,239,243,251,257,250,192,173,179,177,216,206,217
60,潮州,14,溫度,AMB_TEMP,℃,2003-05-09,26.9,26.5,26.1,25.4,25.2,25.6,26.3,27.6,28.7,29.5,30,30.4,30.5,29.3,28.3,28,27.8,27.3,26.7,26.3,26,26.1,26,26.1
61,恆春,1,二氧化硫,SO2,ppb,2003-05-09,0,0,0,0,0,0.1,0,0,0,0,0,0,0,0,0,0,0,0,0,0,0,0,0,0
61,恆春,2,一氧化碳,CO,ppm,2003-05-09,0.38,0.36,0.38,0.36,0.36,0.48,0.39,0.4,0.4,0.38,0.37,0.36,0.34,0.33,0.32,0.32,0.33,0.33,0.33,0.34,0.35,0.37,0.35,0.35
61,恆春,3,臭氧,O3,ppb,2003-05-09,57,56,55,54,54,55,x,59,59,60,60,61,61,62,62,61,62,62,61,60,59,59,57,57
61,恆春,4,懸浮微粒,PM10,μg/m3,2003-05-09,16,16,12,12,15,28,25,25,30,25,32,39,38,34,28,24,27,31,36,27,21,15,25,26
61,恆春,5,氮氧化物,NOx,ppb,2003-05-09,0.1,0,0,x,0.5,0.7,0.7,0.8,0.9,0.7,0.9,0.5,0.4,0.4,0.4,0.4,0.5,0.4,0.4,0.7,0.8,0.6,0.7,0.7
61,恆春,6,一氧化氮,NO,ppb,2003-05-09,0,0,0,x,0,0,0,0,0,0,0,0,0,0,0,0,0,0,0,0,0,0,0,0
61,恆春,7,二氧化氮,NO2,ppb,2003-05-09,0,0,0,x,0.5,0.7,0.6,0.8,0.9,0.7,0.9,0.5,0.4,0.4,0.4,0.4,0.5,0.4,0.4,0.7,0.8,0.6,0.7,0.7
61,恆春,10,風速,WIND_SPEED,m/sec,2003-05-09,10,9.6,11,11,11,11,10,10,11,12,13,12,12,12,11,11,10,9.7,9.9,9.5,10,9.9,9.7,9
61,恆春,11,風向,WIND_DIREC,degrees,2003-05-09,34,38,32,36,37,34,28,32,32,38,32,33,35,26,35,38,34,36,29,30,32,35,33,31
61,恆春,14,溫度,AMB_TEMP,℃,2003-05-09,21.8,21.5,21.3,21.2,20.8,21.1,21.1,21.9,23,24.4,24.4,24.9,24.3,24.2,24.4,24.2,23,22.1,19.9,19.5,19.7,19.4,19.5,19.6
61,恆春,21,酸雨,PH_RAIN,pH,2003-05-09,0,0,0,0,0,0,0,0,0,0,0,0,0,0,0,0,0,0,0,0,0,0,0,0
61,恆春,22,導電度,RAIN_COND,μmho/cm,2003-05-09,0,0,0,0,0,0,0,0,0,0,0,0,0,0,0,0,0,0,0,0,0,0,0,0
61,恆春,32,降雨強度,RAIN_INT,㎜,2003-05-09,0,0,0,0,0,0,0,0,0,0,0,0,0,0,0,0,0,0,0,0,0,0,0,0
61,恆春,36,二氧化碳,CO2,ppm,2003-05-09,x,x,x,x,x,x,x,x,x,x,x,x,x,x,x,x,x,x,x,x,x,x,x,x
62,臺東,1,二氧化硫,SO2,ppb,2003-05-09,0,0,0,0,0,0,0.1,0.1,0.1,0.2,0.1,0.1,0.1,0.1,0.1,0.1,0.2,0.2,0.1,0,0.1,0.1,0.1,0.1
62,臺東,2,一氧化碳,CO,ppm,2003-05-09,0.54,x,0.39,0.35,0.33,0.36,0.46,0.68,0.64,0.66,0.58,0.6,0.51,0.5,0.52,0.45,0.58,0.66,0.56,0.5,0.55,0.57,0.5,0.43
62,臺東,3,臭氧,O3,ppb,2003-05-09,48,43,41,42,42,43,41,40,42,48,52,56,59,60,59,59,47,45,43,42,43,43,45,47
62,臺東,4,懸浮微粒,PM10,μg/m3,2003-05-09,21,35,26,11,11,11,11,21,25,38,39,58,46,54,70,57,57,59,52,50,55,36,36,40
62,臺東,5,氮氧化物,NOx,ppb,2003-05-09,1.8,1.8,2,x,3.2,4.6,7.8,13,11,11,9.8,9.9,8.1,7.7,8.2,7.3,14,16,19,18,14,12,8.8,6.3
62,臺東,6,一氧化氮,NO,ppb,2003-05-09,0,0,0,x,0.5,0.8,1.4,2.4,2,2.4,1.8,1.9,1.3,1,1.1,0.8,2,2.4,3.4,3.4,1.9,1.2,0.8,0.4
62,臺東,7,二氧化氮,NO2,ppb,2003-05-09,1.8,1.8,1.9,x,2.7,3.8,6.4,11,9,9,8,8,6.9,6.8,7.2,6.4,12,14,16,15,12,11,8.1,5.9
62,臺東,8,總碳氫化合物,THC,ppm,2003-05-09,2.7,2.7,2.7,2.6,2.3,2.4,2.6,2.9,2.9,2.9,2.9,2.9,2.8,2.7,2.8,2.8,2.9,3,2.9,3,3,3,2.8,2.8
62,臺東,9,非甲烷碳氫化合物,NMHC,ppm,2003-05-09,0.14,0.12,0.16,0.15,0.13,0.13,0.15,0.18,0.15,0.18,0.11,0.14,0.15,0.13,0.15,0.15,0.13,0.18,0.12,0.12,0.17,0.11,0.13,0.14
62,臺東,10,風速,WIND_SPEED,m/sec,2003-05-09,1.7,0.9,1.1,1.2,1.2,1.3,1.5,1.4,1.5,2.5,3.6,4.2,4,4.2,4,3.5,2.2,2.3,2,1.9,1.8,1.4,1.6,1.8
62,臺東,11,風向,WIND_DIREC,degrees,2003-05-09,8,348,322,323,325,317,323,319,317,26,28,40,37,29,21,10,328,322,323,320,324,328,316,319
62,臺東,14,溫度,AMB_TEMP,℃,2003-05-09,25.4,25.3,25,24.8,24.7,24.6,24.6,25.1,26.5,27.4,27.2,27.6,27.3,26,25.6,25.5,24.9,23.7,23.8,23.9,23.8,23.7,23.6,23.5
62,臺東,21,酸雨,PH_RAIN,pH,2003-05-09,0,0,0,0,0,0,0,0,0,0,0,0,0,0,0,0,0,0,0,0,0,0,0,0
62,臺東,22,導電度,RAIN_COND,μmho/cm,2003-05-09,0,0,0,0,0,0,0,0,0,0,0,0,0,0,0,0,0,0,0,0,0,0,0,0
62,臺東,31,甲烷,CH4,ppm,2003-05-09,2.6,2.6,2.6,2.4,2.2,2.2,2.4,2.8,2.8,2.8,2.8,2.8,2.7,2.6,2.6,2.6,2.8,2.8,2.8,2.9,2.9,2.9,2.7,2.6
62,臺東,32,降雨強度,RAIN_INT,㎜,2003-05-09,0,0,0,0,0,0,0,0,0,0,0,0,0,0,0,0,0,0,0,0,0,0,0,0
63,花蓮,1,二氧化硫,SO2,ppb,2003-05-09,0.6,0.4,0.2,0.3,0.2,0.4,0.6,0.8,1.3,1.5,1.6,1.5,1.5,1.1,2.2,1.6,1.2,1.2,1,0.8,0.9,1.3,1.2,1.2
63,花蓮,2,一氧化碳,CO,ppm,2003-05-09,0.61,0.54,0.53,0.49,0.41,0.39,0.48,0.76,0.68,0.76,0.72,0.75,0.69,0.66,0.75,0.79,0.88,0.87,0.9,0.83,0.88,1.04,0.89,0.81
63,花蓮,3,臭氧,O3,ppb,2003-05-09,41,58,59,58,61,60,x,53,57,55,57,57,60,61,58,55,50,47,43,45,39,31,28,24
63,花蓮,4,懸浮微粒,PM10,μg/m3,2003-05-09,x,x,x,x,x,x,x,x,x,x,x,x,x,x,x,x,x,x,x,x,x,x,x,x
63,花蓮,5,氮氧化物,NOx,ppb,2003-05-09,11,4.8,5,x,2.5,3,7.2,17,13,16,14,15,13,14,18,19,20,23,24,18,24,28,25,23
63,花蓮,6,一氧化氮,NO,ppb,2003-05-09,0.1,0,0.2,x,0,0,0.4,2.1,1.9,2.4,2,2,1.6,3,3.8,3.9,3.8,3.9,2.8,1.2,2.8,3.1,2.3,2.3
63,花蓮,7,二氧化氮,NO2,ppb,2003-05-09,11,4.7,4.8,x,2.5,3,6.8,14,12,14,12,13,12,11,14,15,17,19,21,17,21,25,22,20
63,花蓮,8,總碳氫化合物,THC,ppm,2003-05-09,2.3,2.8,2.2,2.3,1.9,2,1.9,2.1,2,2.4,2.5,2.6,2.4,2.1,2.3,2.5,2.7,2.7,2.6,2.8,2.9,2.9,2.6,2.6
63,花蓮,9,非甲烷碳氫化合物,NMHC,ppm,2003-05-09,0.22,0.35,0.22,0.2,0.23,0.36,0.23,0.38,0.31,0.33,0.4,0.45,0.36,0.41,0.36,0.38,0.53,0.46,0.45,0.38,0.4,0.63,0.38,0.41
63,花蓮,10,風速,WIND_SPEED,m/sec,2003-05-09,2,2.9,2.5,3.4,3.9,3.5,3.4,4,3.8,3.7,4,3.9,3.5,3.8,3.4,3.2,2.8,2.6,2.3,2.1,2,1.3,1.1,1
63,花蓮,11,風向,WIND_DIREC,degrees,2003-05-09,355,22,27,26,28,26,27,22,23,24,23,23,25,20,16,21,27,25,22,26,19,359,338,329
63,花蓮,14,溫度,AMB_TEMP,℃,2003-05-09,23.7,23.7,23.6,23.5,23.3,23.2,23.1,23.1,23.4,24,24.4,25,25.3,25.1,24.6,24,23.7,23.4,23.2,23.2,23.1,23.1,23,22.9
63,花蓮,21,酸雨,PH_RAIN,pH,2003-05-09,0,0,0,0,0,0,0,0,0,0,0,0,0,0,0,0,0,0,0,0,0,0,0,0
63,花蓮,22,導電度,RAIN_COND,μmho/cm,2003-05-09,0,0,0,0,0,0,0,0,0,0,0,0,0,0,0,0,0,0,0,0,0,0,0,0
63,花蓮,31,甲烷,CH4,ppm,2003-05-09,2,2.5,2,2.1,1.7,1.7,1.7,1.7,1.7,2.1,2.1,2.1,2.1,1.7,2,2.1,2.2,2.2,2.2,2.4,2.5,2.3,2.2,2.2
63,花蓮,32,降雨強度,RAIN_INT,㎜,2003-05-09,0,0,0,0,0,0,0,0,0,0,0,0,0,0,0,0,0,0,0,0,0,0,0,0
64,陽明,1,二氧化硫,SO2,ppb,2003-05-09,0.4,0.6,0.5,0.5,0.7,0.8,0.8,0.6,0.5,0.4,0.4,0.5,0.3,0.3,0.3,0.3,0.4,0.3,0.4,0.5,0.6,0.4,0.4,0.2
64,陽明,2,一氧化碳,CO,ppm,2003-05-09,0.31,0.36,0.34,0.34,0.39,0.41,0.4,0.39,0.38,0.37,0.36,0.32,0.3,0.3,0.29,0.29,0.3,0.31,0.25,0.24,0.24,0.24,0.22,0.27
64,陽明,3,臭氧,O3,ppb,2003-05-09,70,69,69,71,76,75,x,66,65,65,65,67,66,68,66,67,62,63,74,76,74,75,76,73
64,陽明,4,懸浮微粒,PM10,μg/m3,2003-05-09,15,13,9,10,10,28,34,24,19,11,15,14,10,13,16,15,25,18,18,13,12,16,10,12
64,陽明,5,氮氧化物,NOx,ppb,2003-05-09,1.4,1.3,1.1,x,2.4,2.5,2.7,2.6,2.7,2.6,2.6,2.1,1.8,2.1,2.8,1.8,2,1.8,1.4,2.4,2.3,1.9,1.8,1.9
64,陽明,6,一氧化氮,NO,ppb,2003-05-09,0,0,0,x,0.1,0.1,0.1,0.1,0.2,0.2,0.2,0.2,0.2,0.2,0.5,0.2,0.1,0.2,0.1,0.2,0.2,0.1,0.1,0.1
64,陽明,7,二氧化氮,NO2,ppb,2003-05-09,1.4,1.3,1.1,x,2.3,2.4,2.6,2.5,2.4,2.4,2.4,1.9,1.7,1.9,2.3,1.6,1.9,1.6,1.3,2.2,2.2,1.8,1.7,1.7
64,陽明,10,風速,WIND_SPEED,m/sec,2003-05-09,5.2,5.5,7,7.2,6.2,6.6,7.3,6.9,6.3,5.7,4.6,4.8,4.9,4.5,3.5,3.6,2.2,2,7,6.6,7.7,7.1,7.9,2
64,陽明,11,風向,WIND_DIREC,degrees,2003-05-09,80,70,70,80,70,80,80,70,80,70,80,70,80,80,70,90,240,220,70,70,80,80,70,200
64,陽明,14,溫度,AMB_TEMP,℃,2003-05-09,15.1,14.6,14.3,13.9,13.6,13.4,13.5,13.6,13.7,14.3,15,15.3,15.7,15.4,16.2,16.8,17.1,15.9,15.7,15.9,15.2,16.1,16.1,17.2
64,陽明,21,酸雨,PH_RAIN,pH,2003-05-09,0,0,0,0,0,0,0,0,0,0,0,0,0,0,0,0,0,0,0,0,0,0,0,0
64,陽明,22,導電度,RAIN_COND,μmho/cm,2003-05-09,0,0,0,0,0,0,0,0,0,0,0,0,0,0,0,0,0,0,0,0,0,0,0,0
64,陽明,32,降雨強度,RAIN_INT,㎜,2003-05-09,0,0,0,0,0,0,0,0,0,0,0,0,0,0,0,0,0,0,0,0,0,0,0,0
64,陽明,36,二氧化碳,CO2,ppm,2003-05-09,376,375,x,375,374,374,375,374,373,372,371,371,370,370,370,371,371,373,376,376,376,375,376,376
64,陽明,38,相對濕度,RH,percent,2003-05-09,99,99,99,99,98,97,99,99,100,96,96,93,91,91,86,82,78,71,44,50,65,49,55,51
65,宜蘭,1,二氧化硫,SO2,ppb,2003-05-09,0,0,0,0,0,0,0.1,0.4,0.4,0.4,0.3,0.9,0.1,0,0,0.2,0,0.1,0.1,0,0,0,0,0
65,宜蘭,2,一氧化碳,CO,ppm,2003-05-09,0.52,0.51,0.44,0.41,0.4,0.42,0.46,0.64,0.56,0.52,0.49,0.47,0.51,0.46,0.45,0.49,0.51,0.62,0.67,0.58,0.54,0.64,0.49,0.46
65,宜蘭,3,臭氧,O3,ppb,2003-05-09,52,52,58,60,61,x,62,56,51,53,55,60,59,59,57,54,55,52,50,47,49,30,33,33
65,宜蘭,4,懸浮微粒,PM10,μg/m3,2003-05-09,50,49,41,49,72,83,74,78,84,84,73,51,59,37,50,35,39,40,30,46,32,34,35,14
65,宜蘭,5,氮氧化物,NOx,ppb,2003-05-09,3.7,3.1,5.3,x,3.9,5.1,8.7,16,18,15,15,9.5,9.5,7.7,11,13,12,16,16,13,11,15,9.8,9.5
65,宜蘭,6,一氧化氮,NO,ppb,2003-05-09,0,0,0,x,0,0,0.1,0.9,1.4,0.9,1.3,0.7,0.7,0.4,0.6,0.8,0.6,0.6,0.1,0.1,0.1,0.3,0.1,0.1
65,宜蘭,7,二氧化氮,NO2,ppb,2003-05-09,3.7,3.1,5.3,x,3.9,5.1,8.6,15,17,14,14,8.8,8.9,7.3,11,12,12,16,16,13,11,15,9.7,9.4
65,宜蘭,10,風速,WIND_SPEED,m/sec,2003-05-09,1.7,1.1,1.4,1.2,1.7,1.8,1.6,1.8,1.9,2,2.1,2.1,2.7,2.2,2.4,1.9,2.1,1.5,1.2,0.9,0.5,1.3,1.5,1.2
65,宜蘭,11,風向,WIND_DIREC,degrees,2003-05-09,234,239,60,48,45,50,57,88,94,103,96,83,84,75,76,68,81,84,41,335,336,325,323,319
65,宜蘭,14,溫度,AMB_TEMP,℃,2003-05-09,21.2,21.2,21.2,21.3,21.1,20.9,21,21.2,21.5,21.5,21.8,22.3,22.3,22.3,22,22,21.7,21.5,21.4,21.1,21.1,20.4,20.1,20
65,宜蘭,36,二氧化碳,CO2,ppm,2003-05-09,390,390,386,384,384,383,384,385,384,382,381,380,380,379,380,380,381,385,387,389,387,400,396,397
66,冬山,1,二氧化硫,SO2,ppb,2003-05-09,0.1,0.1,0.1,0.1,0.1,0.2,0.3,0.8,0.8,0.8,0.6,0.5,0.4,0.2,0.1,0.1,1,0.2,0.5,0.6,0.3,0.2,0.2,0.1
66,冬山,2,一氧化碳,CO,ppm,2003-05-09,0.43,0.27,0.11,0.29,0.05,0.19,0.46,0.76,0.56,0.17,0.09,0.05,0.08,0.22,0.21,0.25,0.2,0.22,0.64,0.54,0.54,0.6,0.52,0.39
66,冬山,3,臭氧,O3,ppb,2003-05-09,47,44,43,43,46,54,x,29,36,48,53,57,57,56,57,53,55,51,25,23,20,21,18,19
66,冬山,4,懸浮微粒,PM10,μg/m3,2003-05-09,56,56,64,81,82,87,61,68,69,76,91,87,81,62,47,37,37,31,50,72,70,56,56,49
66,冬山,5,氮氧化物,NOx,ppb,2003-05-09,6.1,5.8,6.5,x,4.9,7.5,17,30,22,13,11,6.9,4.2,6.3,3.8,11,7.6,10,30,29,21,17,17,10
66,冬山,6,一氧化氮,NO,ppb,2003-05-09,0,0,0.2,x,0,0.1,0.7,4.9,2.2,0.9,0.6,0.1,0.1,1.5,0.1,1.1,0.4,0.1,5.5,5.8,2,1.2,2.1,0.2
66,冬山,7,二氧化氮,NO2,ppb,2003-05-09,6,5.8,6.3,x,4.9,7.5,16,25,20,13,10,6.8,4.1,4.8,3.7,9.6,7.2,9.9,24,24,19,16,15,9.9
66,冬山,8,總碳氫化合物,THC,ppm,2003-05-09,2.2,2.2,2.3,2.5,2.4,2.3,2.3,2.4,2.4,2.2,2.2,2.1,2.1,2.1,2.1,2.2,2.2,2.2,2.5,2.4,2.4,2.5,2.8,2.4
66,冬山,9,非甲烷碳氫化合物,NMHC,ppm,2003-05-09,0.34,0.28,0.33,0.34,0.33,0.3,0.35,0.37,0.44,0.31,0.35,0.33,0.32,0.31,0.28,0.34,0.34,0.34,0.52,0.47,0.36,0.42,0.4,0.26
66,冬山,10,風速,WIND_SPEED,m/sec,2003-05-09,0.3,0.2,0.1,0.1,0.4,0.7,0.7,0.2,0.2,0.9,1.4,1.3,1.6,1.5,1.4,1.8,1,x,0.1,0.2,0.1,0.2,0.1,0.6
66,冬山,11,風向,WIND_DIREC,degrees,2003-05-09,256,241,252,264,278,320,238,212,888,8,7,34,41,40,37,29,33,888,240,248,262,261,249,269
66,冬山,14,溫度,AMB_TEMP,℃,2003-05-09,21.8,21.8,21.8,21.8,21.7,21.6,21.5,21.6,22,22.3,22.6,22.7,22.6,22.5,22.4,22.3,22.1,22.1,21.8,21.5,21.1,20.9,20.8,20.5
66,冬山,21,酸雨,PH_RAIN,pH,2003-05-09,0,0,0,0,0,0,0,0,0,0,0,0,0,0,0,0,0,0,0,0,0,0,0,0
66,冬山,22,導電度,RAIN_COND,μmho/cm,2003-05-09,0,0,0,0,0,0,0,0,0,0,0,0,0,0,0,0,0,0,0,0,0,0,0,0
66,冬山,31,甲烷,CH4,ppm,2003-05-09,1.9,1.9,2,2.2,2.1,2,2,2,1.9,1.9,1.8,1.8,1.8,1.8,1.9,1.8,1.9,1.8,1.9,1.9,2,2.1,2.4,2.2
66,冬山,32,降雨強度,RAIN_INT,㎜,2003-05-09,0,0,0,0,0,0,0,0,0,0,0,0,0,0,0,0,0,0,0,0,0,0,0,0
67,三重,1,二氧化硫,SO2,ppb,2003-05-09,1.1,0.3,0.2,0.2,0.4,1.7,2.2,3.3,3.1,2.7,2.5,2.5,2,1.9,1.9,1.9,2.3,6.8,6.5,4.2,3.8,3.7,4.1,3.2
67,三重,2,一氧化碳,CO,ppm,2003-05-09,0.91,0.73,0.64,0.63,0.61,0.75,1.47,2.7,2.34,1.7,1.86,1.95,1.77,1.59,1.77,1.84,1.64,2.8,2.78,2.27,1.96,2.18,2.42,1.73
67,三重,4,懸浮微粒,PM10,μg/m3,2003-05-09,134,138,205,184,147,145,96,93,111,105,107,137,118,105,73,26,68,44,44,70,59,70,62,45
67,三重,5,氮氧化物,NOx,ppb,2003-05-09,42,36,26,x,31,31,93,143,111,86,86,83,75,80,77,85,85,131,115,102,95,98,86,80
67,三重,6,一氧化氮,NO,ppb,2003-05-09,13,9.9,5.2,x,8.4,7,46,86,61,43,43,42,35,40,37,43,39,73,57,50,45,47,42,37
67,三重,7,二氧化氮,NO2,ppb,2003-05-09,30,26,21,x,22,24,47,57,50,43,43,41,39,39,40,42,46,58,57,52,50,51,44,43
67,三重,8,總碳氫化合物,THC,ppm,2003-05-09,2.9,2.9,3,3,3,3,3.2,3.2,3.2,2.9,3,2.8,2.9,2.8,2.8,2.9,2.8,3.3,3.3,3.2,3,3.2,3.3,3
67,三重,9,非甲烷碳氫化合物,NMHC,ppm,2003-05-09,0.93,0.91,1.03,0.96,0.99,1.08,1.15,1.16,1.25,0.99,1.08,0.87,0.96,0.84,0.86,0.92,0.83,1.31,1.32,1.2,0.94,1.04,1.13,0.87
67,三重,14,溫度,AMB_TEMP,℃,2003-05-09,22.6,22.4,22.2,22,21.9,22,22.5,23.3,24.7,25.5,25.8,25.9,26,26.6,25.7,26,25.1,24,22.8,22.2,22,22.2,22.2,22
67,三重,31,甲烷,CH4,ppm,2003-05-09,2,2,2,2,2,2,2,2,2,2,2,1.9,2,2,2,2,1.9,2,2,2,2,2.1,2.2,2.1
67,三重,33,細懸浮微粒,PM2.5,μg/m3,2003-05-09,15,25,7.7,7.6,17,77,14,22,20,16,17,17,16,15,16,16,15,26,26,20,18,19,21,17
68,中壢,1,二氧化硫,SO2,ppb,2003-05-09,2.4,2.8,2.9,2.7,3.6,4.2,6,7.1,6.9,5.9,5.1,5.2,4.9,4.5,3.7,5.6,6,5.2,5.3,5.9,3.2,5.4,4.3,2.7
68,中壢,2,一氧化碳,CO,ppm,2003-05-09,0.56,0.5,0.47,0.46,0.47,0.51,0.64,1.04,0.87,x,0.73,0.7,0.61,0.59,0.64,0.73,0.79,0.9,0.83,0.89,0.92,0.88,0.83,0.51
68,中壢,4,懸浮微粒,PM10,μg/m3,2003-05-09,52,52,54,46,43,62,60,72,72,61,68,66,54,59,52,40,36,28,28,34,33,17,17,17
68,中壢,5,氮氧化物,NOx,ppb,2003-05-09,9.7,9,7.8,x,10,14,28,44,33,30,34,31,29,30,38,41,43,48,39,42,47,42,37,23
68,中壢,6,一氧化氮,NO,ppb,2003-05-09,0.1,0,0,x,0.2,0.5,4.2,9.9,5.4,5.5,6.8,5.4,4.7,5.2,9.1,9.1,9.3,9.9,6.1,6.1,9.5,7.5,5.6,1.9
68,中壢,7,二氧化氮,NO2,ppb,2003-05-09,9.7,9,7.8,x,9.9,13,24,34,27,24,27,25,24,24,29,32,34,38,33,36,37,35,32,21
68,中壢,8,總碳氫化合物,THC,ppm,2003-05-09,2.1,2.1,2.1,2.2,2.2,2.2,2.3,2.3,2.2,2.2,2.3,2.3,2.2,2.2,2.3,2.3,2.4,2.4,2.3,2.4,2.4,2.3,2.3,2.2
68,中壢,9,非甲烷碳氫化合物,NMHC,ppm,2003-05-09,0.22,0.25,0.27,0.33,0.32,0.31,0.37,0.35,0.32,0.34,0.39,0.39,0.29,0.33,0.4,0.44,0.53,0.56,0.46,0.5,0.47,0.42,0.37,0.3
68,中壢,14,溫度,AMB_TEMP,℃,2003-05-09,18.1,17.9,17.7,17.4,17.2,17.2,17.5,18.2,18.7,19.7,21.2,21.3,20.7,20.6,21,20.7,20.8,19.6,18.7,18.5,18.1,18.2,18.3,18.1
68,中壢,31,甲烷,CH4,ppm,2003-05-09,1.9,1.9,1.9,1.9,1.9,1.9,1.9,1.9,1.9,1.9,1.9,1.9,1.9,1.9,1.9,1.9,1.9,1.9,1.9,1.9,1.9,1.9,1.9,1.9
69,竹山,1,二氧化硫,SO2,ppb,2003-05-09,1.2,1.7,2.5,2,2.1,3.6,2,1,1.3,1.7,2.6,2.4,3.2,2.8,4,3.1,4.2,4.3,5.8,5.2,5.3,6.2,3.2,4.5
69,竹山,2,一氧化碳,CO,ppm,2003-05-09,0.81,0.77,0.78,0.71,0.64,0.67,0.69,0.75,0.79,0.62,0.63,0.6,0.56,0.49,0.5,0.5,0.53,0.62,0.68,0.71,0.8,0.89,0.96,0.88
69,竹山,3,臭氧,O3,ppb,2003-05-09,0,0,0,0,0,0,x,6.6,20,45,74,104,124,x,x,x,x,76,52,37,22,5.3,4.8,0.1
69,竹山,4,懸浮微粒,PM10,μg/m3,2003-05-09,49,49,57,59,59,67,57,66,67,73,73,84,84,99,99,112,112,113,114,123,114,122,120,101
69,竹山,5,氮氧化物,NOx,ppb,2003-05-09,37,34,38,x,24,27,27,25,28,20,17,14,13,11,13,14,16,20,27,29,35,51,44,43
69,竹山,6,一氧化氮,NO,ppb,2003-05-09,6.5,5.6,11,x,0.7,3.9,6.1,6.9,8.1,3.3,1.1,0.3,0,0.1,0.3,0.4,0.7,0,0,0,0,0.6,0.2,1.1
69,竹山,7,二氧化氮,NO2,ppb,2003-05-09,30,28,27,x,23,24,21,18,20,17,16,14,13,11,12,13,15,20,27,29,35,50,44,42
69,竹山,10,風速,WIND_SPEED,m/sec,2003-05-09,0.5,0.4,0.3,1,0.4,0.3,0.7,0.2,0.7,1.8,1.8,1.5,1.7,2,2.1,1.3,1.1,1,1,0.7,0.3,0.1,0.3,0.5
69,竹山,11,風向,WIND_DIREC,degrees,2003-05-09,9,347,317,337,346,352,1,337,260,298,296,301,277,286,277,259,277,281,309,302,359,360,359,324
69,竹山,14,溫度,AMB_TEMP,℃,2003-05-09,23.6,23.2,23.4,22.2,21.7,21.9,22.1,23.6,26.5,27.3,27.9,28.8,29.5,29,28.8,28.5,27.7,27.1,25.9,24.9,24.5,24.6,24.3,23.3
70,永和,1,二氧化硫,SO2,ppb,2003-05-09,2.4,1.4,1.8,0.9,0.8,2.1,2.5,3.4,4.8,5.3,4.3,4,3.1,2.7,8.2,6.2,3.5,6.4,6.3,1.7,1.5,1.5,1,0.7
70,永和,2,一氧化碳,CO,ppm,2003-05-09,0.54,0.43,0.41,0.4,0.4,0.46,0.73,1.32,1.39,1.04,0.81,0.74,0.77,0.78,0.82,0.8,0.81,1.08,1.19,1.01,0.99,0.92,0.76,0.56
70,永和,3,臭氧,O3,ppb,2003-05-09,57,61,61,61,64,65,x,45,45,46,51,52,52,54,45,46,48,39,36,39,37,42,45,50
70,永和,4,懸浮微粒,PM10,μg/m3,2003-05-09,72,73,69,63,71,79,89,86,90,85,81,72,68,64,55,43,36,32,34,34,36,34,26,18
70,永和,5,氮氧化物,NOx,ppb,2003-05-09,9.7,6.5,5.2,x,6.9,7.5,20,40,39,36,31,28,28,29,38,35,34,40,42,33,38,32,23,14
70,永和,6,一氧化氮,NO,ppb,2003-05-09,0.8,0.6,0.3,x,1.3,1,4.7,13,13,13,10,8.1,8.7,8.9,11,10,11,12,12,8.5,11,10,5.7,2.9
70,永和,7,二氧化氮,NO2,ppb,2003-05-09,8.9,5.9,4.9,x,5.7,6.5,16,27,26,24,21,20,20,20,27,25,23,28,30,25,27,22,18,11
70,永和,8,總碳氫化合物,THC,ppm,2003-05-09,2.1,2.1,2.1,2.2,2.2,2.2,2.3,2.5,3.1,3.1,2.3,2.4,2.4,2.4,2.6,2.5,2.5,2.5,2.6,2.5,2.4,2.3,2.2,2.2
70,永和,9,非甲烷碳氫化合物,NMHC,ppm,2003-05-09,0.12,0.12,0.1,0.1,0.12,0.18,0.23,0.43,1.07,1.08,0.33,0.39,0.38,0.39,0.55,0.42,0.43,0.45,0.55,0.5,0.4,0.36,0.22,0.19
70,永和,10,風速,WIND_SPEED,m/sec,2003-05-09,2.6,3.1,3.1,3.1,3.2,3.1,3.2,3.4,4.1,3.7,4,4.1,4.3,4.1,3.9,3.5,2.9,3,2.8,3.1,2.8,3,2.3,2.3
70,永和,11,風向,WIND_DIREC,degrees,2003-05-09,82,80,81,81,79,76,75,77,81,75,78,78,67,71,69,63,78,77,78,75,73,77,82,88
70,永和,14,溫度,AMB_TEMP,℃,2003-05-09,21.8,21.6,21.3,21.1,21.1,21.1,21.2,21.7,22.1,22.9,23.1,23.5,23.3,23.3,23.2,23.2,23.2,22.6,21.9,21.5,21.5,21.5,21.5,21.3
70,永和,31,甲烷,CH4,ppm,2003-05-09,2,2,2,2.1,2.1,2,2.1,2.1,2.1,2,1.9,2,2,2,2,2.1,2.1,2,2,2,2,2,2,2
71,復興,1,二氧化硫,SO2,ppb,2003-05-09,0.7,0.5,3.2,20,12,13,15,19,18,13,6.5,6.2,5.4,4.1,5.2,2.5,3.3,3.8,5.5,3.9,2.9,2.4,2,3.4
71,復興,2,一氧化碳,CO,ppm,2003-05-09,0.55,0.62,0.75,0.85,0.91,1.07,1.33,2.67,1.38,0.71,0.69,0.72,0.75,0.72,0.7,0.68,0.72,0.71,0.82,0.59,0.61,0.58,0.6,0.57
71,復興,4,懸浮微粒,PM10,μg/m3,2003-05-09,51,47,52,73,73,77,69,95,119,119,124,95,63,39,40,47,56,56,51,51,51,51,66,62
71,復興,5,氮氧化物,NOx,ppb,2003-05-09,20,22,28,47,x,58,59,90,54,33,24,19,19,18,17,15,17,17,24,20,18,12,14,10
71,復興,6,一氧化氮,NO,ppb,2003-05-09,1.2,4.5,3.2,17,x,24,20,33,8,1.7,2,0.3,1.5,0.7,0.8,1.4,1.1,0.9,1,0.1,0.1,0.1,0.3,0.2
71,復興,7,二氧化氮,NO2,ppb,2003-05-09,19,18,24,30,x,34,39,56,46,31,22,18,17,17,16,13,16,16,23,20,18,12,14,9.9
71,復興,8,總碳氫化合物,THC,ppm,2003-05-09,2.5,2.5,2.7,3.2,3.1,2.8,3.1,4,3,2.4,2.3,2.4,2.5,2.4,2.3,2.3,2.3,2.3,2.4,2.2,2.2,2.2,2.2,2.2
71,復興,9,非甲烷碳氫化合物,NMHC,ppm,2003-05-09,0.22,0.24,0.39,0.68,0.6,0.65,1.05,1.82,0.76,0.32,0.23,0.17,0.36,0.18,0.17,0.15,0.2,0.22,0.24,0.14,0.18,0.15,0.17,0.16
71,復興,14,溫度,AMB_TEMP,℃,2003-05-09,29,28.2,28.3,28.2,28.1,27.9,28.1,29,30,29.9,30.2,30.8,31,30.7,30,29.9,29.6,29.4,29.1,28.9,29,28.8,28.6,28.3
71,復興,31,甲烷,CH4,ppm,2003-05-09,2.3,2.2,2.4,2.5,2.5,2.1,2.1,2.1,2.2,2.1,2,2.2,2.2,2.2,2.1,2.1,2.1,2.1,2.1,2.1,2,2,2,2.1
72,埔里,1,二氧化硫,SO2,ppb,2003-05-09,3.7,x,3.2,2.9,2.8,3.1,3.2,4,3.6,3.5,3.1,x,2.4,2.4,2.6,2.7,2.8,3.6,3.9,4,3.9,3.9,3.5,2.8
72,埔里,2,一氧化碳,CO,ppm,2003-05-09,0.46,0.48,x,0.55,0.53,0.58,0.68,0.83,0.78,0.47,0.46,x,0.64,0.65,0.68,0.77,0.81,0.85,0.86,0.9,0.91,0.93,0.93,0.94
72,埔里,3,臭氧,O3,ppb,2003-05-09,1.1,0.1,0.1,x,x,0.1,0.9,3.6,9.9,19,23,x,40,50,59,62,60,60,56,50,44,38,34,34
72,埔里,4,懸浮微粒,PM10,μg/m3,2003-05-09,44,42,24,15,9,26,32,46,47,52,x,x,51,49,59,74,93,94,122,113,113,122,119,110
72,埔里,5,氮氧化物,NOx,ppb,2003-05-09,8.6,9.4,8.2,9.3,x,14,16,18,13,4.8,3.1,x,4.7,5.3,6.8,7.8,7.9,9.3,11,13,13,15,13,11
72,埔里,6,一氧化氮,NO,ppb,2003-05-09,1.7,1.9,1.4,3.1,x,7.9,9.7,9.6,4.5,1.4,0.6,x,0.1,0,0.1,0,0.1,0.2,0.2,0.3,0.4,0.4,0.3,0
72,埔里,7,二氧化氮,NO2,ppb,2003-05-09,6.9,7.5,6.7,6.2,x,6.2,6,8.1,8.7,3.5,2.5,x,4.6,5.2,6.7,7.7,7.8,9.1,11,13,13,14,13,11
72,埔里,8,總碳氫化合物,THC,ppm,2003-05-09,1.9,2,x,x,x,x,x,x,x,x,x,x,x,x,1.8,1.9,1.9,1.9,2,2,2.1,2.1,2.1,2.1
72,埔里,9,非甲烷碳氫化合物,NMHC,ppm,2003-05-09,0.16,0.11,x,x,x,x,x,x,x,x,x,x,x,x,0.14,0.2,0.23,0.23,0.28,0.32,0.29,0.31,0.35,0.29
72,埔里,10,風速,WIND_SPEED,m/sec,2003-05-09,0.8,0.9,1.1,0.8,0.5,0.9,0.5,0.6,0.7,1.6,2.8,4.2,4.4,4.9,4.3,3.6,3.4,2.5,2.2,1.1,0.9,1.2,1.3,0.8
72,埔里,11,風向,WIND_DIREC,degrees,2003-05-09,144,339,131,310,117,304,999,303,999,306,303,301,301,301,291,278,279,282,282,301,283,308,304,317
72,埔里,14,溫度,AMB_TEMP,℃,2003-05-09,22.5,22.2,22.1,21.7,21.5,21.5,22.1,25.6,28.2,30.2,31.1,30.7,30.8,30.2,29.8,29.2,28.4,27.2,25.9,25.5,25.2,24.8,24.2,24
72,埔里,31,甲烷,CH4,ppm,2003-05-09,1.8,1.9,x,x,x,x,x,x,x,x,x,x,x,x,1.6,1.7,1.7,1.7,1.7,1.7,1.8,1.8,1.8,1.8
75,馬祖,1,二氧化硫,SO2,ppb,2003-05-09,1.5,1.7,2,2.6,3.3,3.4,3.3,4,2.9,2.8,2.9,2.8,3,2.8,2.6,3.2,2.1,1.5,1.4,1.2,1.1,1.1,0.9,1
75,馬祖,2,一氧化碳,CO,ppm,2003-05-09,0.45,0.44,0.42,0.45,0.44,0.43,0.41,0.37,0.35,0.34,0.33,0.33,0.33,0.32,0.31,0.32,0.3,0.29,0.27,0.26,0.25,0.24,0.25,0.23
75,馬祖,3,臭氧,O3,ppb,2003-05-09,80,81,81,82,78,71,x,66,67,68,70,74,79,82,84,88,84,81,81,76,76,73,73,72
75,馬祖,4,懸浮微粒,PM10,μg/m3,2003-05-09,54,48,57,76,81,82,79,73,68,64,61,60,62,63,62,62,65,61,50,39,33,31,28,25
75,馬祖,5,氮氧化物,NOx,ppb,2003-05-09,3.4,3.4,x,x,4.2,4,4,4.2,4.3,3.7,4.1,3.5,3.8,4.1,4.1,3.7,3.1,2.7,2.6,3.1,2.8,3,2.8,3.1
75,馬祖,6,一氧化氮,NO,ppb,2003-05-09,1,1,x,x,0.7,0.6,0.6,0.6,0.7,0.7,0.6,0.7,0.6,0.6,0.7,0.6,0.6,0.6,0.6,0.6,0.7,0.7,0.7,0.6
75,馬祖,7,二氧化氮,NO2,ppb,2003-05-09,2.5,2.5,x,x,3.5,3.4,3.4,3.6,3.6,3,3.5,2.8,3.1,3.5,3.5,3.1,2.4,2.1,2,2.5,2.1,2.3,2.1,2.5
75,馬祖,10,風速,WIND_SPEED,m/sec,2003-05-09,4.6,5.6,5.9,6.3,6.8,7.9,8.1,7.8,7.5,6.9,6.6,6.4,6.5,6.2,6.3,6,6,5.6,5.1,3.2,2.8,2.1,2.1,2.4
75,馬祖,11,風向,WIND_DIREC,degrees,2003-05-09,94,94,94,94,93,94,94,94,94,95,94,94,94,94,95,94,94,94,94,96,95,95,96,96
75,馬祖,14,溫度,AMB_TEMP,℃,2003-05-09,18.5,18.6,18.7,18.6,18.5,18.4,18.2,18.1,18.1,18.3,18.6,19,19.1,19,19.1,19,18.7,18.3,18.1,18,17.9,17.8,17.7,17.7
75,馬祖,21,酸雨,PH_RAIN,pH,2003-05-09,0,0,0,0,0,0,0,0,0,0,0,0,0,0,0,0,0,0,0,0,0,0,0,0
75,馬祖,22,導電度,RAIN_COND,μmho/cm,2003-05-09,0,0,0,0,0,0,0,0,0,0,0,0,0,0,0,0,0,0,0,0,0,0,0,0
75,馬祖,32,降雨強度,RAIN_INT,㎜,2003-05-09,0,0,0,0,0,0,0,0,0,0,0,0,0,0,0,0,0,0,0,0,0,0,0,0
