SiteId,SiteName,ItemId,ItemName,ItemEngName,ItemUnit,MonitorDate,MonitorValue00,MonitorValue01,MonitorValue02,MonitorValue03,MonitorValue04,MonitorValue05,MonitorValue06,MonitorValue07,MonitorValue08,MonitorValue09,MonitorValue10,MonitorValue11,MonitorValue12,MonitorValue13,MonitorValue14,MonitorValue15,MonitorValue16,MonitorValue17,MonitorValue18,MonitorValue19,MonitorValue20,MonitorValue21,MonitorValue22,MonitorValue23
1,基隆,1,二氧化硫,SO2,ppb,2017-10-05,1.4,0.6,0.7,0.6,0.9,0.8,0.9,0.9,1.3,0.8,0.9,0.9,0.8,1,1,0.8,0.9,0.8,0.9,0.9,0.8,0.7,0.9,0.8
1,基隆,2,一氧化碳,CO,ppm,2017-10-05,0.09,0.11,0.12,0.12,0.13,0.13,0.17,0.22,0.2,0.19,0.17,0.16,0.16,0.16,0.15,0.16,0.2,0.22,0.22,0.22,0.2,0.2,0.18,0.14
1,基隆,3,臭氧,O3,ppb,2017-10-05,46,46,47,44,44,43,40,39,37,38,40,40,40,42,43,40,41,38,39,37,38,38,41,41
1,基隆,4,懸浮微粒,PM10,μg/m3,2017-10-05,29,23,23,26,27,25,26,26,30,20,28,28,26,25,28,26,35,33,32,34,27,30,28,25
1,基隆,5,氮氧化物,NOx,ppb,2017-10-05,1.8,2.7,2.9,2.4,2.8,2.9,4.4,6.2,7.4,6.2,5.4,5.5,4.6,4.4,3.8,4.8,5.9,6.8,6.6,6.3,5.7,5.6,4.7,3.6
1,基隆,6,一氧化氮,NO,ppb,2017-10-05,0.3,1,0.7,0.5,0.4,0.6,0.8,1,0.9,1,1,1.4,1,1,0.8,1.2,1,1,0.9,0.7,0.8,1,0.6,0.6
1,基隆,7,二氧化氮,NO2,ppb,2017-10-05,1.5,1.8,2.1,1.9,2.4,2.3,3.7,5.2,6.5,5.1,4.5,4.1,3.6,3.4,3,3.6,4.8,5.8,5.7,5.6,4.8,4.6,4.1,3
1,基隆,8,總碳氫化合物,THC,ppm,2017-10-05,1.7,1.7,1.7,1.7,1.7,1.7,1.8,1.8,1.8,1.8,1.8,1.8,1.8,1.7,1.7,1.7,1.8,1.8,1.8,1.8,1.8,1.8,1.8,1.7
1,基隆,9,非甲烷碳氫化合物,NMHC,ppm,2017-10-05,-0.01,-0.01,0,0,0,0.01,0.02,0.04,0.03,0.04,0.03,0.03,0.02,0.02,0.02,0.02,0.03,0.04,0.05,0.04,0.03,0.04,0.02,0.01
1,基隆,10,風速,WIND_SPEED,m/sec,2017-10-05,1.8,2,2.2,2.1,2.2,2.1,2,1.8,2.7,3.6,2.9,2.7,3.2,2.8,3.8,3.2,2.2,2.7,2.4,2.4,2.5,2.5,2.2,2.1
1,基隆,11,風向,WIND_DIREC,degrees,2017-10-05,83,78,85,85,78,71,77,82,78,78,87,76,78,70,78,74,79,75,73,83,79,81,81,80
1,基隆,14,溫度,AMB_TEMP,℃,2017-10-05,26,25.6,25.9,26.1,26.3,26.5,26.6,26.8,27.1,27.8,28.9,29.5,29.6,29.2,29.1,28.8,28.3,28,27.8,27.7,27.7,27.6,27.6,27.4
1,基隆,31,甲烷,CH4,ppm,2017-10-05,1.7,1.7,1.7,1.7,1.7,1.7,1.7,1.7,1.7,1.7,1.7,1.7,1.7,1.7,1.7,1.7,1.7,1.7,1.7,1.7,1.7,1.7,1.7,1.7
1,基隆,33,細懸浮微粒,PM2.5,μg/m3,2017-10-05,8,7,8,,10,9,11,11,13,9,12,10,11,11,12,12,15,15,15,16,12,13,13,11
1,基隆,38,相對濕度,RH,percent,2017-10-05,82,83,80,80,79,78,78,77,77,73,69,67,67,69,70,70,73,77,78,80,80,81,82,83
1,基隆,143,小時風速值,WS_HR,m/sec,2017-10-05,1.8,1.7,1.9,1.7,1.9,1.9,2,2.2,2.3,2.6,2.6,2.7,2.6,2.9,3.5,2.8,2.4,2.3,1.9,2,2.3,1.8,2.1,2.3
1,基隆,144,小時風向值,WD_HR,degrees,2017-10-05,83,81,84,81,80,77,79,84,78,78,76,78,80,74,79,76,77,76,75,83,83,81,82,79
2,汐止,1,二氧化硫,SO2,ppb,2017-10-05,2.2,2.6,1.9,1.5,1.7,1.9,2.5,2.6,2.3,2.7,1.9,1.8,1.7,1.7,1.8,1.8,1.7,1.9,2.2,1.9,2.1,1.7,1.8,2.4
2,汐止,2,一氧化碳,CO,ppm,2017-10-05,0.19,0.19,0.19,0.18,0.19,0.21,0.28,0.41,0.39,0.26,0.23,0.23,0.23,0.22,0.22,0.23,0.23,0.31,0.32,0.3,0.27,0.24,0.26,0.27
2,汐止,3,臭氧,O3,ppb,2017-10-05,39,41,41,43,39,39,28,23,26,35,39,40,41,41,42,39,38,30,29,29,31,34,32,32
2,汐止,4,懸浮微粒,PM10,μg/m3,2017-10-05,18,18,21,25,25,24,22,24,27,31,32,28,30,34,36,38,37,37,39,38,35,34,34,33
2,汐止,5,氮氧化物,NOx,ppb,2017-10-05,6.9,7.1,5.8,4.4,5.9,6.9,18,25,21,15,11,11,9.9,8.5,9,11,9.5,17,15,16,12,9.3,11,11
2,汐止,6,一氧化氮,NO,ppb,2017-10-05,1.2,1.3,1.2,1.1,1.2,0.9,2,4.5,4.6,4.4,3,3.1,3.3,2.6,2.7,2.9,1.8,2.2,1.2,1.6,1.4,1.7,1.3,1
2,汐止,7,二氧化氮,NO2,ppb,2017-10-05,5.7,5.8,4.6,3.3,4.7,6,16,20,17,11,7.9,7.5,6.6,5.9,6.3,7.9,7.7,14,14,14,11,7.6,9.3,9.7
2,汐止,10,風速,WIND_SPEED,m/sec,2017-10-05,2.6,1.4,1.3,1.6,1.5,1.3,2.6,1.8,2.5,3.6,3.8,3.8,4.3,3.9,3.9,4.3,3.5,2.9,3.5,3.3,3.2,1.8,2.7,2
2,汐止,11,風向,WIND_DIREC,degrees,2017-10-05,30,47,30,37,51,41,36,39,29,31,32,35,34,33,35,32,36,31,33,33,28,30,33,30
2,汐止,14,溫度,AMB_TEMP,℃,2017-10-05,24.7,24.5,24.6,24.6,24.8,24.9,25,25.8,26.9,28.9,29.5,30.2,31.2,30.8,30.7,30.1,29.4,28.2,27.4,27.3,27.1,27.1,27,27
2,汐止,33,細懸浮微粒,PM2.5,μg/m3,2017-10-05,10,8,7,7,7,4,5,9,9,10,9,8,9,9,9,9,10,12,13,11,10,10,13,13
2,汐止,38,相對濕度,RH,percent,2017-10-05,96,96,96,95,94,95,94,91,86,76,72,69,66,68,68,71,73,79,84,85,87,87,88,89
2,汐止,143,小時風速值,WS_HR,m/sec,2017-10-05,1.5,1.8,1.3,1.3,1.5,1.3,2.2,1.9,1.9,3.5,3.8,3.6,3.9,3.5,3.4,3.5,3.5,2.8,3,2.9,3.1,2.8,2.2,2
2,汐止,144,小時風向值,WD_HR,degrees,2017-10-05,42,33,43,40,38,42,35,31,32,31,33,34,33,35,34,37,34,31,29,32,31,34,32,33
3,萬里,1,二氧化硫,SO2,ppb,2017-10-05,1.7,1.5,1.7,1.4,1.8,1.8,1.7,1.9,1.8,1.7,1.5,1.8,1.7,1.8,1.7,1.7,1.7,2,1.9,2,2.4,1.9,1.9,1.7
3,萬里,2,一氧化碳,CO,ppm,2017-10-05,0.13,0.16,0.16,0.16,0.16,0.17,0.17,0.18,0.18,0.18,0.18,0.18,0.18,0.18,0.19,0.18,0.19,0.2,0.19,0.17,0.18,0.18,0.18,0.17
3,萬里,3,臭氧,O3,ppb,2017-10-05,50,49,50,49,47,47,45,44,44,45,45,44,43,45,43,45,48,43,43,44,41,44,46,47
3,萬里,4,懸浮微粒,PM10,μg/m3,2017-10-05,84,78,74,68,63,67,60,56,59,57,52,52,53,61,63,59,58,59,54,51,47,41,47,47
3,萬里,5,氮氧化物,NOx,ppb,2017-10-05,1.6,1.7,1.9,2.1,2.2,2,3,3.3,4,3,3,3.2,4.2,3.5,4.6,4.5,3.8,4.8,4.4,2.3,3.8,2.8,3,2.1
3,萬里,6,一氧化氮,NO,ppb,2017-10-05,0.5,0.7,0.6,0.7,0.7,0.7,0.8,0.8,1.3,1.1,1,1.1,1.4,1.5,1.3,1.4,1.1,1.1,1.1,0.9,1,0.8,0.8,0.8
3,萬里,7,二氧化氮,NO2,ppb,2017-10-05,1,1.1,1.3,1.4,1.5,1.3,2.2,2.5,2.8,1.9,1.9,2.2,2.8,2,3.3,3.2,2.8,3.7,3.3,1.5,2.8,2,2.2,1.3
3,萬里,10,風速,WIND_SPEED,m/sec,2017-10-05,7.2,9.3,8.4,8.7,9,9.4,8.4,7.9,7.5,4.8,7.1,5,5.4,6.8,6.6,5,3.8,4.2,5.2,6,1.7,2.5,7.1,7.2
3,萬里,11,風向,WIND_DIREC,degrees,2017-10-05,40,45,44,46,46,45,48,48,50,53,47,55,56,48,46,60,62,63,57,53,133,83,49,47
3,萬里,14,溫度,AMB_TEMP,℃,2017-10-05,27,27.2,27.2,27.3,27.4,27.4,27.5,27.7,27.9,28,28.2,28.3,28.4,28.5,28.5,28.4,28.3,28.2,28.1,28.1,28,28,28.1,28.2
3,萬里,21,酸雨,PH_RAIN,pH,2017-10-05,0,0,0,0,0,0,0,0,0,0,0,0,0,0,0,0,0,0,0,0,0,0,6.6,6.6
3,萬里,22,導電度,RAIN_COND,μmho/cm,2017-10-05,0,0,0,0,0,0,0,0,0,0,0,0,0,0,0,0,0,0,0,0,0,0,995,995
3,萬里,32,降雨強度,RAIN_INT,㎜,2017-10-05,0,0,0,0,0,0,0,0,0,0,0,0,0,0,0,0,0,0,0,0,0,0,0.5,0.5
3,萬里,33,細懸浮微粒,PM2.5,μg/m3,2017-10-05,12,10,14,15,15,18,15,13,16,16,15,17,15,15,18,17,15,17,19,15,10,12,15,14
3,萬里,38,相對濕度,RH,percent,2017-10-05,78,77,77,76,76,77,76,76,76,75,72,72,73,73,75,74,75,77,79,80,81,82,82,83
3,萬里,143,小時風速值,WS_HR,m/sec,2017-10-05,6.2,8.4,8.1,9.1,8.1,8.6,8.6,8.4,7.7,5.6,6.5,5.9,5.4,6.2,5.6,5.1,4.6,3.8,3.3,6.7,1.7,1.7,5.3,5.2
3,萬里,144,小時風向值,WD_HR,degrees,2017-10-05,35,44,45,46,44,46,47,47,47,56,49,50,52,49,50,53,56,64,66,50,98,111,55,57
4,新店,1,二氧化硫,SO2,ppb,2017-10-05,1.3,1.2,1.2,1.2,1.2,1.3,1.4,1.3,1.3,1.4,1.2,1.2,1.3,x,x,x,1.6,1.6,1.6,1.5,1.4,1.5,1.4,1.3
4,新店,2,一氧化碳,CO,ppm,2017-10-05,0.19,0.18,0.16,0.16,0.16,0.2,0.25,0.41,0.36,0.28,0.26,0.29,0.27,x,x,0.28,0.33,0.43,0.46,0.42,0.35,0.38,0.33,0.25
4,新店,3,臭氧,O3,ppb,2017-10-05,39,42,43,42,42,38,34,33,36,37,38,37,37,x,33,32,32,27,26,26,28,26,26,30
4,新店,4,懸浮微粒,PM10,μg/m3,2017-10-05,28,25,25,27,30,33,33,33,31,37,40,41,42,,43,45,46,45,42,40,40,34,34,32
4,新店,5,氮氧化物,NOx,ppb,2017-10-05,4.9,5,4.1,4.1,3.9,4.9,10,16,13,11,11,11,10,x,x,13,14,18,18,17,13,15,12,8.5
4,新店,6,一氧化氮,NO,ppb,2017-10-05,0.8,1.1,1,1,1.1,1,1.4,3.4,3.4,2.9,2.6,2.7,3,x,x,3.2,2.8,2.8,2.8,2.3,1.9,2.1,1.6,1.5
4,新店,7,二氧化氮,NO2,ppb,2017-10-05,4.1,3.9,3.2,3.1,2.9,3.9,8.8,12,9.8,7.9,8,8.2,7.1,x,x,9.9,11,15,15,15,11,13,10,7
4,新店,10,風速,WIND_SPEED,m/sec,2017-10-05,1.3,1.2,1.5,1.6,1.2,1.4,2.1,2.5,2.4,2.6,2.8,2.4,2.8,3.2,3,3,2.7,2.5,2.5,2,1.7,2.6,1.9,2.9
4,新店,11,風向,WIND_DIREC,degrees,2017-10-05,60,21,100,83,77,69,60,76,78,88,95,107,129,103,118,123,113,81,107,131,128,119,83,76
4,新店,14,溫度,AMB_TEMP,℃,2017-10-05,26.6,26.4,26.4,26.5,26.6,26.6,26.7,27.7,28.6,29,29.6,29.9,30.7,31.6,31.4,30.7,30.1,29.2,28.6,28.2,28.1,28,27.9,27.9
4,新店,33,細懸浮微粒,PM2.5,μg/m3,2017-10-05,12,9,25,8,8,8,6,10,11,9,9,11,12,,16,15,14,14,16,14,10,13,13,12
4,新店,38,相對濕度,RH,percent,2017-10-05,78,80,79,78,78,78,78,78,79,78,75,66,63,60,60,63,66,68,72,74,75,76,78,78
4,新店,143,小時風速值,WS_HR,m/sec,2017-10-05,0.7,0.9,0.7,0.8,0.8,0.8,1.6,1.5,2.4,2.5,1.9,2.1,2.2,2.7,2.7,2.4,2.2,2,1.8,1.9,1.7,2,1.5,1.8
4,新店,144,小時風向值,WD_HR,degrees,2017-10-05,55,32,79,87,77,86,65,88,82,78,90,92,103,121,113,114,112,93,105,111,120,111,111,94
5,土城,1,二氧化硫,SO2,ppb,2017-10-05,2.7,6,3.8,2.6,2.4,2.6,2.5,2.7,2.7,2.5,2.6,2.6,2.3,2.6,2.8,2.5,2.6,2.4,2.6,2.7,2.7,2.7,2.5,2.5
5,土城,2,一氧化碳,CO,ppm,2017-10-05,0.2,0.16,0.16,0.16,0.16,0.19,0.26,0.42,0.4,0.3,0.27,0.31,0.26,0.27,0.29,0.29,0.32,0.46,0.52,0.54,0.42,0.41,0.36,0.31
5,土城,3,臭氧,O3,ppb,2017-10-05,39,39,42,43,42,39,34,30,34,37,39,38,39,40,40,35,32,26,24,23,26,26,27,28
5,土城,4,懸浮微粒,PM10,μg/m3,2017-10-05,31,34,34,32,32,34,35,36,38,37,38,42,44,43,42,40,38,37,36,42,46,43,41,37
5,土城,5,氮氧化物,NOx,ppb,2017-10-05,x,7.3,5.2,4.2,4,5.3,9.3,14,12,11,9.2,12,8.6,10,12,11,11,15,16,18,14,13,12,11
5,土城,6,一氧化氮,NO,ppb,2017-10-05,x,0.5,0.4,0.3,0.4,0.5,0.6,1.4,2.1,2.1,1.7,2,1.7,1.9,2,1.9,1.5,1.1,1,0.7,0.9,0.6,0.8,0.7
5,土城,7,二氧化氮,NO2,ppb,2017-10-05,x,6.8,4.8,3.9,3.6,4.8,8.7,12,10,9,7.6,9.9,6.8,8.4,9.9,9.6,9.8,14,15,17,13,13,11,10
5,土城,8,總碳氫化合物,THC,ppm,2017-10-05,1.9,1.9,1.9,1.9,1.9,1.9,2,2,2,2,1.9,2,1.9,2,2,2,2,2,2.1,2.1,2,2,2,2
5,土城,9,非甲烷碳氫化合物,NMHC,ppm,2017-10-05,0.04,0.03,0.02,0.02,0.02,0.03,0.06,0.1,0.11,0.09,0.08,0.12,0.07,0.09,0.12,0.1,0.11,0.15,0.16,0.18,0.13,0.12,0.11,0.09
5,土城,10,風速,WIND_SPEED,m/sec,2017-10-05,1.9,1.7,1.1,1.4,1.4,1.9,1.6,2.6,2,2.5,1.9,2.2,1.9,1.8,2,2.1,1.9,1.8,1.8,1.5,1.8,1.7,1.4,1.3
5,土城,11,風向,WIND_DIREC,degrees,2017-10-05,330,309,5.4,40,128,105,8.8,355,349,308,116,360,140,355,348,331,279,303,338,324,335,56,278,121
5,土城,14,溫度,AMB_TEMP,℃,2017-10-05,27,26.8,26.8,26.9,27.1,27.2,27.1,27.6,28.5,30,31.1,31.6,32.2,32.5,32.3,32,31.2,30.3,29.5,29.3,29,28.9,28.8,28.7
5,土城,31,甲烷,CH4,ppm,2017-10-05,1.9,1.9,1.9,1.9,1.9,1.9,1.9,1.9,1.9,1.9,1.9,1.9,1.9,1.9,1.9,1.9,1.9,1.9,1.9,1.9,1.9,1.9,1.9,1.9
5,土城,33,細懸浮微粒,PM2.5,μg/m3,2017-10-05,10,11,13,13,13,13,13,11,15,18,18,16,20,20,15,18,15,15,16,15,16,17,17,17
5,土城,38,相對濕度,RH,percent,2017-10-05,81,83,82,81,80,81,81,78,74,68,64,62,60,60,61,61,63,67,70,73,75,76,78,79
5,土城,143,小時風速值,WS_HR,m/sec,2017-10-05,0.7,0.5,0.5,0.6,0.3,0.1,0.5,0.7,1.2,0.3,0.3,0.1,0.1,0.5,1.2,0.5,0.2,0.7,0.7,0.2,0.6,0.4,0.8,0.5
5,土城,144,小時風向值,WD_HR,degrees,2017-10-05,338,319,304,335,335,29,329,345,351,342,29,325,353,3.9,358,320,338,331,333,314,350,352,315,353
6,板橋,1,二氧化硫,SO2,ppb,2017-10-05,4.1,2.5,4.5,4,4.1,4.5,3.2,2.4,2.1,2.2,1.8,1.9,2.1,1.9,2.1,2.3,2,2,2,2,2.2,2,2.1,2.2
6,板橋,2,一氧化碳,CO,ppm,2017-10-05,0.22,0.16,0.15,0.14,0.15,0.18,0.26,0.51,0.47,0.41,0.34,0.3,0.29,0.3,0.28,0.32,0.36,0.57,0.65,0.63,0.58,0.52,0.4,0.32
6,板橋,3,臭氧,O3,ppb,2017-10-05,38,41,41,41,41,37,31,27,31,32,35,38,41,39,39,35,30,21,18,18,17,20,24,28
6,板橋,4,懸浮微粒,PM10,μg/m3,2017-10-05,28,29,26,26,32,32,34,39,40,40,37,37,39,41,43,43,41,41,42,42,44,46,46,42
6,板橋,5,氮氧化物,NOx,ppb,2017-10-05,9.6,7.1,7.3,7.4,7,8.8,16,25,22,23,20,17,15,16,15,19,20,28,30,29,28,23,18,15
6,板橋,6,一氧化氮,NO,ppb,2017-10-05,1.1,0.9,1,1.4,0.9,1.1,1.9,5.3,4.9,5.8,4.6,3.4,3.4,3.1,3.1,3.8,3.4,4.6,4.5,4.2,4.2,2.7,1.7,1.4
6,板橋,7,二氧化氮,NO2,ppb,2017-10-05,8.5,6.3,6.2,6,6,7.7,14,20,17,18,16,13,12,13,12,15,17,24,25,25,24,21,17,13
6,板橋,8,總碳氫化合物,THC,ppm,2017-10-05,1.8,1.8,1.8,1.9,1.9,1.9,1.9,2,2,1.9,1.9,1.9,1.9,1.9,1.9,1.9,1.9,2,2.1,2,2,2,2,1.9
6,板橋,9,非甲烷碳氫化合物,NMHC,ppm,2017-10-05,0.04,0.03,0.02,0.03,0.03,0.03,0.06,0.14,0.13,0.12,0.12,0.1,0.08,0.09,0.09,0.11,0.12,0.18,0.19,0.19,0.18,0.16,0.11,0.09
6,板橋,10,風速,WIND_SPEED,m/sec,2017-10-05,2.4,2.5,2.3,1.4,2,2.5,2.9,2.5,4,2.7,3.5,4.3,3.6,3.6,3.6,3.6,3.1,2.6,2.3,2.8,2.8,3.2,2.9,3.5
6,板橋,11,風向,WIND_DIREC,degrees,2017-10-05,74,106,90,70,97,88,77,90,75,77,84,74,65,70,63,77,66,73,84,67,71,65,71,70
6,板橋,14,溫度,AMB_TEMP,℃,2017-10-05,26.3,26.3,26.2,26.4,26.5,26.6,26.7,27.3,28,29.4,30.5,30.4,30.8,31.2,30.9,30.9,30.3,29.5,29,28.7,28.5,28.5,28.3,28.2
6,板橋,21,酸雨,PH_RAIN,pH,2017-10-05,0,0,0,0,0,0,0,0,0,0,0,0,0,0,0,0,0,0,0,0,0,0,0,0
6,板橋,22,導電度,RAIN_COND,μmho/cm,2017-10-05,0,0,0,0,0,0,0,0,0,0,0,0,0,0,0,0,0,0,0,0,0,0,0,0
6,板橋,31,甲烷,CH4,ppm,2017-10-05,1.8,1.8,1.8,1.8,1.8,1.8,1.8,1.8,1.8,1.8,1.8,1.8,1.8,1.8,1.8,1.8,1.8,1.9,1.9,1.9,1.9,1.9,1.8,1.8
6,板橋,32,降雨強度,RAIN_INT,㎜,2017-10-05,0,0,0,0,0,0,0,0,0,0,0,0,0,0,0,0,0,0,0,0,0,0,0,0
6,板橋,33,細懸浮微粒,PM2.5,μg/m3,2017-10-05,7,6,7,9,8,9,8,8,7,7,11,12,14,12,8,10,14,12,10,12,12,11,8,7
6,板橋,38,相對濕度,RH,percent,2017-10-05,81,81,81,80,79,80,80,77,75,69,64,64,63,62,63,63,65,68,71,74,75,75,78,79
6,板橋,143,小時風速值,WS_HR,m/sec,2017-10-05,2.3,2.1,2.4,1.7,2,2.2,2.2,2.1,2.8,2.7,2.8,3.3,3.5,3.1,3.4,2.9,2.9,2.2,2.3,2.4,2,2.5,3.2,2.7
6,板橋,144,小時風向值,WD_HR,degrees,2017-10-05,91,84,95,94,81,87,82,80,76,81,81,75,70,73,75,78,73,75,85,78,72,65,70,68
7,新莊,1,二氧化硫,SO2,ppb,2017-10-05,2.4,1.3,1.4,1.9,2.8,2.9,4.7,6,6.3,3,x,2.3,2.6,5.2,5.6,5.3,5.1,4.2,2.9,2.4,1.8,1.8,2,1.8
7,新莊,2,一氧化碳,CO,ppm,2017-10-05,0.23,0.17,0.15,0.14,0.16,0.17,0.22,0.35,0.37,0.29,x,0.25,0.22,0.22,0.22,0.24,0.29,0.39,0.42,0.41,0.39,0.33,0.31,0.27
7,新莊,3,臭氧,O3,ppb,2017-10-05,39,42,42,42,39,38,33,32,32,37,x,41,41,38,36,34,30,28,28,28,27,30,31,34
7,新莊,4,懸浮微粒,PM10,μg/m3,2017-10-05,23,21,22,28,34,35,33,33,32,33,,33,33,34,38,39,38,40,42,45,43,33,30,32
7,新莊,5,氮氧化物,NOx,ppb,2017-10-05,7.7,7,6.7,7.1,8.1,8.8,13,17,19,17,x,13,14,15,16,18,20,21,18,18,17,14,13,12
7,新莊,6,一氧化氮,NO,ppb,2017-10-05,0.6,2.1,2.3,2.4,2.5,2.7,2.7,4,5.3,5.5,x,4,4.2,4.8,4.9,5.6,5.1,3.7,2.8,2.3,2.6,2.8,2.6,2.6
7,新莊,7,二氧化氮,NO2,ppb,2017-10-05,7.1,4.9,4.4,4.7,5.6,6.1,10,13,14,11,x,9.3,9.3,10,11,12,15,17,15,15,15,11,10,9.1
7,新莊,10,風速,WIND_SPEED,m/sec,2017-10-05,3.5,3.8,3.7,2.7,2.8,3.6,4.9,4.6,5.4,7.5,7.1,6.4,5.5,7.2,6.4,6.6,5.8,5.3,6,5.1,4.8,5.5,4.4,3.7
7,新莊,11,風向,WIND_DIREC,degrees,2017-10-05,73,78,79,90,79,70,66,80,58,57,59,58,73,48,57,56,55,69,55,64,65,59,70,65
7,新莊,14,溫度,AMB_TEMP,℃,2017-10-05,26.5,26.5,26.5,26.5,26.6,26.7,26.8,27.6,28.6,30.2,30.9,31.3,32,31.8,31.8,31.2,30.3,29.2,28.6,28.4,28.4,28.3,28.3,28.2
7,新莊,33,細懸浮微粒,PM2.5,μg/m3,2017-10-05,3,2,5,5,5,7,4,4,8,7,,9,8,7,10,10,11,11,9,11,9,8,9,9
7,新莊,38,相對濕度,RH,percent,2017-10-05,75,74,74,73,73,73,74,70,66,61,57,55,53,54,54,56,59,64,68,70,70,72,73,73
7,新莊,143,小時風速值,WS_HR,m/sec,2017-10-05,3.4,3.1,3.2,2.9,2.4,3.4,3.7,4.4,4.8,5.3,6.9,5.6,6.1,5.7,6.1,5.8,4.8,4.9,5.6,5,4,4.7,4.7,3.7
7,新莊,144,小時風向值,WD_HR,degrees,2017-10-05,79,79,82,81,77,80,67,75,65,69,56,68,63,56,58,61,62,62,59,61,70,64,64,61
8,菜寮,1,二氧化硫,SO2,ppb,2017-10-05,1.7,1.6,1.6,1.9,2.3,2.1,3.2,4.1,6.3,4.3,x,x,6.7,6.3,x,x,6.3,8.6,5.6,3.6,2.6,2.7,3.3,3.1
8,菜寮,2,一氧化碳,CO,ppm,2017-10-05,0.21,0.17,0.16,0.15,0.17,0.2,0.27,0.43,0.45,0.32,x,x,0.26,0.24,x,x,0.28,0.42,0.44,0.41,0.34,0.36,0.31,0.23
8,菜寮,3,臭氧,O3,ppb,2017-10-05,39,41,41,41,39,37,32,30,30,35,,x,x,x,x,34,31,26,26,28,29,28,29,35
8,菜寮,4,懸浮微粒,PM10,μg/m3,2017-10-05,28,27,25,28,32,33,33,33,37,40,41,,x,45,41,44,43,42,45,45,44,44,46,40
8,菜寮,5,氮氧化物,NOx,ppb,2017-10-05,5.7,5.8,4.9,5,5.9,6.9,11,17,21,16,x,,,x,,16,16,21,19,15,12,12,12,8.9
8,菜寮,6,一氧化氮,NO,ppb,2017-10-05,0.9,1.5,1,1.2,1.2,1.2,1.3,2.4,5,4.2,x,,,x,,2.5,1.9,0.7,0.5,-0.1,-0.3,-0.4,-0.1,-0.4
8,菜寮,7,二氧化氮,NO2,ppb,2017-10-05,4.8,4.2,3.9,3.9,4.8,5.6,10,14,16,12,x,,,x,,14,14,20,18,15,12,13,12,9.2
8,菜寮,10,風速,WIND_SPEED,m/sec,2017-10-05,2.6,3.2,2.2,2.2,2.3,2.7,2.7,3.7,3.8,3.9,4.5,5.1,4.6,4.5,4,4.4,4.4,3.3,4.2,3.8,3.7,2.8,3.5,3
8,菜寮,11,風向,WIND_DIREC,degrees,2017-10-05,83,110,95,98,104,87,91,86,95,81,75,75,78,78,85,77,92,86,87,93,88,87,88,94
8,菜寮,14,溫度,AMB_TEMP,℃,2017-10-05,27,27,27,26.9,27.1,27.2,27.2,27.9,29,30.2,30.5,31.3,31.8,31.8,31.7,31.4,29.8,29.1,28.8,28.6,28.3,28.3,28.3,28.1
8,菜寮,33,細懸浮微粒,PM2.5,μg/m3,2017-10-05,4,6,7,5,4,6,2,5,12,14,15,,13,12,15,18,16,15,16,17,19,14,11,10
8,菜寮,38,相對濕度,RH,percent,2017-10-05,82,81,80,80,80,80,81,77,72,66,63,60,59,59,59,60,64,69,73,74,78,79,80,82
8,菜寮,143,小時風速值,WS_HR,m/sec,2017-10-05,2.7,2.6,2.4,2.6,2,2.4,2.7,2.8,3.2,3.7,3.9,4.2,4,4,4,4,3.7,3.3,3.5,3.2,3.8,2.7,2.8,3.1
8,菜寮,144,小時風向值,WD_HR,degrees,2017-10-05,93,97,96,98,98,96,93,89,91,89,81,78,79,78,84,83,83,84,83,97,88,84,87,91
9,林口,1,二氧化硫,SO2,ppb,2017-10-05,0.9,1.7,1.9,1.9,2.1,2.2,2.3,2.7,3,4.6,6.1,5.4,4.5,5.5,5.8,4.5,6.8,7.2,6.5,5.9,3.3,2.7,3.2,3.2
9,林口,2,一氧化碳,CO,ppm,2017-10-05,0.12,0.12,0.12,0.13,0.13,0.14,0.2,0.32,0.28,0.2,0.18,0.2,0.19,0.18,0.19,0.2,0.23,0.29,0.29,0.27,0.25,0.24,0.2,0.19
9,林口,3,臭氧,O3,ppb,2017-10-05,41,42,43,43,39,38,33,27,34,36,36,36,38,36,34,32,29,27,26,27,30,31,32,34
9,林口,4,懸浮微粒,PM10,μg/m3,2017-10-05,29,27,20,24,35,36,38,40,38,45,53,55,51,51,53,50,54,54,50,47,42,41,42,41
9,林口,5,氮氧化物,NOx,ppb,2017-10-05,2.5,4.5,4.1,4.9,5.3,7.6,13,33,17,17,15,19,15,16,21,25,21,21,19,17,14,12,10,9.9
9,林口,6,一氧化氮,NO,ppb,2017-10-05,0.4,1.3,1.2,1.3,1.1,1.4,2.4,12,4.9,6,4.4,6.8,5,5.3,7.8,10,5.4,3.8,2.7,2.2,1.7,1.9,1.7,1.6
9,林口,7,二氧化氮,NO2,ppb,2017-10-05,2.1,3.2,2.9,3.6,4.2,6.2,11,20,12,11,11,12,10,11,13,15,16,17,16,15,12,9.7,8.4,8.3
9,林口,10,風速,WIND_SPEED,m/sec,2017-10-05,1.6,2.6,2.5,2.1,2.1,2.5,3.6,3.2,3.1,4.3,3.7,3.4,4.8,3.7,4,4.1,3.9,4.3,4.1,3.7,3.9,3,4.2,3.9
9,林口,11,風向,WIND_DIREC,degrees,2017-10-05,28,48,62,52,57,68,73,71,69,67,62,71,74,72,79,75,95,116,92,91,83,103,108,91
9,林口,14,溫度,AMB_TEMP,℃,2017-10-05,23.5,23.6,23.8,24,23.8,24.2,24.3,24.8,25.7,26.5,27.5,28.4,29.1,29,28.8,28.4,27.6,26.6,26,25.8,25.6,25.6,25.6,25.4
9,林口,33,細懸浮微粒,PM2.5,μg/m3,2017-10-05,13,14,14,18,19,17,17,17,18,19,21,20,23,23,19,21,24,22,21,21,20,20,21,22
9,林口,38,相對濕度,RH,percent,2017-10-05,91,90,88,87,88,86,86,84,80,77,73,69,66,67,67,68,72,76,80,83,85,87,87,88
9,林口,143,小時風速值,WS_HR,m/sec,2017-10-05,1.9,2.4,2.1,2.3,1.5,2.2,2.5,2.6,3.3,4.2,3.9,3.4,3.5,3.9,4.2,3.7,3.3,3.3,3.4,2.9,3.1,2.7,2.8,3.2
9,林口,144,小時風向值,WD_HR,degrees,2017-10-05,43,48,61,65,48,66,69,69,75,70,65,73,79,70,72,85,86,101,95,102,92,102,100,100
10,淡水,1,二氧化硫,SO2,ppb,2017-10-05,0.4,0.9,0.9,0.8,0.8,1.1,0.9,1.1,1,1.3,1.3,x,1.4,1.1,1.8,2.2,1.8,2.2,1.8,2.4,2.1,3.1,3.7,2.7
10,淡水,2,一氧化碳,CO,ppm,2017-10-05,0.14,0.11,0.12,0.11,0.12,0.13,0.15,0.21,0.2,0.18,0.2,x,0.15,0.15,0.15,0.16,0.18,0.22,0.26,0.22,0.19,0.26,0.24,0.19
10,淡水,3,臭氧,O3,ppb,2017-10-05,41,41,38,40,39,38,35,32,33,35,x,29,33,34,33,32,31,33,30,29,29,25,25,30
10,淡水,4,懸浮微粒,PM10,μg/m3,2017-10-05,25,24,23,21,25,28,30,31,32,51,,,35,35,40,44,40,38,38,38,38,39,37,36
10,淡水,5,氮氧化物,NOx,ppb,2017-10-05,2.3,2.4,3,2.6,2.7,3.3,4.4,7.4,6.8,5.4,4.9,x,4.4,4.2,5.6,7.5,8.3,8.2,9.7,7.3,6.8,9.8,10,6.6
10,淡水,6,一氧化氮,NO,ppb,2017-10-05,0.7,1,0.8,0.6,0.8,0.8,0.9,1.1,1.7,1.6,1.5,x,1.3,1.4,1.6,2.1,1.7,1.5,1.6,0.8,0.7,1.1,1.4,0.9
10,淡水,7,二氧化氮,NO2,ppb,2017-10-05,1.6,1.4,2.2,2,1.9,2.5,3.5,6.3,5.1,3.8,3.4,x,3,2.8,4.1,5.4,6.6,6.7,8,6.5,6.1,8.7,9,5.7
10,淡水,10,風速,WIND_SPEED,m/sec,2017-10-05,2.5,1.5,0.9,1.7,1.8,1.1,2,1.2,1.7,2,2.2,2.7,1.8,2.1,1.6,1.3,1.8,0.7,1.5,0.5,0.5,0.8,0.5,1.5
10,淡水,11,風向,WIND_DIREC,degrees,2017-10-05,30,70,10,40,40,50,40,70,50,60,100,70,70,60,110,60,60,310,60,60,150,130,50,360
10,淡水,14,溫度,AMB_TEMP,℃,2017-10-05,25.2,25.1,25.5,25.7,25.7,26,26,27.1,28.5,29.7,30.9,31.2,31.9,31.8,31.6,30.9,29.1,28.1,28.1,28,27.6,27.6,27.6,27.4
10,淡水,33,細懸浮微粒,PM2.5,μg/m3,2017-10-05,7,6,6,6,6,2,4,8,6,6,,,12,14,18,19,17,18,14,11,14,14,12,11
10,淡水,38,相對濕度,RH,percent,2017-10-05,84,84,82,81,81,79,81,76,73,70,62,60,58,58,56,58,63,68,70,73,75,75,77,79
11,士林,1,二氧化硫,SO2,ppb,2017-10-05,1,1.7,1.4,1.5,1.5,1.5,1.7,1.7,1.8,6.3,6.9,6,6.5,6.2,4.9,6.3,7,7,9.2,15,7.3,9.7,9.7,6.5
11,士林,2,一氧化碳,CO,ppm,2017-10-05,0.13,0.14,0.14,0.14,0.14,0.15,0.19,0.24,0.25,0.2,0.21,0.2,0.19,0.19,0.19,0.2,0.21,0.23,0.26,0.23,0.21,0.22,0.2,0.18
11,士林,3,臭氧,O3,ppb,2017-10-05,47,47,48,47,47,45,41,38,38,38,37,39,38,38,39,36,35,33,27,23,29,26,28,34
11,士林,4,懸浮微粒,PM10,μg/m3,2017-10-05,19,14,18,23,23,22,23,31,34,38,31,41,47,51,51,49,49,46,45,47,37,33,33,36
11,士林,5,氮氧化物,NOx,ppb,2017-10-05,3,2,2,1.7,1.7,2.2,4.5,8.1,8.9,9.7,11,10,10,9.8,8.6,11,12,12,16,19,12,15,14,10
11,士林,6,一氧化氮,NO,ppb,2017-10-05,0.5,0.5,0.6,0.3,0.4,0.3,0.6,1,1.8,2.3,2.9,2.6,2.6,2.6,1.6,2.4,1.9,1.2,1.1,0.9,0.5,0.7,0.6,0.8
11,士林,7,二氧化氮,NO2,ppb,2017-10-05,2.5,1.6,1.4,1.4,1.3,1.9,4,7.1,7.1,7.4,8.2,7.5,7.4,7.2,6.9,8.7,10,11,15,19,12,14,13,9.2
11,士林,10,風速,WIND_SPEED,m/sec,2017-10-05,1.9,2.6,2.2,2.5,1.8,2.6,2.4,2.9,3.5,4.1,3.5,3.4,4.3,3.1,3.9,3.1,2.7,3.6,2.7,3,3.2,2.5,2.7,2.4
11,士林,11,風向,WIND_DIREC,degrees,2017-10-05,104,108,90,106,109,61,114,104,89,92,69,72,43,57,43,55,70,97,62,97,109,93,100,98
11,士林,14,溫度,AMB_TEMP,℃,2017-10-05,27.1,27.2,27.1,27.1,27.5,27.4,27.6,28.5,29.3,30.6,31.3,31.9,32.1,32,31.8,31.1,30.3,29.2,28.9,28.8,28.6,28.7,28.7,28.6
11,士林,33,細懸浮微粒,PM2.5,μg/m3,2017-10-05,3,1,2,6,6,7,10,5,7,9,17,22,24,21,21,20,24,20,22,19,21,15,17,15
11,士林,38,相對濕度,RH,percent,2017-10-05,78,77,77,76,75,76,76,73,71,67,64,63,62,62,63,65,67,71,73,75,77,77,77,79
11,士林,143,小時風速值,WS_HR,m/sec,2017-10-05,2,2.2,2.2,2,1.7,2.2,2.1,2.1,2.3,3.5,2.7,2.7,3.1,2.9,3.5,3.2,3.2,3.4,2.3,2.5,3.2,2.7,2.6,2.7
11,士林,144,小時風向值,WD_HR,degrees,2017-10-05,112,110,93,94,78,92,97,109,92,91,69,63,55,56,50,55,56,96,84,84,108,98,97,100
12,中山,1,二氧化硫,SO2,ppb,2017-10-05,1.8,1.1,1.1,2.1,2.3,2.4,4.2,5.3,6.8,3.3,2.1,5.9,9.4,10,7.2,8.9,8.2,6.9,4.6,3.2,2.4,2.6,2.7,2.3
12,中山,2,一氧化碳,CO,ppm,2017-10-05,0.3,0.22,0.22,0.2,0.21,0.26,0.45,0.74,0.99,0.56,0.49,0.41,0.4,0.4,0.4,0.45,0.55,0.84,1.01,0.8,0.62,0.64,0.58,0.47
12,中山,3,臭氧,O3,ppb,2017-10-05,34,38,38,36,34,30,17,14,12,21,26,25,22,21,24,20,17,11,8.1,10,13,13,17,22
12,中山,4,懸浮微粒,PM10,μg/m3,2017-10-05,22,25,32,30,23,23,45,50,51,37,51,58,53,46,44,50,53,51,57,60,61,55,42,36
12,中山,5,氮氧化物,NOx,ppb,2017-10-05,11,7.6,7.4,8.4,9.2,12,29,39,49,35,29,29,33,32,29,34,37,49,52,44,35,33,28,23
12,中山,6,一氧化氮,NO,ppb,2017-10-05,0.8,2.4,2.3,1.8,2.1,2,6.2,12,19,12,9.5,9.7,12,11,9.4,11,12,16,18,13,8.5,8,5.9,4.3
12,中山,7,二氧化氮,NO2,ppb,2017-10-05,10,5.2,5.1,6.6,7.1,9.6,23,28,30,23,20,19,21,21,20,23,26,33,34,31,26,25,22,19
12,中山,8,總碳氫化合物,THC,ppm,2017-10-05,1.9,1.9,1.9,1.9,1.9,1.9,2,2,2.1,2,2,1.9,1.9,1.9,1.9,1.9,2,2.1,2.2,2.1,2,2,2,2
12,中山,9,非甲烷碳氫化合物,NMHC,ppm,2017-10-05,0.07,0.06,0.05,0.06,0.06,0.07,0.12,0.18,0.26,0.15,0.14,0.11,0.11,0.11,0.11,0.12,0.16,0.23,0.29,0.22,0.17,0.17,0.15,0.12
12,中山,10,風速,WIND_SPEED,m/sec,2017-10-05,0.9,1.1,0.9,0.9,1,1.1,0.7,0.8,1,1.3,1.5,1.2,1.2,1.1,1.1,1,1,1,1,1.1,0.8,1,1,0.8
12,中山,11,風向,WIND_DIREC,degrees,2017-10-05,247,246,254,253,253,244,259,241,248,239,251,232,224,214,216,233,237,229,252,252,241,231,253,236
12,中山,14,溫度,AMB_TEMP,℃,2017-10-05,25.9,25.9,26,26,26.2,26.3,26.3,27,28,29.5,30.7,32.4,33.4,33.1,32.8,31.7,30.2,29.3,28.6,28.4,28.3,28.1,28,27.9
12,中山,31,甲烷,CH4,ppm,2017-10-05,1.9,1.8,1.9,1.9,1.9,1.9,1.9,1.9,1.9,1.8,1.8,1.8,1.8,1.8,1.8,1.8,1.8,1.9,1.9,1.9,1.9,1.9,1.9,1.9
12,中山,33,細懸浮微粒,PM2.5,μg/m3,2017-10-05,4,1,10,12,14,8,3,4,4,10,8,5,6,8,15,21,22,14,10,15,16,23,14,17
12,中山,38,相對濕度,RH,percent,2017-10-05,89,88,87,87,86,86,88,84,81,75,68,61,58,59,61,64,70,75,80,81,83,84,85,86
12,中山,143,小時風速值,WS_HR,m/sec,2017-10-05,0.7,0.9,0.6,0.6,0.6,0.7,0.4,0.4,0.6,0.8,1,0.6,0.6,0.6,0.6,0.5,0.5,0.6,0.6,0.5,0.5,0.7,0.6,0.5
12,中山,144,小時風向值,WD_HR,degrees,2017-10-05,244,244,243,241,243,242,245,244,241,240,242,233,226,225,221,224,229,238,247,246,237,243,241,240
13,萬華,1,二氧化硫,SO2,ppb,2017-10-05,3.2,2.4,3.1,2.8,2.7,4.2,3.1,2.6,3.1,3.6,2.9,3.1,3,2.9,2.9,3.3,2.9,3.1,3.3,3.5,3.4,3.4,3.2,2.9
13,萬華,2,一氧化碳,CO,ppm,2017-10-05,0.3,0.22,0.21,0.19,0.22,0.25,0.46,1.07,1.18,0.71,0.55,0.56,0.58,0.53,0.54,0.55,0.61,0.83,1.02,0.92,0.75,0.83,0.67,0.49
13,萬華,3,臭氧,O3,ppb,2017-10-05,35,38,38,39,36,32,25,16,17,23,28,28,29,27,28,25,22,18,13,13,15,14,18,25
13,萬華,4,懸浮微粒,PM10,μg/m3,2017-10-05,27,27,25,32,34,32,31,35,38,43,41,42,38,38,41,44,46,45,47,44,43,41,44,40
13,萬華,5,氮氧化物,NOx,ppb,2017-10-05,11,11,9,7.6,9,14,29,54,59,48,36,36,36,32,34,37,41,51,53,55,44,46,36,23
13,萬華,6,一氧化氮,NO,ppb,2017-10-05,1.8,3.8,2.3,1.9,1.9,2.7,9.6,24,28,22,15,14,15,12,13,14,17,23,21,24,17,19,13,5.7
13,萬華,7,二氧化氮,NO2,ppb,2017-10-05,8.9,6.8,6.7,5.7,7.1,11,19,30,31,26,21,21,21,20,20,22,24,28,31,31,27,27,23,17
13,萬華,10,風速,WIND_SPEED,m/sec,2017-10-05,1.6,1.6,1.3,1.1,1.1,1.5,1.4,1.5,1.7,2.3,2.1,2,2.2,1.8,1.9,2.2,2.2,2.5,1.9,1.7,1.6,1.6,1.9,1.5
13,萬華,11,風向,WIND_DIREC,degrees,2017-10-05,204,159,151,183,102,204,187,190,191,201,206,210,197,214,199,205,211,201,187,192,197,210,213,210
13,萬華,14,溫度,AMB_TEMP,℃,2017-10-05,26.4,26.4,26.4,26.5,26.7,26.8,26.9,27.7,28.7,30,30.8,31.2,31.5,31.5,31.3,30.8,30.2,29.5,29.1,28.9,28.8,28.7,28.6,28.5
13,萬華,33,細懸浮微粒,PM2.5,μg/m3,2017-10-05,2,9,9,9,6,3,7,7,15,12,12,2,12,10,17,16,17,18,16,20,23,19,22,23
13,萬華,38,相對濕度,RH,percent,2017-10-05,84,84,84,83,82,82,82,79,76,70,65,63,63,63,63,66,68,72,75,77,78,79,80,81
13,萬華,143,小時風速值,WS_HR,m/sec,2017-10-05,0.7,0.8,0.5,0.4,0.4,0.6,0.9,1,1,1,1.3,1.2,1.2,1.1,1,1.6,1.6,1.3,1.3,1.2,1.3,1.3,1.1,1.2
13,萬華,144,小時風向值,WD_HR,degrees,2017-10-05,175,179,169,160,175,167,191,200,199,185,209,212,202,200,211,205,203,198,200,204,204,210,211,209
14,古亭,1,二氧化硫,SO2,ppb,2017-10-05,2.8,3.6,2.6,1.4,1.2,1.3,1.2,1.6,1.5,1.6,1.3,x,1.4,1.4,1.8,1.6,1.6,1.5,1.4,1.5,1.5,1.8,2.1,2.1
14,古亭,2,一氧化碳,CO,ppm,2017-10-05,0.2,0.14,0.13,0.12,0.14,0.15,0.23,0.42,0.47,0.33,0.27,x,0.28,0.28,0.28,0.27,0.31,0.44,0.51,0.44,0.38,0.42,0.42,0.31
14,古亭,3,臭氧,O3,ppb,2017-10-05,40,41,43,45,43,40,34,26,28,32,x,37,39,38,37,36,30,24,23,23,24,21,20,25
14,古亭,4,懸浮微粒,PM10,μg/m3,2017-10-05,18,17,11,24,23,30,22,24,26,35,,34,32,32,37,46,42,43,34,45,46,46,37,35
14,古亭,5,氮氧化物,NOx,ppb,2017-10-05,7.7,7.6,5.8,4.5,4.4,5.6,12,27,27,21,17,x,18,18,19,18,21,26,25,23,20,22,23,17
14,古亭,6,一氧化氮,NO,ppb,2017-10-05,2,0.7,0.8,0.6,0.8,0.8,1.3,5.9,7.3,5.7,4.2,x,4.2,4.2,4.4,3.8,3.7,4,4.3,2.8,2.3,2.7,3,2.1
14,古亭,7,二氧化氮,NO2,ppb,2017-10-05,5.7,6.9,5.1,3.8,3.5,4.8,11,21,19,15,12,x,14,14,15,15,17,22,21,20,18,20,20,15
14,古亭,8,總碳氫化合物,THC,ppm,2017-10-05,2,2,1.9,1.9,1.9,1.9,1.9,2,2,2,x,2,2,2,2,2,2,2,2,2,2,2,2.1,2
14,古亭,9,非甲烷碳氫化合物,NMHC,ppm,2017-10-05,0.02,0.02,0.02,0.01,0.01,0.02,0.04,0.1,0.11,0.08,x,0.07,0.07,0.08,0.09,0.09,0.11,0.13,0.14,0.13,0.1,0.12,0.12,0.1
14,古亭,10,風速,WIND_SPEED,m/sec,2017-10-05,2.9,3.1,2.3,3.1,2.8,3.2,2.7,3.3,3.7,3.8,4.2,3.6,4.2,3.9,4,4,3.7,4.1,3.6,3,3,3,3.1,2
14,古亭,11,風向,WIND_DIREC,degrees,2017-10-05,81,90,88,98,95,96,73,87,79,69,63,73,65,85,75,77,86,86,89,79,78,74,89,88
14,古亭,14,溫度,AMB_TEMP,℃,2017-10-05,25.6,25.5,25.5,25.7,25.9,25.9,26.1,26.9,27.9,29.2,29.6,30.2,30.8,31.1,31,30.6,30,29,28.3,28,27.9,27.9,27.7,27.6
14,古亭,31,甲烷,CH4,ppm,2017-10-05,1.9,2,1.9,1.9,1.9,1.9,1.9,1.9,1.9,1.9,x,2,1.9,1.9,1.9,1.9,1.9,1.9,1.9,1.9,1.9,1.9,1.9,1.9
14,古亭,33,細懸浮微粒,PM2.5,μg/m3,2017-10-05,9,11,12,11,10,7,7,2,9,10,,13,10,12,19,19,20,16,14,15,12,13,9,8
14,古亭,38,相對濕度,RH,percent,2017-10-05,86,87,86,84,83,85,84,81,77,70,68,66,64,63,64,65,67,72,75,78,79,79,82,83
14,古亭,143,小時風速值,WS_HR,m/sec,2017-10-05,2.9,2.5,2.3,2.6,2.2,2.8,2.5,2.5,3,3.3,3.7,3.3,3.8,3.4,3.8,3.9,3.3,3.4,3.1,2.6,2.8,2.9,2.8,2.4
14,古亭,144,小時風向值,WD_HR,degrees,2017-10-05,87,88,89,89,90,91,75,76,87,83,77,65,77,71,69,74,82,86,84,84,80,84,82,87
15,松山,1,二氧化硫,SO2,ppb,2017-10-05,2.9,3.7,2.6,1.7,1.9,2,1.9,2.4,2.4,2.6,2,2.1,2.2,2,2.4,2.4,2.5,2.7,2.1,2.3,2.5,2.3,2.1,2.3
15,松山,2,一氧化碳,CO,ppm,2017-10-05,0.19,0.16,0.15,0.14,0.14,0.15,0.26,0.5,0.61,0.34,0.26,0.22,0.21,0.22,0.22,0.24,0.28,0.37,0.48,0.43,0.45,0.4,0.33,0.29
15,松山,3,臭氧,O3,ppb,2017-10-05,37,39,40,42,41,37,29,16,18,30,35,38,39,38,37,34,28,25,20,20,18,21,26,29
15,松山,4,懸浮微粒,PM10,μg/m3,2017-10-05,22,20,22,9,17,19,25,17,18,30,28,29,23,26,32,27,42,44,46,32,28,35,35,32
15,松山,5,氮氧化物,NOx,ppb,2017-10-05,8.5,6.6,5.4,3.5,3.3,5.4,15,34,37,23,15,13,12,12,13,15,20,23,26,28,25,21,17,13
15,松山,6,一氧化氮,NO,ppb,2017-10-05,1.1,0.2,0.1,0.2,0,-0.1,1.1,7.5,9.6,6.2,2.9,2.3,2.3,2.2,2.7,2.6,3.4,2.7,3,3.9,2.9,1.5,1.3,0.4
15,松山,7,二氧化氮,NO2,ppb,2017-10-05,7.3,6.4,5.3,3.3,3.3,5.4,14,26,27,17,12,11,9.3,9.8,11,13,17,20,23,24,22,20,15,13
15,松山,8,總碳氫化合物,THC,ppm,2017-10-05,1.8,1.8,1.8,1.8,1.8,1.8,1.9,1.9,2,1.9,1.8,1.8,1.8,1.8,1.8,1.9,1.9,1.9,1.9,1.9,1.9,1.9,1.9,1.8
15,松山,9,非甲烷碳氫化合物,NMHC,ppm,2017-10-05,0.04,0.04,0.03,0.02,0.03,0.04,0.06,0.13,0.17,0.11,0.09,0.07,0.04,0.07,0.1,0.12,0.11,0.13,0.13,0.11,0.13,0.11,0.08,0.07
15,松山,10,風速,WIND_SPEED,m/sec,2017-10-05,1.9,1.5,1.5,1.9,1.8,1.6,1.1,1.4,2.1,3.4,3.2,3.5,3.9,3.5,3.5,3.4,2.9,2.8,2.5,1.8,1.9,1.6,2.1,1.8
15,松山,11,風向,WIND_DIREC,degrees,2017-10-05,52,70,59,60,53,58,84,56,50,42,39,48,46,44,41,48,44,44,58,65,57,47,55,51
15,松山,14,溫度,AMB_TEMP,℃,2017-10-05,24.8,24.7,24.7,24.9,25.1,25.1,25.3,25.9,26.6,28.3,29,29,29.5,29.6,29.5,29.3,28.8,28,27.6,27.4,27.3,27.3,27.2,27.1
15,松山,31,甲烷,CH4,ppm,2017-10-05,1.8,1.8,1.8,1.8,1.8,1.8,1.8,1.8,1.8,1.8,1.8,1.7,1.7,1.7,1.7,1.7,1.8,1.8,1.8,1.8,1.8,1.8,1.8,1.8
15,松山,33,細懸浮微粒,PM2.5,μg/m3,2017-10-05,5,1,4,4,7,1,9,8,18,13,12,7,19,25,25,14,21,20,21,15,14,13,16,16
15,松山,36,二氧化碳,CO2,ppm,2017-10-05,409,408,407,406,406,407,410,417,420,411,409,407,406,406,406,408,410,411,415,416,417,417,414,413
15,松山,38,相對濕度,RH,percent,2017-10-05,88,89,88,87,85,86,86,84,81,73,68,68,66,66,66,67,69,73,77,78,80,80,81,82
15,松山,143,小時風速值,WS_HR,m/sec,2017-10-05,1.5,1.4,1.3,1.4,1.6,1.3,1.3,1,1.4,2.4,2.8,3.1,3.2,3.3,3.4,3,2.7,2.5,2.2,1.6,1.4,1.4,1.6,1.4
15,松山,144,小時風向值,WD_HR,degrees,2017-10-05,58,65,66,64,59,63,66,65,53,50,44,48,45,45,50,47,51,48,50,58,52,46,55,53
16,大同,1,二氧化硫,SO2,ppb,2017-10-05,x,x,x,x,x,x,x,x,x,x,x,x,x,x,x,x,x,x,x,x,x,x,x,x
16,大同,2,一氧化碳,CO,ppm,2017-10-05,0.42,0.35,0.22,0.23,0.23,0.32,0.5,1.1,0.93,0.66,0.48,0.43,0.39,0.33,0.47,0.55,0.62,0.91,1.16,1.04,0.73,0.72,0.68,0.43
16,大同,4,懸浮微粒,PM10,μg/m3,2017-10-05,45,44,40,35,41,48,52,51,50,54,51,54,48,49,57,55,58,50,55,54,60,55,51,48
16,大同,5,氮氧化物,NOx,ppb,2017-10-05,14,12,7,9.6,9.1,16,42,72,76,59,36,36,31,34,36,48,52,64,65,61,48,42,37,22
16,大同,6,一氧化氮,NO,ppb,2017-10-05,4.7,3.1,1.5,2.4,2.3,4.8,17,40,44,32,16,16,13,14,16,22,23,29,33,30,21,17,14,6.2
16,大同,7,二氧化氮,NO2,ppb,2017-10-05,9.7,9,5.5,7.2,6.8,11,25,32,33,27,20,20,18,19,20,25,29,34,32,31,27,25,23,16
16,大同,8,總碳氫化合物,THC,ppm,2017-10-05,1.9,1.9,1.9,1.9,1.9,2,2,2.2,2.1,2.1,2,2,1.9,1.9,2,2,2,2.1,2.2,2.2,2.1,2.1,2,2
16,大同,9,非甲烷碳氫化合物,NMHC,ppm,2017-10-05,0.08,0.07,0.03,0.04,0.04,0.07,0.12,0.31,0.27,0.2,0.15,0.13,0.11,0.09,0.14,0.17,0.2,0.28,0.35,0.32,0.2,0.21,0.18,0.1
16,大同,31,甲烷,CH4,ppm,2017-10-05,1.9,1.9,1.9,1.9,1.9,1.9,1.9,1.9,1.9,1.8,1.8,1.8,1.8,1.8,1.8,1.8,1.8,1.9,1.9,1.9,1.9,1.9,1.9,1.9
16,大同,33,細懸浮微粒,PM2.5,μg/m3,2017-10-05,13,8,8,6,7,4,6,11,10,13,9,15,10,13,12,15,14,12,6,14,11,16,14,14
17,桃園,1,二氧化硫,SO2,ppb,2017-10-05,3.8,3.4,3.8,4.6,5.4,5.5,8.2,6.7,4.9,3.7,3.3,3,3.4,3.5,4.5,4.5,4.1,4.4,4,3.9,4.5,3.9,4.1,5
17,桃園,2,一氧化碳,CO,ppm,2017-10-05,0.21,0.2,0.17,0.16,0.18,0.22,0.31,0.58,0.51,0.42,0.34,0.31,0.3,0.27,0.3,0.32,0.35,0.47,0.57,0.55,0.5,0.46,0.39,0.33
17,桃園,3,臭氧,O3,ppb,2017-10-05,37,39,40,40,38,35,29,23,26,34,36,39,42,41,36,34,30,24,20,20,21,22,25,27
17,桃園,4,懸浮微粒,PM10,μg/m3,2017-10-05,18,24,22,29,27,30,34,35,36,34,40,39,42,35,39,39,43,44,x,40,43,42,39,33
17,桃園,5,氮氧化物,NOx,ppb,2017-10-05,9,5.6,5,4.9,6,8.1,15,30,26,18,17,15,13,12,17,17,19,22,23,22,20,18,14,12
17,桃園,6,一氧化氮,NO,ppb,2017-10-05,1,0.1,0.2,0,-0.1,0.2,1.3,7.7,6.2,3.3,2.9,2.7,2,1.7,3.5,2.5,2.3,1.7,2.1,1.8,1.2,1,0.3,0.4
17,桃園,7,二氧化氮,NO2,ppb,2017-10-05,8.1,5.6,4.8,4.9,6.1,8,14,22,19,15,14,13,11,9.8,14,14,17,20,21,20,19,17,14,12
17,桃園,8,總碳氫化合物,THC,ppm,2017-10-05,1.9,2,1.9,1.9,1.9,2,2,2.1,2,2.1,2,2,2,2,2,2,2,2.1,2.1,2.1,2.1,2,2,2
17,桃園,9,非甲烷碳氫化合物,NMHC,ppm,2017-10-05,0.03,0.03,0.02,0.02,0.02,0.03,0.05,0.13,0.12,0.14,0.11,0.1,0.09,0.07,0.09,0.1,0.11,0.14,0.15,0.14,0.13,0.11,0.08,0.07
17,桃園,10,風速,WIND_SPEED,m/sec,2017-10-05,2.2,1.4,1.7,1.7,1.6,2.3,2.7,2.4,3.2,3.3,2.8,2.9,2.9,3.4,3.6,3.1,2.7,2.7,2,2.6,2.4,2.5,2.7,2.3
17,桃園,11,風向,WIND_DIREC,degrees,2017-10-05,69,78,86,73,73,85,75,73,90,85,79,75,73,77,84,72,82,87,77,87,80,77,88,74
17,桃園,14,溫度,AMB_TEMP,℃,2017-10-05,25.4,25.3,25.3,25.2,25.4,25.4,25.6,26.4,27.6,29.7,30.4,31.5,32.6,32.7,32.4,31.5,30.3,28.5,27.7,27.3,27.2,27,26.9,26.9
17,桃園,31,甲烷,CH4,ppm,2017-10-05,1.9,1.9,1.9,1.9,1.9,1.9,1.9,1.9,1.9,1.9,1.9,1.9,1.9,1.9,1.9,1.9,1.9,1.9,1.9,1.9,1.9,1.9,1.9,1.9
17,桃園,33,細懸浮微粒,PM2.5,μg/m3,2017-10-05,5,1,4,10,15,12,15,10,18,14,30,30,19,6,x,x,x,17,13,10,12,13,x,7
17,桃園,38,相對濕度,RH,percent,2017-10-05,84,85,84,84,83,83,83,81,76,68,65,62,59,59,60,62,67,73,76,79,80,82,83,83
17,桃園,143,小時風速值,WS_HR,m/sec,2017-10-05,1.7,1.5,1.6,1.4,1.2,1.4,1.9,1.9,2.1,2.3,2.4,2.5,2.6,2.5,2.5,2.7,2.5,2.3,2,2.1,1.9,1.9,2.1,1.9
17,桃園,144,小時風向值,WD_HR,degrees,2017-10-05,83,74,87,82,71,75,77,75,77,78,74,72,78,73,74,76,81,87,78,81,79,80,83,83
18,大園,1,二氧化硫,SO2,ppb,2017-10-05,3.5,3.2,3.1,2.8,3,3,2.9,3.5,4.2,5,7.1,6.2,5.4,4.3,5,6.7,7.1,6.4,6.4,6,7.3,4.3,5,5.6
18,大園,2,一氧化碳,CO,ppm,2017-10-05,0.22,0.14,0.14,0.14,0.14,0.15,0.18,0.25,0.24,0.23,0.22,0.21,0.18,0.17,0.18,0.19,0.21,0.24,0.24,0.22,0.26,0.23,0.19,0.22
18,大園,3,臭氧,O3,ppb,2017-10-05,39,43,43,41,40,39,34,28,30,33,34,34,37,38,37,33,28,27,26,25,24,26,27,26
18,大園,4,懸浮微粒,PM10,μg/m3,2017-10-05,41,33,30,35,37,41,33,37,40,44,53,55,55,47,48,49,54,49,47,42,49,40,37,31
18,大園,5,氮氧化物,NOx,ppb,2017-10-05,15,11,9.4,9.7,10,13,17,25,26,27,27,26,18,16,18,23,25,23,21,21,22,20,16,17
18,大園,6,一氧化氮,NO,ppb,2017-10-05,0.9,0.5,0.4,0.5,0.4,0.6,1.9,5.2,5.3,5.9,6.1,6.5,3.5,3.2,3.9,5,4.9,3.5,2.4,2.2,2.1,2,1.3,0.7
18,大園,7,二氧化氮,NO2,ppb,2017-10-05,14,10,9,9.1,10,12,15,19,21,21,21,20,14,13,14,17,20,20,19,19,19,18,14,16
18,大園,10,風速,WIND_SPEED,m/sec,2017-10-05,6.2,6,5,0.7,0.7,0.7,0.7,4.6,5.7,6.6,6.3,7.1,8.3,9.1,7.6,6.2,5.8,5.9,5.7,5.2,5.1,5.2,4.4,4.4
18,大園,11,風向,WIND_DIREC,degrees,2017-10-05,39,44,52,48,48,50,45,54,48,40,42,35,33,28,30,31,54,52,51,51,50,50,54,50
18,大園,14,溫度,AMB_TEMP,℃,2017-10-05,26.4,26.6,26.6,26.4,26.6,26.8,26.9,28.1,29.2,30.3,30.5,31.8,31.3,30.9,31,30.9,30.3,29.5,28.8,28.7,28.5,28.4,28.3,28.3
18,大園,33,細懸浮微粒,PM2.5,μg/m3,2017-10-05,17,12,12,11,11,5,4,9,9,12,10,11,7,5,11,12,21,19,17,12,12,17,18,13
18,大園,38,相對濕度,RH,percent,2017-10-05,78,77,76,78,77,77,76,70,67,64,64,57,58,60,61,61,62,62,66,67,70,72,73,73
18,大園,143,小時風速值,WS_HR,m/sec,2017-10-05,6,5.9,5.6,0.9,0.7,0.7,0.7,3.4,4.8,5.5,6.7,6,7.2,8.9,7.7,6.4,5.8,5.3,5.5,4.8,4.4,4.2,4.6,4.3
18,大園,144,小時風向值,WD_HR,degrees,2017-10-05,44,46,50,52,53,47,49,48,43,43,36,43,30,24,26,28,40,54,51,50,48,43,53,54
19,觀音,1,二氧化硫,SO2,ppb,2017-10-05,2.3,3,3.3,4.6,4.3,3.6,5,4.6,4.9,5.8,5.6,5.3,5,5.5,6.1,5.9,6,6.5,5.2,4.5,6.4,4.8,7.6,9.5
19,觀音,2,一氧化碳,CO,ppm,2017-10-05,0.16,0.19,0.19,0.21,0.2,0.2,0.24,0.25,0.23,0.23,0.2,0.22,0.21,0.22,0.22,0.22,0.22,0.26,0.25,0.22,0.22,0.21,0.23,0.25
19,觀音,3,臭氧,O3,ppb,2017-10-05,37,39,36,31,33,32,30,28,36,38,39,40,39,38,38,34,31,30,29,31,21,26,18,15
19,觀音,4,懸浮微粒,PM10,μg/m3,2017-10-05,38,33,42,44,49,42,46,41,43,42,49,58,62,60,60,59,64,55,52,46,56,52,55,45
19,觀音,5,氮氧化物,NOx,ppb,2017-10-05,11,9.3,13,16,15,15,17,21,13,12,11,11,9.9,10,10,13,13,15,15,13,20,15,23,26
19,觀音,6,一氧化氮,NO,ppb,2017-10-05,0.7,0.2,0.2,0.3,0.3,0.3,1.2,3.7,2.4,1.8,2.1,1.9,1.7,1.9,1.8,2,1.7,1.1,0.7,0.4,0.7,0.6,0.9,1.4
19,觀音,7,二氧化氮,NO2,ppb,2017-10-05,11,9.1,12,16,15,14,16,17,11,11,9.1,9.1,8.3,8.6,8.5,11,11,14,14,13,20,15,22,24
19,觀音,10,風速,WIND_SPEED,m/sec,2017-10-05,6.3,6,6.8,5,5.6,5.8,5,5.3,7.6,9.1,8,9.3,8.9,7.1,8.2,7.7,6.5,5.7,5.2,4.7,4.7,5.8,4.3,4
19,觀音,11,風向,WIND_DIREC,degrees,2017-10-05,66,81,84,74,79,81,74,78,67,51,61,50,52,60,52,50,61,63,63,68,76,70,77,69
19,觀音,14,溫度,AMB_TEMP,℃,2017-10-05,26,26.1,26,25.9,26,26.1,26.3,27.2,28.1,28.7,28.9,29.3,29.6,29.5,29.3,29.1,28.5,28,27.8,27.7,27.6,27.7,27.6,27.6
19,觀音,21,酸雨,PH_RAIN,pH,2017-10-05,0,0,0,0,0,0,0,0,0,0,0,0,0,0,0,0,0,0,0,0,0,0,0,0
19,觀音,22,導電度,RAIN_COND,μmho/cm,2017-10-05,0,0,0,0,0,0,0,0,0,0,0,0,0,0,0,0,0,0,0,0,0,0,0,0
19,觀音,32,降雨強度,RAIN_INT,㎜,2017-10-05,0,0,0,0,0,0,0,0,0,0,0,0,0,0,0,0,0,0,0,0,0,0,0,0
19,觀音,33,細懸浮微粒,PM2.5,μg/m3,2017-10-05,13,12,16,10,12,14,11,15,14,14,13,16,13,13,14,18,17,14,17,13,19,15,14,21
19,觀音,38,相對濕度,RH,percent,2017-10-05,77,77,76,77,78,79,78,75,72,72,73,71,69,68,69,71,74,73,74,76,76,78,78,77
19,觀音,143,小時風速值,WS_HR,m/sec,2017-10-05,5.6,5.6,5.6,5.3,5,5.1,5.2,4.7,5.9,6.8,7.8,8.4,8,7.4,7.2,7.1,6.6,5,4.7,4.4,4.3,4.7,4.6,4
19,觀音,144,小時風向值,WD_HR,degrees,2017-10-05,74,77,76,79,77,76,79,74,69,62,56,51,50,54,54,49,55,64,68,71,71,71,78,77
20,平鎮,1,二氧化硫,SO2,ppb,2017-10-05,1.6,1.6,1.4,3,2.3,2.6,5.4,3.8,2.7,1.6,1.5,1.2,1.2,1.5,1.7,2.2,1.8,2,1.7,1.6,1.8,1.5,1.5,1.5
20,平鎮,2,一氧化碳,CO,ppm,2017-10-05,0.18,0.19,0.19,0.18,0.18,0.2,0.26,0.4,0.41,0.35,0.3,0.29,0.29,0.28,0.28,0.3,0.33,0.44,0.51,0.46,0.38,0.39,0.4,0.31
20,平鎮,3,臭氧,O3,ppb,2017-10-05,39,41,42,42,42,39,34,34,37,41,43,47,48,48,46,41,35,28,24,25,27,27,25,27
20,平鎮,4,懸浮微粒,PM10,μg/m3,2017-10-05,30,22,22,22,31,32,33,35,33,40,49,51,54,51,49,42,38,42,48,46,43,37,37,37
20,平鎮,5,氮氧化物,NOx,ppb,2017-10-05,7.9,6.5,5.8,6.6,6.5,7.3,12,15,16,14,13,12,11,10,12,16,15,19,20,17,14,15,15,12
20,平鎮,6,一氧化氮,NO,ppb,2017-10-05,0.7,0.7,0.6,0.5,0.5,0.6,0.9,2.3,3,2.9,2.2,2,1.8,1.3,1.9,2.8,1.9,1.2,0.9,0.6,0.8,0.9,0.5,0.5
20,平鎮,7,二氧化氮,NO2,ppb,2017-10-05,7.2,5.7,5.3,6.1,5.9,6.7,11,13,13,11,11,9.9,8.9,9.2,10,13,13,18,19,16,14,14,14,11
20,平鎮,10,風速,WIND_SPEED,m/sec,2017-10-05,4.4,3.6,3.8,3.5,4,3.2,4,4,5.1,5.4,4.9,5.7,4.3,4.8,4.7,3.8,4.4,3.8,3.7,3.1,2.6,3.4,3.1,2.3
20,平鎮,11,風向,WIND_DIREC,degrees,2017-10-05,55,53,61,54,52,62,45,52,42,59,44,93,65,57,45,60,63,54,51,54,74,57,83,53
20,平鎮,14,溫度,AMB_TEMP,℃,2017-10-05,25.4,25.3,25.2,25.1,25.2,25.3,25.5,26.2,27.3,28.6,29.7,30.5,31,31.2,31,30.6,29.8,28.7,27.9,27.6,27.5,27.4,27.2,27.1
20,平鎮,33,細懸浮微粒,PM2.5,μg/m3,2017-10-05,1,1,1,7,7,5,1,10,12,16,7,10,6,9,13,19,15,8,1,9,12,16,9,14
20,平鎮,38,相對濕度,RH,percent,2017-10-05,81,81,81,81,81,81,80,78,74,68,64,62,61,60,61,63,65,69,71,72,73,75,77,78
20,平鎮,143,小時風速值,WS_HR,m/sec,2017-10-05,2.9,2.7,2.9,2.7,3.2,2.9,3,3.5,4.6,4.3,3.9,3.9,3.8,4,4.2,3.6,3.5,3.3,3.4,2.6,2.6,2.5,2.4,2.1
20,平鎮,144,小時風向值,WD_HR,degrees,2017-10-05,64,57,63,62,53,56,52,51,49,56,56,65,64,57,47,54,53,49,51,51,68,61,65,68
21,龍潭,1,二氧化硫,SO2,ppb,2017-10-05,0.6,3.5,3.7,1.7,1.9,1.9,2,2.3,2.2,2,2,1.9,1.9,1.7,1.9,2.1,2,2.2,2.2,2.2,1.8,2,2,2
21,龍潭,2,一氧化碳,CO,ppm,2017-10-05,0.18,0.12,0.1,0.11,0.12,0.14,0.17,0.29,0.29,0.25,0.21,0.19,0.2,0.17,0.17,0.2,0.23,0.29,0.39,0.37,0.31,0.36,0.28,0.23
21,龍潭,3,臭氧,O3,ppb,2017-10-05,42,42,44,45,44,41,38,33,35,39,42,43,42,41,42,39,34,28,23,24,26,23,25,26
21,龍潭,4,懸浮微粒,PM10,μg/m3,2017-10-05,28,30,36,46,45,38,36,37,37,40,43,50,44,46,36,38,36,45,38,37,34,41,41,36
21,龍潭,5,氮氧化物,NOx,ppb,2017-10-05,4,3.5,4,2.6,3.4,4,6.8,13,13,11,8,7.2,6.7,6.5,7,9.2,11,14,17,16,12,15,12,9.9
21,龍潭,6,一氧化氮,NO,ppb,2017-10-05,0.9,0.2,0.4,0.4,0.5,0.4,0.8,2.1,2.7,2.7,1.7,1.7,1.6,1.6,1.7,1.9,1.9,1.7,1.7,1.7,1.4,1.3,1,0.7
21,龍潭,7,二氧化氮,NO2,ppb,2017-10-05,3.1,3.3,3.6,2.2,3,3.6,6,11,9.9,8.3,6.3,5.5,5.1,4.9,5.4,7.3,8.9,12,15,14,11,13,11,9.2
21,龍潭,10,風速,WIND_SPEED,m/sec,2017-10-05,5.2,5.8,5.3,5.6,5.2,5.8,5.6,5.1,6.2,6.7,6.9,6.2,5.3,5,4.4,4.9,5.4,5.1,3.2,2.9,2.4,2.2,1.7,2
21,龍潭,11,風向,WIND_DIREC,degrees,2017-10-05,61,70,68,68,65,53,65,64,64,65,67,64,65,59,58,60,61,69,61,71,68,57,61,72
21,龍潭,14,溫度,AMB_TEMP,℃,2017-10-05,25.6,25.4,25.1,25,25.3,25.5,25.8,26.2,27.5,29.1,29.8,30.8,31.8,32.4,32.3,31.7,30.7,29.3,28.4,27.9,27.7,27.6,27.4,27.3
21,龍潭,33,細懸浮微粒,PM2.5,μg/m3,2017-10-05,6,9,5,5,5,11,15,12,12,9,13,12,18,14,14,13,13,10,10,8,12,12,16,20
21,龍潭,38,相對濕度,RH,percent,2017-10-05,80,83,84,84,82,81,81,78,73,66,63,59,56,54,54,56,60,64,68,70,71,74,75,76
21,龍潭,143,小時風速值,WS_HR,m/sec,2017-10-05,5,5.3,5.2,5.1,4.6,5,4.9,4.7,5.9,6.1,6.3,5.9,5.2,5,4.9,4.8,5,4.9,3.7,3.2,2.6,1.9,2.2,1.7
21,龍潭,144,小時風向值,WD_HR,degrees,2017-10-05,67,64,68,69,66,59,57,62,64,65,62,64,65,63,61,59,62,68,65,69,69,65,67,69
22,湖口,1,二氧化硫,SO2,ppb,2017-10-05,2,1.4,1.6,1.8,1.5,2,2.2,2.8,2.7,1.9,1.1,0.9,1.1,1.2,2.5,2,1.4,1.4,2,1.5,1,1,0.7,0.6
22,湖口,2,一氧化碳,CO,ppm,2017-10-05,0.16,0.13,0.12,0.14,0.13,0.16,0.2,0.25,0.23,0.24,0.23,0.22,0.22,0.2,0.21,0.22,0.26,0.31,0.34,0.36,0.38,0.33,0.31,0.3
22,湖口,3,臭氧,O3,ppb,2017-10-05,43,43,43,40,40,35,34,36,40,43,47,53,57,56,52,47,39,30,25,24,23,24,24,25
22,湖口,4,懸浮微粒,PM10,μg/m3,2017-10-05,26,28,29,22,25,31,31,33,39,49,49,41,36,37,41,45,45,42,45,42,38,40,41,36
22,湖口,5,氮氧化物,NOx,ppb,2017-10-05,3.7,1.5,2.5,3.3,3.4,5,8.4,9.8,9,8.5,8.3,7.4,6.6,5.6,6.9,8.5,10,13,15,14,14,14,12,11
22,湖口,6,一氧化氮,NO,ppb,2017-10-05,1,0.2,0.4,0.5,0.6,0.6,1,2,2.2,2.1,1.8,1.5,1.2,1,1.3,1.6,1.3,1,0.9,0.8,0.8,0.7,0.7,0.6
22,湖口,7,二氧化氮,NO2,ppb,2017-10-05,2.7,1.3,2.1,2.8,2.8,4.4,7.5,7.8,6.8,6.4,6.5,5.9,5.3,4.6,5.6,6.9,8.7,12,14,13,14,13,11,10
22,湖口,10,風速,WIND_SPEED,m/sec,2017-10-05,5.5,5.6,4.1,5.5,4.4,5.5,6.4,6.7,6.9,6.8,6.7,6.3,6.5,5.7,4.3,5.2,5.4,4,4.4,4,2.8,2.9,2.9,2.6
22,湖口,11,風向,WIND_DIREC,degrees,2017-10-05,49,48,48,54,46,51,46,55,56,59,60,54,52,53,54,49,52,48,53,53,58,49,55,60
22,湖口,14,溫度,AMB_TEMP,℃,2017-10-05,25.2,25.1,25,25,24.8,24.9,25.4,26.7,28.1,29.9,30.9,32.3,33.4,33.7,33.5,32.8,31.5,29.8,28.7,28.1,27.7,27.6,27.4,27.3
22,湖口,33,細懸浮微粒,PM2.5,μg/m3,2017-10-05,8,7,7,8,10,10,11,11,11,7,8,6,6,13,15,12,11,15,19,18,15,11,14,16
22,湖口,38,相對濕度,RH,percent,2017-10-05,81,81,81,82,82,82,81,76,71,65,62,58,56,55,56,58,61,66,70,73,75,76,77,77
22,湖口,143,小時風速值,WS_HR,m/sec,2017-10-05,5.4,5.2,4.9,4.3,4.9,4.5,5.5,6.5,6.8,6.4,5.8,5.7,5.3,5.3,4.9,4.8,4.9,4.6,4.3,4.2,3.3,2.7,2.9,2.6
22,湖口,144,小時風向值,WD_HR,degrees,2017-10-05,50,47,50,51,51,49,47,51,55,58,58,55,54,52,50,54,50,52,50,53,53,53,57,60
23,竹東,1,二氧化硫,SO2,ppb,2017-10-05,1,1,1,1.1,0.9,0.9,1.1,1.3,2,1.7,1.9,1.9,1.3,1.3,1.4,1.5,1.8,1.7,1.5,1.7,1.9,2.2,2.4,2.5
23,竹東,2,一氧化碳,CO,ppm,2017-10-05,0.17,0.15,0.15,0.15,0.14,0.16,0.22,0.25,0.25,0.26,0.24,0.19,0.18,0.18,0.2,0.21,0.26,0.31,0.31,0.28,0.34,0.32,0.28,0.25
23,竹東,3,臭氧,O3,ppb,2017-10-05,39,38,38,32,38,37,35,31,31,33,33,42,45,47,44,42,36,26,22,23,20,17,15,17
23,竹東,4,懸浮微粒,PM10,μg/m3,2017-10-05,15,20,18,13,14,18,22,25,27,30,30,30,33,31,32,40,44,40,35,36,34,32,32,33
23,竹東,5,氮氧化物,NOx,ppb,2017-10-05,3.8,3.3,3.7,4.1,3.7,4.5,5.9,9.8,11,10,8.7,6.6,5.4,7.1,8.6,10,12,14,13,13,12,11,10,9.1
23,竹東,6,一氧化氮,NO,ppb,2017-10-05,1.8,1.1,1,1.3,1,1,1.3,2.3,2.3,1.7,1.8,1.6,1.1,1.4,2.1,1.7,1.9,1.4,1.3,1.3,0.8,1,1.4,1.7
23,竹東,7,二氧化氮,NO2,ppb,2017-10-05,2,2.2,2.7,2.8,2.7,3.5,4.6,7.5,8.9,8.3,6.9,5,4.2,5.7,6.5,8.6,10,13,12,11,11,9.9,9,7.3
23,竹東,10,風速,WIND_SPEED,m/sec,2017-10-05,2.3,1.5,1.2,1,2.5,1.3,1.4,1.1,3.1,1.7,1,1.5,2.7,2.2,2.6,2,2,1.6,1,1.1,1.7,0.7,1.3,1.5
23,竹東,11,風向,WIND_DIREC,degrees,2017-10-05,61,121,145,62,71,123,82,177,69,90,88,54,347,360,358,3.6,351,47,314,83,131,117,135,118
23,竹東,14,溫度,AMB_TEMP,℃,2017-10-05,25.9,25.8,25.6,25.4,25.2,25.3,25.5,26,27.5,28.2,29.3,31.6,33.5,33.2,33.2,32.7,32.1,30.6,29.6,28.7,28,27.3,27,26.6
23,竹東,33,細懸浮微粒,PM2.5,μg/m3,2017-10-05,9,11,10,8,10,11,7,7,7,12,16,13,11,16,12,12,18,15,12,13,13,12,13,17
23,竹東,38,相對濕度,RH,percent,2017-10-05,81,80,82,83,84,84,83,82,77,73,70,62,53,54,54,56,58,63,66,69,71,76,78,79
23,竹東,143,小時風速值,WS_HR,m/sec,2017-10-05,1.7,0.9,0.7,0.6,1.5,1.1,0.8,0.9,1.8,1.3,0.9,1.2,0.8,2.1,2.2,1.7,1.7,0.9,0.5,0.6,1,0.8,0.6,1.3
23,竹東,144,小時風向值,WD_HR,degrees,2017-10-05,73,105,103,104,70,100,112,81,73,89,96,71,11,359,358,7.3,358,350,28,71,121,112,117,129
24,新竹,1,二氧化硫,SO2,ppb,2017-10-05,3.2,1.9,2,3.1,3.3,3.3,3.3,3.4,2.1,1.5,1.4,1.2,1.3,1.5,1.9,2.7,2.6,2.3,2.2,2.7,1.9,2,2.2,1.2
24,新竹,2,一氧化碳,CO,ppm,2017-10-05,0.14,0.21,0.21,0.18,0.19,0.22,0.23,0.34,0.38,0.32,0.31,0.27,0.26,0.28,0.31,0.35,0.38,0.44,0.54,0.5,0.42,0.42,0.4,0.34
24,新竹,3,臭氧,O3,ppb,2017-10-05,38,38,40,41,41,39,36,33,37,43,43,49,55,58,57,51,39,27,19,18,23,23,20,21
24,新竹,4,懸浮微粒,PM10,μg/m3,2017-10-05,21,21,21,22,24,29,28,28,35,39,40,35,26,33,42,42,45,50,45,39,34,32,30,28
24,新竹,5,氮氧化物,NOx,ppb,2017-10-05,7.1,6.2,5.4,5.3,5.4,5.9,8,13,13,10,9.4,7.2,6.3,8.1,10,14,18,20,23,22,15,14,15,13
24,新竹,6,一氧化氮,NO,ppb,2017-10-05,0.5,0.2,0.3,0.4,0.2,0.2,0.4,1.7,2.4,2,1.5,1.1,1,1,1,1.3,1.9,1.1,0.9,1.1,0.8,0.6,0.5,0.3
24,新竹,7,二氧化氮,NO2,ppb,2017-10-05,6.6,6,5.1,4.9,5.2,5.7,7.6,12,11,8.4,8,6.2,5.3,7.1,9.1,12,16,19,22,21,14,14,14,12
24,新竹,8,總碳氫化合物,THC,ppm,2017-10-05,1.9,1.9,1.9,1.8,1.8,1.8,1.8,1.9,1.9,1.9,1.9,1.9,1.8,1.9,1.9,2,2,2.1,2.1,2,2,2,1.9,2
24,新竹,9,非甲烷碳氫化合物,NMHC,ppm,2017-10-05,0.04,0.05,0.03,0.02,0.03,0.04,0.04,0.07,0.08,0.08,0.08,0.07,0.06,0.09,0.13,0.16,0.19,0.22,0.23,0.19,0.13,0.12,0.11,0.16
24,新竹,10,風速,WIND_SPEED,m/sec,2017-10-05,4,3.3,3.3,2.8,3.9,3,2.2,3.4,3.4,4,2.5,2.9,2.7,3.5,4,3.5,3.3,2.8,2,2.1,1.8,2.1,1,1.4
24,新竹,11,風向,WIND_DIREC,degrees,2017-10-05,43,62,56,62,62,67,47,58,50,60,83,66,59,45,40,45,46,56,51,61,46,73,69,49
24,新竹,14,溫度,AMB_TEMP,℃,2017-10-05,26.4,26.1,26.2,26.2,26.2,26.3,26.6,27.4,29,30.5,30.7,32.3,33.1,33.7,33.2,32.7,31.7,30.6,29.8,29.2,28.8,28.4,28.2,27.9
24,新竹,31,甲烷,CH4,ppm,2017-10-05,1.8,1.8,1.8,1.8,1.8,1.8,1.8,1.8,1.8,1.8,1.8,1.8,1.8,1.8,1.8,1.8,1.8,1.8,1.9,1.9,1.8,1.8,1.8,1.8
24,新竹,33,細懸浮微粒,PM2.5,μg/m3,2017-10-05,12,11,5,8,12,9,11,10,11,12,9,8,13,13,10,17,22,18,13,14,14,10,11,18
24,新竹,38,相對濕度,RH,percent,2017-10-05,76,77,76,75,75,75,75,71,65,60,59,54,51,51,53,55,58,62,64,65,66,68,70,71
24,新竹,143,小時風速值,WS_HR,m/sec,2017-10-05,2.9,2.9,2.6,2.4,2.9,2.6,1.7,2.4,2.5,3.1,2.4,2.1,2.1,2.3,3.5,3.1,3,2.3,1.9,1.9,1.7,1.6,1.4,1
24,新竹,144,小時風向值,WD_HR,degrees,2017-10-05,56,54,64,62,64,64,59,60,59,61,75,66,58,46,43,45,43,44,51,59,62,59,78,64
25,頭份,1,二氧化硫,SO2,ppb,2017-10-05,1.4,1.7,2.2,2.2,1.6,1.6,1.4,1.7,1.9,1.7,1.6,2,1.5,1.5,2.4,3.2,3.8,2.2,2.3,2.5,2.8,2.8,2.8,2.7
25,頭份,2,一氧化碳,CO,ppm,2017-10-05,0.16,0.16,0.16,0.16,0.16,0.17,0.22,0.32,0.37,0.32,0.25,0.25,0.22,0.23,0.25,0.28,0.34,0.34,0.37,0.38,0.37,0.38,0.34,0.31
25,頭份,3,臭氧,O3,ppb,2017-10-05,40,41,40,39,39,40,36,36,38,41,48,58,64,67,63,59,48,37,25,21,21,15,15,15
25,頭份,4,懸浮微粒,PM10,μg/m3,2017-10-05,23,26,26,27,24,24,31,32,31,32,33,37,35,36,44,47,49,46,44,42,42,42,36,34
25,頭份,5,氮氧化物,NOx,ppb,2017-10-05,13,13,12,15,16,14,14,17,14,10,9.5,9,6.6,7.6,11,14,17,16,23,23,22,28,25,15
25,頭份,6,一氧化氮,NO,ppb,2017-10-05,1.4,0.8,0.7,0.7,0.6,0.6,1.1,2.6,2.6,2.1,1.9,1.2,0.8,0.9,1.3,1.3,1.5,1.1,0.9,0.8,0.5,0.8,0.9,0.6
25,頭份,7,二氧化氮,NO2,ppb,2017-10-05,11,12,12,14,15,14,13,14,11,8.3,7.6,7.8,5.8,6.7,9.2,13,15,14,23,23,22,27,24,15
25,頭份,8,總碳氫化合物,THC,ppm,2017-10-05,1.9,1.8,1.9,1.9,1.9,1.9,1.9,1.9,1.9,1.9,1.9,1.9,1.8,1.9,1.9,2,2,2,2,2,2,2,2,2
25,頭份,9,非甲烷碳氫化合物,NMHC,ppm,2017-10-05,0.03,0.02,0.03,0.04,0.04,0.04,0.05,0.08,0.06,0.05,0.05,0.05,0.05,0.05,0.09,0.13,0.19,0.14,0.15,0.15,0.15,0.17,0.15,0.1
25,頭份,10,風速,WIND_SPEED,m/sec,2017-10-05,3.8,3,3.1,2.6,3,2.4,2.7,3.9,3.2,2.8,2.4,2,2.2,3.1,3.3,2.6,2.4,2.2,2.6,2.5,1.8,1.5,1.6,1.3
25,頭份,11,風向,WIND_DIREC,degrees,2017-10-05,61,70,74,70,74,87,73,70,92,124,86,87,31,6.8,28,37,52,61,65,70,76,89,90,64
25,頭份,14,溫度,AMB_TEMP,℃,2017-10-05,26.1,26.1,25.9,25.7,25.5,25.7,26,27.1,28.5,29.8,30.9,32.2,33.3,33.7,33.7,33.1,32.4,31,29.9,29.2,28.6,28,27.6,27.1
25,頭份,31,甲烷,CH4,ppm,2017-10-05,1.8,1.8,1.8,1.8,1.8,1.8,1.8,1.8,1.8,1.8,1.8,1.8,1.8,1.8,1.8,1.8,1.9,1.8,1.9,1.9,1.9,1.9,1.9,1.9
25,頭份,33,細懸浮微粒,PM2.5,μg/m3,2017-10-05,12,13,16,18,16,16,18,16,15,17,20,21,19,20,25,23,20,20,20,20,25,25,24,21
25,頭份,38,相對濕度,RH,percent,2017-10-05,80,80,82,83,83,82,81,77,72,66,63,58,54,54,55,57,60,63,67,69,71,74,76,77
25,頭份,143,小時風速值,WS_HR,m/sec,2017-10-05,2.5,2.8,2.5,2.1,2.2,2.3,2,2.5,2.5,2.5,2,1.7,1.8,1.8,2.9,2.6,1.9,2,1.9,1.8,1.8,1.5,1.3,1.2
25,頭份,144,小時風向值,WD_HR,degrees,2017-10-05,70,73,74,76,75,81,76,68,79,106,104,96,79,5.5,15,22,38,57,67,66,71,81,82,81
26,苗栗,1,二氧化硫,SO2,ppb,2017-10-05,1.6,2.7,2.2,2.1,3,1.5,2,1.7,1.6,1.6,1.5,2.1,2.7,4.8,6.7,5.9,6.2,5.6,8.6,4.5,4,5.2,4.2,5.4
26,苗栗,2,一氧化碳,CO,ppm,2017-10-05,0.19,0.18,0.18,0.17,0.17,0.2,0.31,0.38,0.33,0.25,0.26,0.28,0.29,0.25,0.24,0.25,0.3,0.48,0.49,0.54,0.48,0.5,0.45,0.41
26,苗栗,3,臭氧,O3,ppb,2017-10-05,40,39,34,35,35,25,25,24,34,42,45,56,68,54,40,36,29,18,3.7,14,16,13,11,8.3
26,苗栗,4,懸浮微粒,PM10,μg/m3,2017-10-05,30,31,21,24,29,32,28,32,34,28,32,31,42,64,67,68,69,68,72,55,50,48,45,47
26,苗栗,5,氮氧化物,NOx,ppb,2017-10-05,5.1,5.7,6.5,6.3,6.7,9.5,12,16,12,8.7,8.7,9.6,11,19,28,25,25,32,47,27,23,24,23,23
26,苗栗,6,一氧化氮,NO,ppb,2017-10-05,0.6,1,0.9,0.8,0.9,1.2,1.5,3.7,2.9,2,2,1.7,1.6,2.9,5.5,4.7,3.6,4,9.6,3,2.7,2.9,2.6,2
26,苗栗,7,二氧化氮,NO2,ppb,2017-10-05,4.5,4.7,5.6,5.6,5.8,8.3,11,13,9.3,6.7,6.7,7.9,9.5,16,22,20,21,28,38,24,20,21,21,21
26,苗栗,10,風速,WIND_SPEED,m/sec,2017-10-05,1.7,1.6,1.6,1.4,1.5,1.3,0.8,1.1,2.7,3.1,2.9,2.2,3,3.1,3.5,3.1,2.2,1.7,1.3,1.9,1.9,1.4,0.8,0.6
26,苗栗,11,風向,WIND_DIREC,degrees,2017-10-05,16,32,27,27,48,51,45,28,35,31,31,52,322,339,346,345,335,336,348,36,5.3,357,288,44
26,苗栗,14,溫度,AMB_TEMP,℃,2017-10-05,26.3,26.2,25.9,25.6,25.6,25.3,25.4,26,27.6,29.3,30.6,31.8,32.6,32.8,32.4,31.7,30.7,30.2,29.7,29.5,28.9,28.6,28.2,27.8
26,苗栗,33,細懸浮微粒,PM2.5,μg/m3,2017-10-05,9,12,16,14,15,14,14,14,16,17,17,21,26,28,31,27,25,25,21,17,17,25,24,28
26,苗栗,38,相對濕度,RH,percent,2017-10-05,77,78,79,81,82,83,82,80,73,64,58,53,52,56,59,63,68,70,71,67,67,69,71,73
26,苗栗,143,小時風速值,WS_HR,m/sec,2017-10-05,2.1,1.6,1.2,1.3,1.2,0.6,1,0.7,1.6,2.1,2,1.7,1.7,2.8,3.2,2.7,2.6,1.8,1.3,1.4,1.7,1.2,0.7,0.6
26,苗栗,144,小時風向值,WD_HR,degrees,2017-10-05,18,22,17,23,31,34,39,54,39,22,35,24,354,337,346,346,349,347,345,19,18,18,4.9,25
27,三義,1,二氧化硫,SO2,ppb,2017-10-05,0.3,1.7,1.7,1.4,1.3,1.4,1.6,1.6,1.6,1.5,2.2,2.3,2.7,2.7,3.1,2.9,2.4,2.5,2.4,2.5,1.9,1.9,2.1,2.3
27,三義,2,一氧化碳,CO,ppm,2017-10-05,0.16,0.16,0.16,0.16,0.16,0.16,0.19,0.19,0.2,0.21,0.22,0.22,0.22,0.21,0.2,0.21,0.22,0.28,0.29,0.25,0.31,0.32,0.32,0.32
27,三義,3,臭氧,O3,ppb,2017-10-05,34,30,30,27,27,22,15,20,24,34,49,60,67,75,74,72,69,45,33,30,14,8.1,5.8,7.9
27,三義,4,懸浮微粒,PM10,μg/m3,2017-10-05,18,17,11,11,16,17,15,14,22,24,19,25,30,38,50,52,51,56,55,54,52,47,44,43
27,三義,5,氮氧化物,NOx,ppb,2017-10-05,4.1,3.2,2.4,3.2,3,6.8,13,8.5,8.8,6.2,5.6,4.8,4.2,4.8,4.9,5.2,5.6,11,14,11,18,21,17,15
27,三義,6,一氧化氮,NO,ppb,2017-10-05,0.7,0.3,0.4,0.2,0.4,0.3,1.2,2,2.7,1.6,0.8,0.3,0.2,0.4,0.2,0.4,0.2,0.4,0.4,0.5,0.3,1.7,0.9,0.7
27,三義,7,二氧化氮,NO2,ppb,2017-10-05,3.4,2.9,2,3,2.6,6.5,12,6.5,6.1,4.6,4.8,4.5,4,4.4,4.7,4.8,5.4,11,14,11,17,19,16,14
27,三義,10,風速,WIND_SPEED,m/sec,2017-10-05,2.3,2.2,2.7,2.5,2.7,2.7,2.7,3,2.3,1.8,1.3,1.2,2.6,3,3.2,3.4,2.9,2.5,1.6,1.7,1.8,1.3,0.6,0.4
27,三義,11,風向,WIND_DIREC,degrees,2017-10-05,26,26,24,23,22,20,23,21,11,29,351,174,296,8.8,355,12,17,25,33,28,37,14,177,172
27,三義,14,溫度,AMB_TEMP,℃,2017-10-05,23.5,23.3,23.1,23.1,22.9,22.7,22.6,23.3,25.2,27.6,29.3,30.7,31.7,31.5,30.9,30.5,29.5,28.1,27.2,26.7,26.2,25.8,25.6,25.4
27,三義,21,酸雨,PH_RAIN,pH,2017-10-05,0,0,0,0,0,0,0,0,0,0,0,0,0,0,0,0,0,0,0,0,0,0,0,0
27,三義,22,導電度,RAIN_COND,μmho/cm,2017-10-05,0,0,0,0,0,0,0,0,0,0,0,0,0,0,0,0,0,0,0,0,0,0,0,0
27,三義,32,降雨強度,RAIN_INT,㎜,2017-10-05,0,0,0,0,0,0,0,0,0,0,0,0,0,0,0,0,0,0,0,0,0,0,0,0
27,三義,33,細懸浮微粒,PM2.5,μg/m3,2017-10-05,5,5,4,1,4,8,7,7,8,11,15,17,17,19,17,13,18,17,15,17,18,18,19,17
27,三義,38,相對濕度,RH,percent,2017-10-05,90,91,92,93,93,93,94,90,82,72,65,60,56,58,62,64,67,76,81,83,86,87,86,87
27,三義,143,小時風速值,WS_HR,m/sec,2017-10-05,2.4,2.2,2.6,2.7,2.6,2.8,2.8,2.7,2.6,2,1.6,0.2,0.9,1.8,2.5,3.1,3.1,2.2,1.8,1.5,1.7,1.4,0.4,0.4
27,三義,144,小時風向值,WD_HR,degrees,2017-10-05,26,25,22,23,25,21,24,22,17,15,12,215,319,338,359,5.7,16,19,27,33,32,25,172,182
28,豐原,1,二氧化硫,SO2,ppb,2017-10-05,1.3,0.7,0.6,0.7,0.6,0.6,1.2,1.6,2.6,1.8,2.3,2.2,2,2.5,1.9,2,2.5,2.6,4.1,3.3,2.3,2.3,2.1,2
28,豐原,2,一氧化碳,CO,ppm,2017-10-05,0.19,0.21,0.22,0.19,0.16,0.17,0.33,0.45,0.54,0.32,0.29,0.35,0.48,0.35,0.23,0.23,0.24,0.34,0.53,0.68,0.58,0.55,0.57,0.5
28,豐原,3,臭氧,O3,ppb,2017-10-05,14,13,11,12,14,14,5.4,9,16,34,53,80,110,92,80,70,62,41,22,13,13,12,8.3,8.2
28,豐原,4,懸浮微粒,PM10,μg/m3,2017-10-05,18,23,20,23,17,13,18,26,30,33,40,50,64,64,67,62,52,67,70,61,49,52,52,49
28,豐原,5,氮氧化物,NOx,ppb,2017-10-05,5.5,4.9,5.9,6,4.2,5.9,17,21,25,13,12,12,13,13,12,10,12,17,23,26,19,19,18,16
28,豐原,6,一氧化氮,NO,ppb,2017-10-05,1.6,0.5,1,1,0.9,1.2,6.6,9.3,10,3.4,2.1,1.7,1.3,1.5,1.4,1.3,1.5,1.2,1.5,2.4,1.7,2.1,1.5,1.4
28,豐原,7,二氧化氮,NO2,ppb,2017-10-05,3.9,4.4,4.9,5,3.3,4.7,10,12,15,9.6,10,10,12,12,11,8.8,11,16,22,23,18,17,17,15
28,豐原,8,總碳氫化合物,THC,ppm,2017-10-05,1.8,1.8,1.8,1.8,1.7,1.7,1.9,1.9,2.1,1.9,1.9,1.9,2,1.9,1.8,1.8,1.9,1.9,2.1,2.1,2.1,2,2,2
28,豐原,9,非甲烷碳氫化合物,NMHC,ppm,2017-10-05,0.04,0.04,0.04,0.04,0.02,0.03,0.1,0.14,0.35,0.17,0.14,0.2,0.19,0.19,0.1,0.11,0.13,0.15,0.25,0.33,0.28,0.24,0.2,0.21
28,豐原,10,風速,WIND_SPEED,m/sec,2017-10-05,0.7,0.5,1.1,1.4,2.4,1,0.5,1,0.8,1.4,2.6,2.1,2.3,2.4,3.7,2.9,1.9,1.6,1.3,1.4,1.4,1.2,1,1.5
28,豐原,11,風向,WIND_DIREC,degrees,2017-10-05,81,73,82,85,85,32,46,57,298,316,284,237,217,316,296,331,348,306,113,127,108,107,109,119
28,豐原,14,溫度,AMB_TEMP,℃,2017-10-05,24.3,24.1,24,24.4,24.6,24.6,24,25.2,26.9,29.5,30.9,31.6,32.5,32.5,31.9,31.5,30.6,29.2,28.2,27.5,26.8,26.5,26.1,25.8
28,豐原,31,甲烷,CH4,ppm,2017-10-05,1.7,1.7,1.8,1.7,1.7,1.7,1.8,1.7,1.8,1.7,1.7,1.7,1.8,1.8,1.7,1.7,1.7,1.8,1.8,1.8,1.8,1.8,1.8,1.8
28,豐原,33,細懸浮微粒,PM2.5,μg/m3,2017-10-05,18,10,10,4,6,6,4,2,2,14,17,25,25,30,31,31,21,24,24,28,20,15,15,13
28,豐原,38,相對濕度,RH,percent,2017-10-05,87,87,87,83,79,79,83,76,70,59,54,53,50,54,57,60,64,72,77,81,84,85,86,87
28,豐原,143,小時風速值,WS_HR,m/sec,2017-10-05,0.8,1.2,1,1.1,2.2,1.4,0.6,0.9,0.2,0.8,1.2,1.2,1.4,1.9,3.1,2.8,2,1.8,0.2,0.9,1.3,1.3,1.3,1.4
28,豐原,144,小時風向值,WD_HR,degrees,2017-10-05,105,108,96,82,96,84,74,61,164,11,284,276,215,256,310,322,345,312,82,122,113,112,121,113
29,沙鹿,1,二氧化硫,SO2,ppb,2017-10-05,1.6,1.2,1.4,1.3,1.3,1.4,1.3,1.3,1.7,1.8,2.1,1.9,1.7,x,x,1.6,1.7,1.6,1.8,2.3,2.6,3.2,3.5,3.5
29,沙鹿,2,一氧化碳,CO,ppm,2017-10-05,0.22,0.2,0.19,0.19,0.19,0.2,0.23,0.29,0.3,0.26,0.28,0.29,0.25,x,x,0.2,0.21,0.25,0.28,0.26,0.31,0.34,0.4,0.39
29,沙鹿,3,臭氧,O3,ppb,2017-10-05,30,28,26,21,20,15,20,22,23,38,54,x,x,72,63,47,38,33,27,23,19,12,6,5.4
29,沙鹿,4,懸浮微粒,PM10,μg/m3,2017-10-05,26,22,18,19,15,14,20,23,23,24,29,44,55,50,,,55,55,56,62,57,48,55,53
29,沙鹿,5,氮氧化物,NOx,ppb,2017-10-05,6.7,6.6,7.2,8,8.3,12,13,16,16,12,11,9.7,8,x,x,x,10,11,15,16,17,22,27,27
29,沙鹿,6,一氧化氮,NO,ppb,2017-10-05,0.8,0.6,0.7,0.8,1,0.8,1.2,3,4.1,2.9,1.8,1.3,1.1,x,x,x,1,0.5,0.7,0.4,0.3,0.5,1,0.8
29,沙鹿,7,二氧化氮,NO2,ppb,2017-10-05,6,6.1,6.5,7.1,7.3,11,12,13,12,9.3,9.3,8.4,6.9,x,x,x,9.4,11,14,16,16,21,26,26
29,沙鹿,10,風速,WIND_SPEED,m/sec,2017-10-05,2.9,2.6,2.3,2.7,3.8,3.3,3.5,2.8,3.6,4.1,2.5,3.6,3.2,5.3,4.7,5,4.7,3.9,3.1,2.3,2.4,2,1.8,1.7
29,沙鹿,11,風向,WIND_DIREC,degrees,2017-10-05,10,17,1.5,7.1,358,353,5.7,3.4,354,346,340,334,349,360,346,360,3.5,2.3,0.3,10,5,3.5,2.3,359
29,沙鹿,14,溫度,AMB_TEMP,℃,2017-10-05,24.8,24.6,24.5,24.5,24.5,24.2,24.2,24.9,26.7,28.4,29.6,30.5,30.8,30.8,30.4,30.1,28.9,27.8,27.5,27.2,27.1,26.9,26.7,26.8
29,沙鹿,33,細懸浮微粒,PM2.5,μg/m3,2017-10-05,9,8,10,13,10,4,7,10,5,2,13,21,19,20,,,21,19,15,18,18,18,22,21
29,沙鹿,38,相對濕度,RH,percent,2017-10-05,81,82,83,83,83,84,83,81,75,69,66,63,64,64,67,69,74,79,81,82,80,79,78,77
29,沙鹿,143,小時風速值,WS_HR,m/sec,2017-10-05,2.6,2.5,2.7,2.4,3,2.5,3.3,2.5,3.1,3.5,2.7,2.7,3.3,4.1,4.5,4.6,5.1,4,2.9,2.7,2.5,2.5,1.7,1.8
29,沙鹿,144,小時風向值,WD_HR,degrees,2017-10-05,7.6,6.1,0.7,4.4,0.8,3.6,5.1,8.6,350,349,342,343,343,352,353,357,1.3,1.5,0.9,7.3,4.1,3.3,2.8,1.7
30,大里,1,二氧化硫,SO2,ppb,2017-10-05,2.4,1.7,1.6,1.7,1.6,1.9,2.3,3.2,3.8,3.5,2.8,2.4,2.1,2.9,2.9,2.1,1.7,2,2.1,2.4,2.5,5,3.5,3
30,大里,2,一氧化碳,CO,ppm,2017-10-05,0.51,0.39,0.4,0.43,0.39,0.48,0.61,0.97,0.92,0.91,0.72,0.54,0.47,0.41,0.4,0.34,0.44,0.72,0.77,0.72,0.61,0.61,0.6,0.57
30,大里,3,臭氧,O3,ppb,2017-10-05,3.1,3.3,1.9,2.5,4.4,0.7,1.9,1.5,11,41,80,87,95,107,99,83,68,43,23,10,13,11,7.7,6.8
30,大里,4,懸浮微粒,PM10,μg/m3,2017-10-05,34,32,25,21,17,24,30,36,43,49,66,63,74,79,88,81,70,67,71,87,89,88,77,75
30,大里,5,氮氧化物,NOx,ppb,2017-10-05,16,12,12,14,14,19,25,36,35,30,21,17,14,12,13,13,18,28,33,34,25,25,26,23
30,大里,6,一氧化氮,NO,ppb,2017-10-05,0.7,1.8,1.9,1.8,2.2,4.2,9,19,15,5.4,2,1.5,1.7,1.2,2.2,1.6,2.6,1.3,1.7,3.2,2.2,2.5,2.5,1.9
30,大里,7,二氧化氮,NO2,ppb,2017-10-05,15,9.8,10,12,12,15,16,17,20,24,19,16,12,10,11,11,15,27,31,31,23,22,23,21
30,大里,8,總碳氫化合物,THC,ppm,2017-10-05,2.1,2,2.1,2.3,2.2,2.3,2.4,2.5,2.4,2.4,2.2,2.1,2,2,2,2,2,2.2,2.2,2.3,2.2,2.2,2.3,2.3
30,大里,9,非甲烷碳氫化合物,NMHC,ppm,2017-10-05,0.13,0.1,0.14,0.16,0.15,0.19,0.24,0.34,0.34,0.42,0.28,0.19,0.14,0.12,0.12,0.15,0.18,0.3,0.33,0.4,0.29,0.28,0.35,0.31
30,大里,10,風速,WIND_SPEED,m/sec,2017-10-05,1,0.5,1.1,1.1,0.9,1,0.5,1.2,1.2,1.9,1.8,1.9,2.3,2.6,2.4,2,1.6,1.7,1.7,2.1,1.5,1.5,1.4,1.4
30,大里,11,風向,WIND_DIREC,degrees,2017-10-05,78,88,88,245,137,223,80,239,247,244,209,231,268,254,269,282,332,351,266,211,230,219,281,267
30,大里,14,溫度,AMB_TEMP,℃,2017-10-05,25.9,25.9,26,25.6,25.5,25.3,25.3,25.6,27.4,30.2,31.3,32.2,33,33.2,33.4,33.1,32.9,31.7,30.1,28.7,28.2,27.9,27.9,27.7
30,大里,31,甲烷,CH4,ppm,2017-10-05,2,1.9,2,2.1,2.1,2.2,2.1,2.2,2,2,2,1.9,1.9,1.9,1.9,1.8,1.9,1.9,1.9,1.9,1.9,1.9,2,2
30,大里,33,細懸浮微粒,PM2.5,μg/m3,2017-10-05,18,13,13,14,15,16,16,22,20,18,26,33,46,38,32,24,25,22,26,27,26,20,14,19
30,大里,36,二氧化碳,CO2,ppm,2017-10-05,408,405,407,414,405,419,411,423,421,410,380,357,x,x,364,353,x,x,x,361,352,x,x,350
30,大里,38,相對濕度,RH,percent,2017-10-05,86,85,84,87,86,88,88,87,79,67,63,60,58,57,56,58,56,62,71,79,81,82,82,84
30,大里,143,小時風速值,WS_HR,m/sec,2017-10-05,0.4,0.7,0.8,0.9,0.6,1.2,0.6,0.8,0.5,0.9,1.3,1.7,1.8,2,2.1,2.1,1.2,1.3,1.2,1.9,1.4,0.5,1,1.2
30,大里,144,小時風向值,WD_HR,degrees,2017-10-05,191,101,76,247,120,241,251,220,94,246,251,244,254,272,256,279,321,340,314,225,223,230,256,270
31,忠明,1,二氧化硫,SO2,ppb,2017-10-05,1.9,1.7,1.5,1.5,1.5,1.5,1.9,2.1,2.3,2.3,2.4,2.3,2.5,2.1,1.8,1.8,x,1.6,2,2.4,2.7,3,3.4,3.1
31,忠明,2,一氧化碳,CO,ppm,2017-10-05,0.25,0.28,0.32,0.25,0.2,0.21,0.25,0.35,0.8,0.85,0.55,0.37,0.32,0.27,0.25,0.26,x,0.35,0.48,0.46,0.62,0.66,0.62,0.55
31,忠明,3,臭氧,O3,ppb,2017-10-05,20,16,9.9,11,12,8.3,6.1,6.6,13,37,60,77,83,89,78,x,58,37,24,21,11,7.8,4.9,5.1
31,忠明,4,懸浮微粒,PM10,μg/m3,2017-10-05,21,13,8,11,7,7,8,15,18,32,40,53,54,49,51,50,x,53,47,47,54,55,54,49
31,忠明,5,氮氧化物,NOx,ppb,2017-10-05,11,12,13,11,10,12,18,24,39,38,27,17,15,13,13,17,x,21,26,26,32,33,35,34
31,忠明,6,一氧化氮,NO,ppb,2017-10-05,0.4,0.6,0.7,0.6,0.8,1.6,3.4,8,15,8,4.1,2,1.7,1.2,1.4,2.1,x,1.5,1.4,1.3,1.7,2.7,3.4,2.7
31,忠明,7,二氧化氮,NO2,ppb,2017-10-05,10,12,12,10,9.5,11,14,16,24,30,23,15,14,12,11,15,x,20,25,24,31,31,32,31
31,忠明,8,總碳氫化合物,THC,ppm,2017-10-05,1.8,1.9,2,1.9,1.9,1.9,1.9,1.9,2.1,2.1,2,1.9,1.9,1.8,1.8,x,1.8,1.8,1.9,1.9,2.1,2.2,2.1,2.1
31,忠明,9,非甲烷碳氫化合物,NMHC,ppm,2017-10-05,0.06,0.09,0.13,0.1,0.07,0.08,0.09,0.1,0.26,0.26,0.19,0.15,0.12,0.09,0.06,x,0.09,0.14,0.17,0.19,0.29,0.37,0.31,0.25
31,忠明,10,風速,WIND_SPEED,m/sec,2017-10-05,1.5,0.7,1.5,1.6,1.1,1.3,2.3,0.8,1.2,1.6,1.5,1.7,2.3,2,3.6,2.5,2.7,2.9,1.8,1.2,1.9,1.8,1.3,1.3
31,忠明,11,風向,WIND_DIREC,degrees,2017-10-05,350,344,33,38,37,331,29,31,326,285,177,204,298,290,300,298,333,300,304,10,11,199,218,213
31,忠明,14,溫度,AMB_TEMP,℃,2017-10-05,26.8,26.9,26.8,26.7,26.6,26.8,26.7,26.7,28.4,31.4,32.8,34.2,35.2,34.3,34,33.6,32.7,31.2,30.3,30,29.9,29.7,29.4,29.2
31,忠明,31,甲烷,CH4,ppm,2017-10-05,1.8,1.8,1.8,1.8,1.8,1.8,1.8,1.8,1.9,1.8,1.8,1.7,1.7,1.7,1.7,x,1.7,1.7,1.7,1.7,1.8,1.8,1.8,1.8
31,忠明,33,細懸浮微粒,PM2.5,μg/m3,2017-10-05,11,15,17,11,11,7,8,8,13,17,22,25,33,35,32,25,x,16,19,16,23,23,26,20
31,忠明,38,相對濕度,RH,percent,2017-10-05,82,82,83,83,82,81,80,80,73,63,59,57,53,58,59,60,63,71,75,76,77,78,79,81
31,忠明,143,小時風速值,WS_HR,m/sec,2017-10-05,1.6,1.2,1.3,1.1,1.8,0.7,1.3,1.5,0.7,0.7,0.4,1.4,1.7,1.7,2.8,2.6,2.3,2.2,1.8,1.2,1.2,0.3,0.7,0.9
31,忠明,144,小時風向值,WD_HR,degrees,2017-10-05,27,23,21,20,21,1.1,26,30,59,231,280,215,227,313,304,304,313,320,303,354,358,123,187,225
32,西屯,1,二氧化硫,SO2,ppb,2017-10-05,0.4,1.2,1.2,1.2,1.5,1.4,1.2,1.5,2,2.4,2,2,2.3,1.8,1.8,1.8,1.7,2,2.2,1.9,2.2,2.9,2.8,3.6
32,西屯,2,一氧化碳,CO,ppm,2017-10-05,0.23,0.21,0.22,0.19,0.18,0.2,0.24,0.33,0.6,0.47,0.36,0.31,0.29,0.23,0.21,0.22,0.23,0.3,0.37,0.4,0.44,0.41,0.48,0.47
32,西屯,3,臭氧,O3,ppb,2017-10-05,29,26,21,18,17,13,12,16,16,38,68,89,95,90,81,76,65,41,27,22,18,17,9.1,9.8
32,西屯,4,懸浮微粒,PM10,μg/m3,2017-10-05,21,20,19,22,22,19,20,26,36,41,45,43,46,53,57,64,61,70,69,63,61,61,59,56
32,西屯,5,氮氧化物,NOx,ppb,2017-10-05,8.8,8.6,7.7,8.3,10,12,14,15,30,23,16,13,11,8.4,7.7,8.1,12,17,23,21,24,20,25,25
32,西屯,6,一氧化氮,NO,ppb,2017-10-05,1.3,0.5,0.4,0.3,0.4,0.5,1.3,2.9,12,5.5,2.5,1.2,0.7,0.6,0.6,0.6,0.7,0.7,0.8,0.6,0.4,0.6,0.7,0.3
32,西屯,7,二氧化氮,NO2,ppb,2017-10-05,7.5,8,7.4,8,9.6,11,12,12,19,17,14,12,10,7.7,7.1,7.5,11,16,22,21,24,20,24,25
32,西屯,8,總碳氫化合物,THC,ppm,2017-10-05,1.8,1.8,1.9,1.8,1.8,1.8,1.9,1.8,1.9,1.9,1.9,1.9,1.9,1.8,1.8,1.8,1.8,1.8,2.4,2,2,2,2.1,2.1
32,西屯,9,非甲烷碳氫化合物,NMHC,ppm,2017-10-05,0.04,0.05,0.06,0.05,0.05,0.06,0.07,0.08,0.15,0.15,0.21,0.2,0.17,0.08,0.13,0.1,0.07,0.13,0.68,0.29,0.22,0.22,0.28,0.3
32,西屯,10,風速,WIND_SPEED,m/sec,2017-10-05,1.9,1.5,2.2,2.2,1.9,2.1,2.4,1.5,1.7,1.3,1.8,1.4,2.5,2.8,3.2,2.8,2.8,1.9,1.8,0.8,1.8,1.3,0.4,1.1
32,西屯,11,風向,WIND_DIREC,degrees,2017-10-05,3.1,352,16,19,17,14,20,35,22,11,335,44,308,343,346,340,344,317,322,344,6.7,21,214,197
32,西屯,14,溫度,AMB_TEMP,℃,2017-10-05,25.5,25.4,25.2,25.2,25.3,25.4,25.3,25.4,27,29.3,30.9,31.6,32,32.2,31.9,31.5,30.8,29.4,28.6,28.2,28.2,27.8,27.7,27.9
32,西屯,21,酸雨,PH_RAIN,pH,2017-10-05,0,0,0,0,0,0,0,0,0,0,0,0,0,0,0,0,0,0,0,0,0,0,0,0
32,西屯,22,導電度,RAIN_COND,μmho/cm,2017-10-05,0,0,0,0,0,0,0,0,0,0,0,0,0,0,0,0,0,0,0,0,0,0,0,0
32,西屯,31,甲烷,CH4,ppm,2017-10-05,1.8,1.8,1.8,1.8,1.8,1.8,1.8,1.8,1.8,1.8,1.7,1.7,1.7,1.7,1.7,1.7,1.7,1.7,1.7,1.7,1.8,1.8,1.8,1.8
32,西屯,32,降雨強度,RAIN_INT,㎜,2017-10-05,0,0,0,0,0,0,0,0,0,0,0,0,0,0,0,0,0,0,0,0,0,0,0,0
32,西屯,33,細懸浮微粒,PM2.5,μg/m3,2017-10-05,5,9,5,6,2,2,6,5,8,9,21,30,31,21,24,27,31,27,26,18,26,20,29,19
32,西屯,38,相對濕度,RH,percent,2017-10-05,77,78,80,79,79,78,78,78,71,62,57,56,56,56,57,58,60,68,73,75,74,75,75,76
32,西屯,143,小時風速值,WS_HR,m/sec,2017-10-05,1.5,1.6,1.7,1.9,2.1,1.7,2,2,1.3,0.8,0.5,0.5,1.6,2.1,2.5,2.5,2.4,1.9,1.4,1.2,1.5,1.4,0.2,0.8
32,西屯,144,小時風向值,WD_HR,degrees,2017-10-05,15,16,6.5,10,15,22,9.8,10,4.6,32,293,8.2,291,336,333,336,341,328,319,327,18,20,44,200
33,彰化,1,二氧化硫,SO2,ppb,2017-10-05,1,2.3,2.2,2.1,2.2,2.7,3.4,2.7,2.8,2.8,3.4,4.6,7.3,6.9,4.8,3.3,2.9,2.8,2.9,2.8,3.2,3.2,7.5,11
33,彰化,2,一氧化碳,CO,ppm,2017-10-05,0.29,0.27,0.29,0.27,0.28,0.28,0.35,0.67,0.57,0.55,0.38,0.38,0.43,0.39,0.29,0.28,0.33,0.38,0.42,0.39,0.51,0.51,0.47,0.45
33,彰化,3,臭氧,O3,ppb,2017-10-05,18,17,13,9.8,6.7,5.3,7.1,7.6,11,30,52,72,77,76,70,63,50,34,24,21,15,14,9.5,8.3
33,彰化,4,懸浮微粒,PM10,μg/m3,2017-10-05,28,21,18,14,16,26,29,37,34,34,44,53,62,65,61,59,52,57,62,68,64,68,66,73
33,彰化,5,氮氧化物,NOx,ppb,2017-10-05,13,12,12,15,16,19,21,28,30,26,15,13,13,13,12,8.9,12,15,18,18,20,18,20,20
33,彰化,6,一氧化氮,NO,ppb,2017-10-05,0.8,0.1,0.2,0.2,0.2,0.3,2.7,9.1,11,4.9,1.4,0.6,0.5,0.3,0.4,0.2,0.1,0.3,0.2,0.1,0.2,0,0.1,0.6
33,彰化,7,二氧化氮,NO2,ppb,2017-10-05,13,12,12,15,16,19,18,19,19,22,14,13,13,13,11,8.7,11,15,17,17,20,18,20,20
33,彰化,8,總碳氫化合物,THC,ppm,2017-10-05,2,2,2,2.1,2.2,2.1,2.1,2.1,2.1,2.1,2,2,1.9,1.9,1.9,1.9,1.9,1.9,1.9,1.9,2,2,2.2,2.2
33,彰化,9,非甲烷碳氫化合物,NMHC,ppm,2017-10-05,0.11,0.13,0.11,0.14,0.18,0.17,0.14,0.22,0.2,0.21,0.16,0.15,0.11,0.12,0.13,0.1,0.13,0.14,0.15,0.14,0.2,0.19,0.31,0.28
33,彰化,10,風速,WIND_SPEED,m/sec,2017-10-05,3.7,2.7,2.7,2.6,1.9,3.4,3.1,3,4.9,3.6,3,3.6,6.4,5.6,6.1,6.7,7.3,5.8,4.6,3.8,2.1,2.5,2.6,3.3
33,彰化,11,風向,WIND_DIREC,degrees,2017-10-05,18,24,14,5.4,8.5,344,3.8,7.8,12,335,285,270,296,303,347,356,339,341,336,331,189,186,122,123
33,彰化,14,溫度,AMB_TEMP,℃,2017-10-05,27.1,27,26.7,26.6,26.6,26.6,26.2,26.7,28.4,30.3,31.3,32.4,33.1,33.4,33,32.4,31.7,30.2,29.4,29.2,29.2,28.9,28.5,28.3
33,彰化,31,甲烷,CH4,ppm,2017-10-05,1.9,1.9,1.9,1.9,2,2,1.9,1.9,1.9,1.9,1.8,1.8,1.8,1.8,1.8,1.8,1.8,1.8,1.8,1.8,1.8,1.9,1.9,1.9
33,彰化,33,細懸浮微粒,PM2.5,μg/m3,2017-10-05,15,20,13,10,10,16,11,5,4,6,23,31,42,33,32,26,30,26,26,21,21,26,21,27
33,彰化,38,相對濕度,RH,percent,2017-10-05,75,76,77,78,78,78,78,77,71,67,64,60,59,59,60,61,64,70,74,76,76,77,78,79
33,彰化,143,小時風速值,WS_HR,m/sec,2017-10-05,2.3,1.7,2.9,3,2.5,2.6,3.2,2.4,3,2.6,3.4,2.8,4,4.3,5.2,6.1,6.5,1.7,4.5,3.8,0.5,2.1,2.3,2.3
33,彰化,144,小時風向值,WD_HR,degrees,2017-10-05,16,11,19,8,10,350,355,11,17,2,325,323,279,316,335,344,343,342,338,338,330,183,175,134
34,線西,1,二氧化硫,SO2,ppb,2017-10-05,2.2,1.5,2.1,5.4,3.3,3.7,3.2,2.2,2.7,4,6.7,13,5.1,7.1,7.6,9.9,6.5,5.6,6.5,4.3,3.8,6.9,4.2,2.8
34,線西,2,一氧化碳,CO,ppm,2017-10-05,0.2,0.17,0.17,0.16,0.14,0.16,0.17,0.2,0.25,0.29,0.31,0.52,0.28,0.35,0.31,0.4,0.54,0.55,0.42,0.28,0.18,0.24,0.29,0.31
34,線西,3,臭氧,O3,ppb,2017-10-05,33,31,29,20,27,20,23,28,27,35,50,58,66,61,54,47,42,35,30,30,24,13,14,16
34,線西,4,懸浮微粒,PM10,μg/m3,2017-10-05,18,16,19,21,21,19,18,23,37,46,58,70,66,65,68,73,64,64,59,56,63,67,68,58
34,線西,5,氮氧化物,NOx,ppb,2017-10-05,7.4,6.9,6.8,16,11,16,16,14,19,19,14,21,8.5,11,12,14,16,15,14,12,16,25,20,16
34,線西,6,一氧化氮,NO,ppb,2017-10-05,1.4,0.8,0.2,0.5,0.8,0.7,1.3,2.4,5,4.6,2.3,3.6,1.1,1.6,1.8,1.9,1.8,1.2,0.6,0.8,0.6,0.7,0.7,0.8
34,線西,7,二氧化氮,NO2,ppb,2017-10-05,6,6.2,6.6,16,11,15,15,12,14,14,11,17,7.4,9.1,10,12,14,13,13,12,16,24,19,15
34,線西,8,總碳氫化合物,THC,ppm,2017-10-05,1.9,1.9,2,2,2,2,2,2,2,2,1.9,1.9,1.9,1.9,1.9,1.9,2,1.9,1.9,1.9,1.9,2,2.1,2.1
34,線西,9,非甲烷碳氫化合物,NMHC,ppm,2017-10-05,0.04,0.03,0.04,0.06,0.06,0.04,0.03,0.06,0.08,0.12,0.03,0.04,0.01,0,0.01,0.03,0.1,0.05,0.03,0.03,0.06,0.11,0.16,0.12
34,線西,10,風速,WIND_SPEED,m/sec,2017-10-05,2.7,2.5,2.8,2.6,3.3,3.2,4,4,2.6,2.8,4,4.4,4.3,4.4,4.9,x,5.2,4.3,4.5,4,3.7,2.2,2,2.2
34,線西,11,風向,WIND_DIREC,degrees,2017-10-05,39,43,31,35,25,18,25,44,35,14,357,348,2.5,0.9,9.5,x,30,28,14,31,31,39,41,53
34,線西,14,溫度,AMB_TEMP,℃,2017-10-05,26.6,26.3,26.1,26,26.1,26,25.9,26.8,28.8,30.8,31.7,32.8,32.6,32.6,32.1,31.5,31,29.4,28.9,28.8,28.6,28.4,28.1,27.9
34,線西,31,甲烷,CH4,ppm,2017-10-05,1.9,1.9,1.9,1.9,1.9,1.9,1.9,1.9,1.9,1.9,1.9,1.9,1.9,1.9,1.9,1.9,1.9,1.8,1.9,1.8,1.9,1.9,2,2
34,線西,33,細懸浮微粒,PM2.5,μg/m3,2017-10-05,11,12,15,15,14,9,9,12,13,15,21,27,31,30,32,30,23,21,18,18,19,20,20,18
34,線西,38,相對濕度,RH,percent,2017-10-05,85,86,87,87,87,87,87,84,77,70,69,66,68,68,71,74,75,82,86,86,84,84,85,86
34,線西,143,小時風速值,WS_HR,m/sec,2017-10-05,3,2.7,2.4,2.3,2.6,2.6,3.4,4.1,2.8,2.3,3.5,3.3,4.2,4.1,4.7,0.5,4.4,4.4,3.8,3.6,3.1,2.8,1.6,2.3
34,線西,144,小時風向值,WD_HR,degrees,2017-10-05,38,41,33,31,28,26,24,39,31,18,352,359,355,6.6,9.7,23,30,29,18,24,32,37,48,51
35,二林,1,二氧化硫,SO2,ppb,2017-10-05,2.9,0.4,0.1,0.7,0.7,1,1.5,1.5,1.1,1.1,2.2,3.5,3.2,3,1.9,1.9,3.2,4.5,3.4,1.9,1.6,2.6,2.1,2.2
35,二林,2,一氧化碳,CO,ppm,2017-10-05,0.23,0.22,0.24,0.22,0.21,0.21,0.36,0.24,0.26,0.36,0.38,0.32,0.3,0.28,0.22,0.25,0.29,0.32,0.25,0.17,0.19,0.31,0.36,0.34
35,二林,3,臭氧,O3,ppb,2017-10-05,22,19,20,17,17,17,18,20,25,35,55,66,75,78,68,66,54,40,32,31,30,22,12,6.8
35,二林,4,懸浮微粒,PM10,μg/m3,2017-10-05,23,24,30,27,33,31,31,25,25,36,47,50,47,48,60,69,66,69,59,59,49,44,54,55
35,二林,5,氮氧化物,NOx,ppb,2017-10-05,8.4,7.9,7.5,7.6,8.5,8.4,11,13,12,16,12,11,7.5,7.1,6.6,7.5,10,12,11,9.4,8.4,11,15,18
35,二林,6,一氧化氮,NO,ppb,2017-10-05,0.8,0.8,0.6,0.5,0.5,0.6,0.8,2.1,2.7,3.3,1.8,1.3,0.6,0.6,0.7,0.8,0.8,0.6,0.7,0.4,0.4,0.5,0.5,0.9
35,二林,7,二氧化氮,NO2,ppb,2017-10-05,7.7,7.1,7,7.1,8,7.8,9.7,11,9.3,13,10,9.6,6.9,6.5,5.9,6.7,9.2,12,11,9,8,10,14,17
35,二林,10,風速,WIND_SPEED,m/sec,2017-10-05,1.7,1.9,1.6,2.6,1.7,1.9,2.3,3.3,2.6,1.4,1.7,2.2,2.1,3.1,3.3,4.2,3.8,3.2,2.1,2.4,1.8,0.8,0.7,0.9
35,二林,11,風向,WIND_DIREC,degrees,2017-10-05,44,38,5.9,22,57,19,17,49,63,360,316,318,316,311,338,9,357,351,335,352,359,279,292,35
35,二林,14,溫度,AMB_TEMP,℃,2017-10-05,25.6,25.2,25.3,25.2,25.2,25.2,25.3,26,28.1,30.1,31.9,33,33.2,33.7,33,32.2,31,29.6,28.6,28.3,28.2,27.8,27.4,27
35,二林,33,細懸浮微粒,PM2.5,μg/m3,2017-10-05,17,17,5,1,1,5,13,10,14,14,28,31,37,31,31,35,30,23,16,15,14,11,11,11
35,二林,38,相對濕度,RH,percent,2017-10-05,86,88,87,88,88,88,87,85,79,72,65,61,60,59,62,64,68,75,80,83,83,84,86,87
35,二林,143,小時風速值,WS_HR,m/sec,2017-10-05,1.7,1.8,1.5,1.9,1.8,1.7,2,2.8,2.6,1.2,1.4,1.6,2,0.5,1.8,3.3,3.6,3.1,2.4,2.3,2,0.5,0.4,0.5
35,二林,144,小時風向值,WD_HR,degrees,2017-10-05,44,46,12,29,36,21,11,46,46,12,320,316,312,310,333,354,357,355,343,347,355,333,313,337
36,南投,1,二氧化硫,SO2,ppb,2017-10-05,1.8,1.6,1.3,1.1,1.2,1.3,1.5,1.9,2.7,2.9,2.7,x,x,x,x,8,5.3,4.4,21,5.8,4.6,5,5.4,6.8
36,南投,2,一氧化碳,CO,ppm,2017-10-05,0.45,0.3,0.27,0.29,0.33,0.35,0.37,0.55,0.66,0.56,0.46,x,x,x,x,0.57,0.56,0.67,0.6,0.56,0.57,0.6,0.52,0.54
36,南投,3,臭氧,O3,ppb,2017-10-05,3,3.1,3.2,2.7,1.5,2,1.8,2.4,5.6,21,38,,x,x,78,79,70,53,38,25,14,12,8.4,9.3
36,南投,4,懸浮微粒,PM10,μg/m3,2017-10-05,58,53,42,39,40,40,40,39,39,38,47,64,64,,x,67,76,83,81,80,75,81,79,81
36,南投,5,氮氧化物,NOx,ppb,2017-10-05,14,8.8,9.1,11,12,16,19,21,27,14,12,x,x,x,,x,19,23,23,23,27,27,25,21
36,南投,6,一氧化氮,NO,ppb,2017-10-05,1.6,0.8,1.1,1.6,2,4,9.8,12,15,4.3,2.4,x,x,x,,x,1.3,1.4,1.3,1,1.2,1.4,1.3,1
36,南投,7,二氧化氮,NO2,ppb,2017-10-05,12,8,8.1,9.4,10,12,8.9,9.4,13,9.6,9.9,x,x,x,,x,18,21,22,22,26,26,23,20
36,南投,8,總碳氫化合物,THC,ppm,2017-10-05,1.8,1.7,1.7,1.9,1.9,1.9,1.8,1.9,1.9,1.9,1.8,,x,x,1.7,1.8,1.9,2.1,2,2,2,2,1.9,1.9
36,南投,9,非甲烷碳氫化合物,NMHC,ppm,2017-10-05,0.1,0.05,0.05,0.08,0.1,0.1,0.09,0.16,0.17,0.09,0.09,,x,x,0.09,0.18,0.28,0.46,0.37,0.25,0.23,0.22,0.18,0.13
36,南投,10,風速,WIND_SPEED,m/sec,2017-10-05,0.9,0.6,0.9,0.9,1.1,1.4,1.2,0.6,1,1.2,1.9,0.7,1.2,1.3,1.9,2.2,2,1.9,1.6,1.9,2.3,2,2,1.9
36,南投,11,風向,WIND_DIREC,degrees,2017-10-05,199,163,40,64,37,21,117,18,70,45,35,42,295,238,244,316,303,296,239,145,160,157,161,180
36,南投,14,溫度,AMB_TEMP,℃,2017-10-05,27.1,27,27,26.9,26.6,26.5,26.2,26.4,27.3,29.7,32.2,33.3,33.9,34.2,34.8,34.5,33.9,32.6,31.5,30.5,29.7,29.5,29.1,28.9
36,南投,21,酸雨,PH_RAIN,pH,2017-10-05,0,0,0,0,0,0,0,0,0,0,0,0,0,0,0,0,0,0,0,0,0,0,0,0
36,南投,22,導電度,RAIN_COND,μmho/cm,2017-10-05,0,0,0,0,0,0,0,0,0,0,0,0,0,0,0,0,0,0,0,0,0,0,0,0
36,南投,31,甲烷,CH4,ppm,2017-10-05,1.7,1.7,1.7,1.8,1.8,1.8,1.7,1.7,1.8,1.8,1.7,,x,x,1.7,1.6,1.7,1.7,1.7,1.7,1.8,1.7,1.8,1.8
36,南投,32,降雨強度,RAIN_INT,㎜,2017-10-05,0,0,0,0,0,0,0,0,0,0,0,0,0,0,0,0,0,0,0,0,0,0,0,0
36,南投,33,細懸浮微粒,PM2.5,μg/m3,2017-10-05,17,23,24,15,20,18,16,18,18,16,20,28,28,,x,40,37,35,27,25,24,28,34,30
36,南投,38,相對濕度,RH,percent,2017-10-05,84,84,84,84,86,86,87,86,82,70,60,57,57,55,54,55,57,62,67,72,76,77,80,82
36,南投,143,小時風速值,WS_HR,m/sec,2017-10-05,0.4,1.1,0.6,0.1,0.8,0.7,0.6,0.6,0.5,0.7,1.5,0.6,0.7,x,x,1.8,1.4,1.9,1.1,1,2,1.5,1.9,2.1
36,南投,144,小時風向值,WD_HR,degrees,2017-10-05,195,163,56,328,32,45,73,184,108,65,42,9.1,351,x,x,304,319,297,252,176,159,181,159,167
37,斗六,1,二氧化硫,SO2,ppb,2017-10-05,3.8,1.5,1.6,1.4,1.7,3,3.3,3.1,3.1,1.4,2.3,3,2.4,2.3,2.8,3.1,3.6,7.5,10,6.7,6,5.7,3.9,2.8
37,斗六,2,一氧化碳,CO,ppm,2017-10-05,0.51,0.43,0.43,0.4,0.37,0.42,0.43,0.47,0.31,0.21,0.26,0.31,0.31,0.33,0.32,0.3,0.32,0.59,0.77,0.51,0.39,0.38,0.28,0.23
37,斗六,3,臭氧,O3,ppb,2017-10-05,12,8.1,7.7,4.9,2.3,3.3,4.4,6.8,16,27,48,68,82,83,87,83,78,53,32,27,24,21,22,17
37,斗六,4,懸浮微粒,PM10,μg/m3,2017-10-05,49,40,40,33,39,42,41,42,40,30,23,41,53,69,67,72,73,71,74,78,78,70,62,57
37,斗六,5,氮氧化物,NOx,ppb,2017-10-05,18,19,17,17,22,26,20,24,14,7.6,8,7.6,7.7,8.1,7.6,8.4,9.2,20,29,21,16,16,13,13
37,斗六,6,一氧化氮,NO,ppb,2017-10-05,1,1.5,1.3,1.5,2.7,2.8,5.2,9.6,4.8,2.2,1.7,1.1,0.9,1,0.9,1.3,0.9,1,1.3,1.3,0.9,1.2,1.5,1.2
37,斗六,7,二氧化氮,NO2,ppb,2017-10-05,16,17,15,15,20,23,15,15,9.6,5.4,6.3,6.5,6.8,7.1,6.7,7.1,8.3,19,28,19,15,15,12,12
37,斗六,10,風速,WIND_SPEED,m/sec,2017-10-05,0.9,1.5,0.7,1.3,1,1.6,1.5,1.1,1.4,1.9,1.9,1.9,2.1,1.9,2.4,2.2,1.8,1.9,1.6,1.5,1,1.4,1.5,0.9
37,斗六,11,風向,WIND_DIREC,degrees,2017-10-05,260,118,262,34,31,17,22,41,51,11,4.2,263,280,266,311,5.1,1.1,347,307,322,324,230,164,163
37,斗六,14,溫度,AMB_TEMP,℃,2017-10-05,27.7,27.4,27.3,26.8,26.3,26.1,26.2,26.7,29.6,31.8,33.3,35,35.5,34.8,35.6,33.3,31.7,31,30.1,29.4,28.7,28.7,28.5,28.1
37,斗六,33,細懸浮微粒,PM2.5,μg/m3,2017-10-05,14,14,23,21,23,16,21,17,18,9,21,21,31,29,34,36,39,29,32,20,22,13,11,20
37,斗六,38,相對濕度,RH,percent,2017-10-05,81,81,83,84,86,86,85,85,72,62,59,54,53,57,55,67,74,72,75,78,82,83,83,85
37,斗六,143,小時風速值,WS_HR,m/sec,2017-10-05,0.5,0.6,0.2,1.1,1.3,1.2,1.1,1.2,1.7,1.8,1,0.8,1.3,1.3,1.2,2,2,1.7,1,1,0.8,0.8,0.8,0.8
37,斗六,144,小時風向值,WD_HR,degrees,2017-10-05,204,101,183,6.7,20,17,16,34,24,20,354,331,262,281,302,350,14,359,342,339,333,254,207,170
38,崙背,1,二氧化硫,SO2,ppb,2017-10-05,2.6,1.7,1.5,1.3,1.4,1.6,2.3,5.2,2.7,2.2,2.2,3.1,3.6,2.9,2.3,2.1,2.3,2.2,1.9,1.8,1.8,1.7,1.9,3
38,崙背,2,一氧化碳,CO,ppm,2017-10-05,0.23,0.24,0.24,0.24,0.23,0.24,0.31,0.62,0.27,0.28,0.27,0.29,0.28,0.24,0.22,0.22,0.24,0.24,0.2,0.16,0.15,0.16,0.17,0.24
38,崙背,3,臭氧,O3,ppb,2017-10-05,19,20,18,14,14,9.8,11,15,22,39,57,73,78,77,72,70,63,48,40,36,34,30,29,21
38,崙背,4,懸浮微粒,PM10,μg/m3,2017-10-05,28,20,19,11,15,11,20,24,35,47,55,50,53,56,61,59,65,68,73,72,67,48,42,43
38,崙背,5,氮氧化物,NOx,ppb,2017-10-05,8.7,7.7,7.4,7.8,8.1,11,13,18,13,8.9,5.7,6.2,6.5,5.6,4.9,5.2,6.9,7.6,6.1,5.6,5.1,5.1,5.4,8.4
38,崙背,6,一氧化氮,NO,ppb,2017-10-05,0.9,0.3,0.3,0.4,0.5,0.8,1.9,4.6,3.3,1.7,0.2,0.4,0.1,0.1,0,0.1,0.3,0,0.3,0.4,0.3,0.3,0.1,0.4
38,崙背,7,二氧化氮,NO2,ppb,2017-10-05,7.8,7.4,7.1,7.4,7.6,10,11,13,9.3,7.3,5.5,5.8,6.4,5.4,5,5.1,6.5,7.6,5.9,5.2,4.8,4.8,5.4,8
38,崙背,10,風速,WIND_SPEED,m/sec,2017-10-05,0.9,1.9,1.5,1.7,1.7,1.7,2,2.5,2.5,1.7,1.5,1.8,2.6,2.9,2.9,3.1,2.7,3.3,3.1,3,2.2,1.7,1,0.8
38,崙背,11,風向,WIND_DIREC,degrees,2017-10-05,12,2.7,357,12,26,358,349,34,18,29,291,321,316,310,327,344,331,326,337,345,324,321,307,310
38,崙背,14,溫度,AMB_TEMP,℃,2017-10-05,26.3,26.1,25.8,25.5,25.4,25.4,25.5,26.3,27.8,29.7,31.2,32.4,32.5,32.6,32.4,31.9,31.1,29.9,28.9,28.5,28.3,28.3,28.1,28
38,崙背,21,酸雨,PH_RAIN,pH,2017-10-05,0,0,0,0,0,0,0,0,0,0,0,0,0,0,0,0,0,0,0,0,0,0,0,0
38,崙背,22,導電度,RAIN_COND,μmho/cm,2017-10-05,0,0,0,0,0,0,0,0,0,0,0,0,0,0,0,0,0,0,0,0,0,0,0,0
38,崙背,32,降雨強度,RAIN_INT,㎜,2017-10-05,0,0,0,0,0,0,0,0,0,0,0,0,0,0,0,0,0,0,0,0,0,0,0,0
38,崙背,33,細懸浮微粒,PM2.5,μg/m3,2017-10-05,20,18,17,13,20,12,17,13,13,21,33,44,35,29,29,29,26,24,18,19,17,23,16,18
38,崙背,38,相對濕度,RH,percent,2017-10-05,89,90,90,90,90,90,90,89,84,74,62,56,57,57,58,60,64,74,85,89,90,90,90,90
38,崙背,143,小時風速值,WS_HR,m/sec,2017-10-05,1.1,1.4,1.1,1.6,1.8,1.5,1.8,2.3,2.2,1.7,1,1.1,2.2,2.3,2.6,2.7,2.9,2.9,2.8,2.6,2.6,1.9,1.1,0.8
38,崙背,144,小時風向值,WD_HR,degrees,2017-10-05,22,9.8,7.1,12,26,12,351,21,23,18,325,276,310,313,312,338,331,329,338,340,338,318,307,303
39,新港,1,二氧化硫,SO2,ppb,2017-10-05,1,2.6,2.2,2.1,2,2,2.2,2.5,2.9,2.8,2.7,2.6,2.4,2.9,2.6,2.3,2,2,1.7,1.8,1.8,1.9,1.9,2.1
39,新港,2,一氧化碳,CO,ppm,2017-10-05,0.27,0.3,0.28,0.29,0.31,0.37,0.41,0.41,0.42,0.41,0.37,0.36,0.35,0.31,0.28,0.23,0.23,0.25,0.22,0.2,0.18,0.17,0.18,0.19
39,新港,3,臭氧,O3,ppb,2017-10-05,20,18,16,15,11,6,5.1,11,18,39,58,70,74,80,78,68,60,50,40,37,34,33,31,30
39,新港,4,懸浮微粒,PM10,μg/m3,2017-10-05,39,36,35,31,30,33,33,34,32,45,55,66,64,67,76,102,95,91,69,64,49,45,43,47
39,新港,5,氮氧化物,NOx,ppb,2017-10-05,9.6,8.5,8.2,7.8,9.7,13,14,14,14,9.7,6.7,5.4,5.3,5.5,5.9,5.1,4.9,5.2,5.1,4.8,4.4,4.5,4.7,5.2
39,新港,6,一氧化氮,NO,ppb,2017-10-05,1.4,0.7,0.7,0.8,0.9,1.5,3.3,4.5,4.9,2.6,1.1,0.8,0.6,0.6,0.6,0.8,0.6,0.6,0.7,0.9,0.6,0.8,0.7,0.8
39,新港,7,二氧化氮,NO2,ppb,2017-10-05,8.2,7.8,7.6,7,8.8,11,11,9.3,9.4,7.1,5.6,4.6,4.7,4.8,5.2,4.2,4.2,4.6,4.4,3.9,3.8,3.7,4,4.3
39,新港,10,風速,WIND_SPEED,m/sec,2017-10-05,1.8,1.4,1.6,1.6,1.1,1.4,1.6,2.3,1.5,1.3,1.2,1.3,1.9,3.3,3.1,3.3,3.4,3.4,3,2.3,2.5,2.3,1.4,0.7
39,新港,11,風向,WIND_DIREC,degrees,2017-10-05,294,354,339,2.6,23,18,351,31,16,337,338,257,281,299,319,301,317,314,308,330,331,342,1.1,294
39,新港,14,溫度,AMB_TEMP,℃,2017-10-05,26.5,26.3,25.9,25.7,25.5,25.6,25.5,25.8,27.4,29.3,30.6,32,33,33.4,33.2,32.5,31.4,29.9,28.7,28.2,28.1,28,27.9,27.8
39,新港,33,細懸浮微粒,PM2.5,μg/m3,2017-10-05,16,16,22,12,20,16,20,11,20,23,41,43,40,32,29,27,28,15,23,14,17,16,23,16
39,新港,38,相對濕度,RH,percent,2017-10-05,77,78,80,81,83,83,84,82,76,70,66,60,56,55,56,58,62,69,76,78,78,78,78,78
39,新港,143,小時風速值,WS_HR,m/sec,2017-10-05,0.9,0.7,1.4,1.3,1.3,1.3,1.3,1.9,1.3,1.2,1.2,0.7,1.1,2.5,2.7,2.8,3,3,2.6,2.3,2.4,2,1.4,0.7
39,新港,144,小時風向值,WD_HR,degrees,2017-10-05,320,337,310,346,3,21,338,6.1,27,3.8,292,287,299,303,315,318,312,309,313,329,334,337,325,321
40,朴子,1,二氧化硫,SO2,ppb,2017-10-05,3.4,3.5,2.7,2.4,2.2,2.1,2.2,2.6,4.4,3.3,3.2,2.6,2.7,2.2,2.5,5.2,3.7,2.8,2,1.9,2.2,2,2.5,2.4
40,朴子,2,一氧化碳,CO,ppm,2017-10-05,0.38,0.36,0.28,0.25,0.25,0.26,0.35,0.35,0.42,0.36,0.37,0.4,0.42,0.34,0.29,0.26,0.25,0.24,0.21,0.19,0.17,0.16,0.16,0.17
40,朴子,3,臭氧,O3,ppb,2017-10-05,23,21,20,19,17,13,9.2,14,24,47,67,74,89,95,84,70,61,51,44,41,38,37,35,33
40,朴子,4,懸浮微粒,PM10,μg/m3,2017-10-05,60,50,48,49,50,49,46,49,53,54,66,65,70,65,70,66,69,78,82,79,64,54,49,54
40,朴子,5,氮氧化物,NOx,ppb,2017-10-05,8.9,10,9.2,8,8.5,8.5,14,13,15,10,7,6.5,9.9,9,10,13,8.2,7.4,6,5.1,4.3,4.4,5.3,5.9
40,朴子,6,一氧化氮,NO,ppb,2017-10-05,0.4,1,0.9,0.6,0.8,0.8,3.2,3.6,4.5,2.3,1.2,0.6,1.6,1,1.5,1.7,1.4,1.1,1,0.9,0.7,0.8,1,1
40,朴子,7,二氧化氮,NO2,ppb,2017-10-05,8.5,9.2,8.3,7.5,7.7,7.7,10,9.4,10,7.8,5.8,5.9,8.4,8,8.6,11,6.8,6.3,5,4.2,3.7,3.6,4.3,4.8
40,朴子,10,風速,WIND_SPEED,m/sec,2017-10-05,1.3,1.6,1.3,1.2,1.5,1.1,1.7,2,1.9,1.3,1.5,2,3.1,3.1,3,2.9,3.8,3,2.3,2.5,2.1,2.4,1.8,0.9
40,朴子,11,風向,WIND_DIREC,degrees,2017-10-05,352,346,325,3.8,6.7,37,14,14,47,67,31,342,285,302,339,354,339,348,342,348,344,8.2,347,13
40,朴子,14,溫度,AMB_TEMP,℃,2017-10-05,27.3,27.1,26.9,26.4,26.2,25.8,26.1,27.2,29.5,31.6,32.8,33.6,34.5,34.7,34.2,33.7,32.4,30.7,29.7,29.2,29,28.9,28.8,28.6
40,朴子,33,細懸浮微粒,PM2.5,μg/m3,2017-10-05,18,17,9,1,4,6,12,14,18,27,35,35,33,29,27,24,23,19,13,11,11,13,8,13
40,朴子,38,相對濕度,RH,percent,2017-10-05,84,86,87,88,90,92,92,87,77,69,63,60,58,57,59,61,67,75,82,85,85,85,85,86
40,朴子,143,小時風速值,WS_HR,m/sec,2017-10-05,1.2,1.2,1.2,1.2,1.3,1.3,1.3,1.7,1.7,1.2,0.5,1,2.3,2.5,2.5,2.6,2.9,3,2.6,2.5,2.2,1.8,1.6,1.1
40,朴子,144,小時風向值,WD_HR,degrees,2017-10-05,353,356,354,2.9,353,22,357,15,20,30,7.2,330,290,297,314,333,345,345,344,345,347,2.1,346,360
41,臺西,1,二氧化硫,SO2,ppb,2017-10-05,5.4,2.8,2.5,2.1,2.3,2.7,4.9,2.7,7.3,11,6.8,5.8,4,3.8,2.8,2.5,2.6,2,2.6,2.5,2.3,2.7,2.4,2.7
41,臺西,2,一氧化碳,CO,ppm,2017-10-05,0.4,0.24,0.24,0.23,0.25,0.31,0.52,0.19,0.36,0.53,0.39,0.31,0.25,0.21,0.19,0.18,0.18,0.16,0.16,0.15,0.15,0.16,0.17,0.18
41,臺西,3,臭氧,O3,ppb,2017-10-05,23,23,23,22,19,16,18,31,26,30,46,65,74,69,62,56,49,44,41,39,38,37,38,36
41,臺西,4,懸浮微粒,PM10,μg/m3,2017-10-05,49,38,35,36,38,38,42,48,48,50,66,70,62,59,53,51,55,52,48,47,48,54,54,49
41,臺西,5,氮氧化物,NOx,ppb,2017-10-05,12,9.2,7.4,7.1,8.5,11,15,10,18,21,14,9.8,7.1,8,5.5,4.8,5.1,3.7,4.9,4.4,4.1,4.8,4.7,5.7
41,臺西,6,一氧化氮,NO,ppb,2017-10-05,1,0.4,0.1,0.2,0.5,0.6,1.4,0.9,4.1,4.8,2.6,1,0.7,0.5,0.2,0.2,0.3,0.5,0.2,0.4,0.1,0.1,0,0.2
41,臺西,7,二氧化氮,NO2,ppb,2017-10-05,11,8.9,7.3,6.8,8,10,14,9.6,14,17,12,8.8,6.5,7.5,5.2,4.6,4.8,3.2,4.7,4,4,4.7,4.6,5.5
41,臺西,8,總碳氫化合物,THC,ppm,2017-10-05,2,2.1,2.2,2.2,2.2,2.2,2.1,1.9,2,2,1.9,1.9,1.9,1.9,1.9,1.9,1.9,1.8,1.8,1.9,1.8,1.9,1.9,1.9
41,臺西,9,非甲烷碳氫化合物,NMHC,ppm,2017-10-05,0,0.01,0.02,0.02,0.03,0.02,0.02,-0.01,0.01,0.03,0.02,0.02,0.03,0.04,0.03,0.03,0.01,0.02,0.01,0.03,0.01,0.02,0.02,0.03
41,臺西,10,風速,WIND_SPEED,m/sec,2017-10-05,2.6,3,1.6,3.3,2.4,3,4.6,5.2,3.6,3.7,3.8,5.1,4.8,6,7.1,6.8,7.2,7.8,6.2,6.7,8.1,7.3,6.2,5.8
41,臺西,11,風向,WIND_DIREC,degrees,2017-10-05,34,35,49,30,57,35,23,24,19,8.6,20,5.2,1.9,358,359,4.3,356,356,358,360,358,357,356,356
41,臺西,14,溫度,AMB_TEMP,℃,2017-10-05,26,25.8,25.6,25.3,25.2,25,25.5,26.8,27.8,29,30.2,30.4,30.7,31,30.7,30.3,29.5,28.6,28.3,28.2,28.1,28,28.1,28
41,臺西,31,甲烷,CH4,ppm,2017-10-05,2,2.1,2.1,2.1,2.1,2.2,2,1.9,2,1.9,1.9,1.9,1.8,1.8,1.8,1.8,1.8,1.8,1.8,1.8,1.8,1.8,1.8,1.8
41,臺西,33,細懸浮微粒,PM2.5,μg/m3,2017-10-05,20,21,19,17,20,22,19,19,23,28,32,30,28,25,24,23,21,18,18,18,17,18,14,13
41,臺西,38,相對濕度,RH,percent,2017-10-05,83,84,85,86,86,86,85,83,79,76,74,74,73,73,74,76,80,82,83,83,83,83,83,84
41,臺西,143,小時風速值,WS_HR,m/sec,2017-10-05,2.7,2.4,1.8,3.1,2.4,3.2,3.5,5.2,4,3.9,3.5,4.4,4.7,5.7,6.3,6.5,6.3,7.2,6.3,6.6,7.5,7.3,6.7,5.8
41,臺西,144,小時風向值,WD_HR,degrees,2017-10-05,47,34,32,30,45,38,22,24,24,14,8.2,9,4.8,359,358,359,2.8,356,2.7,359,357,358,357,356
42,嘉義,1,二氧化硫,SO2,ppb,2017-10-05,2.9,3.3,2.9,2.9,4.3,3.3,3.6,4.1,4.8,4.3,4,3.3,3.6,2.8,3.5,3,3.1,3,2.8,2.8,3.1,3,3.2,3.5
42,嘉義,2,一氧化碳,CO,ppm,2017-10-05,0.43,0.43,0.45,0.39,0.38,0.45,0.56,0.69,0.64,0.51,0.43,0.4,0.43,0.35,0.39,0.43,0.45,0.48,0.48,0.43,0.41,0.4,0.33,0.31
42,嘉義,3,臭氧,O3,ppb,2017-10-05,13,12,11,8.8,9,5.9,5.6,7.9,17,42,61,76,83,77,78,73,57,47,38,31,28,26,26,26
42,嘉義,4,懸浮微粒,PM10,μg/m3,2017-10-05,61,59,54,43,44,47,61,63,63,65,70,71,68,69,70,73,72,78,81,82,65,57,55,62
42,嘉義,5,氮氧化物,NOx,ppb,2017-10-05,,,,,,,,x,23,17,12,10,11,7.5,9.5,11,14,15,16,15,14,12,10,9.7
42,嘉義,6,一氧化氮,NO,ppb,2017-10-05,,,,,,,,x,7.7,4.2,2.5,1.8,1.5,1.2,1.4,1.5,1.6,1.8,1.9,1.9,1.8,2.1,1.8,1.5
42,嘉義,7,二氧化氮,NO2,ppb,2017-10-05,,,,,,,,x,16,13,9.7,8.2,9.7,6.2,8.1,9.7,12,13,14,13,12,10,8.6,8.2
42,嘉義,8,總碳氫化合物,THC,ppm,2017-10-05,2.1,2.1,2.1,2.2,2.2,2.2,2.3,2.3,2.2,2.1,2,1.9,1.9,1.8,1.9,1.9,1.9,1.9,1.9,1.9,1.9,1.9,1.8,1.8
42,嘉義,9,非甲烷碳氫化合物,NMHC,ppm,2017-10-05,0.16,0.14,0.14,0.13,0.13,0.17,0.21,0.25,0.25,0.21,0.15,0.1,0.09,0.06,0.08,0.12,0.14,0.16,0.14,0.12,0.12,0.1,0.07,0.06
42,嘉義,10,風速,WIND_SPEED,m/sec,2017-10-05,0.8,0.8,1.1,1.4,1.3,0.8,1.6,2.6,1.3,1.9,2.2,1.3,2.1,1.9,3.2,2.1,2.3,2.8,2.7,2.3,2.5,1.3,1.3,0.5
42,嘉義,11,風向,WIND_DIREC,degrees,2017-10-05,210,89,224,21,350,66,44,351,53,335,260,227,229,272,333,343,337,314,324,353,345,344,336,206
42,嘉義,14,溫度,AMB_TEMP,℃,2017-10-05,26.5,26.5,26.4,25.9,25.6,25.5,25.7,26.3,27.8,30.2,31.2,32.2,32.5,33.3,33.3,30.3,29.5,29.2,28.2,27.7,27.5,27.3,27.1,26.9
42,嘉義,31,甲烷,CH4,ppm,2017-10-05,1.9,1.9,2,2.1,2.1,2.1,2,2,2,1.9,1.8,1.8,1.8,1.8,1.8,1.8,1.8,1.8,1.8,1.8,1.8,1.8,1.8,1.8
42,嘉義,33,細懸浮微粒,PM2.5,μg/m3,2017-10-05,33,29,24,21,19,26,34,37,41,38,49,44,51,34,39,36,41,36,33,30,25,19,15,16
42,嘉義,38,相對濕度,RH,percent,2017-10-05,81,83,85,86,86,87,87,84,77,67,63,57,57,53,55,80,79,75,81,85,85,86,87,87
42,嘉義,143,小時風速值,WS_HR,m/sec,2017-10-05,0.6,0.3,0.4,1,1.4,1.2,1,1.8,1.3,1.1,1.4,1.2,1.6,1.9,2.1,1.4,2.3,2.3,2.4,1.9,2.3,1.9,1,0.3
42,嘉義,144,小時風向值,WD_HR,degrees,2017-10-05,219,129,189,323,347,15,35,355,358,15,290,256,246,241,303,12,325,322,322,331,343,343,341,318
43,新營,1,二氧化硫,SO2,ppb,2017-10-05,4.1,4,3.6,3,2.7,2.8,3.3,3.8,5.2,4.3,4,4.1,4,4.7,4.5,4.4,4.4,3.2,2.6,2.2,2.2,2.3,2.4,2.5
43,新營,2,一氧化碳,CO,ppm,2017-10-05,0.47,0.4,0.38,0.35,0.34,0.36,0.41,0.5,0.52,0.53,0.54,0.51,0.49,0.43,0.36,0.31,0.32,0.36,0.33,0.28,0.23,0.23,0.21,0.2
43,新營,3,臭氧,O3,ppb,2017-10-05,16,15,15,13,11,8.4,5,8.1,12,32,54,69,73,79,82,77,58,50,39,34,33,30,29,28
43,新營,4,懸浮微粒,PM10,μg/m3,2017-10-05,59,54,52,47,47,47,55,58,66,68,83,83,82,77,67,70,67,72,70,67,64,56,48,51
43,新營,5,氮氧化物,NOx,ppb,2017-10-05,11,14,13,13,13,13,23,26,29,20,16,16,13,11,9.9,10,13,13,12,10,7.3,7,6.5,6.5
43,新營,6,一氧化氮,NO,ppb,2017-10-05,0.3,0.4,0.6,0.6,0.6,0.6,4.8,8.8,10,4.6,2.1,1.3,0.7,0.8,0.8,0.7,0.9,0.6,0.6,0.6,0.5,0.7,0.5,0.5
43,新營,7,二氧化氮,NO2,ppb,2017-10-05,11,13,12,12,13,12,18,17,19,16,14,15,12,9.8,9.1,9.5,13,13,11,9.4,6.8,6.4,6,6
43,新營,8,總碳氫化合物,THC,ppm,2017-10-05,2.2,2.2,2.2,2.3,2.3,2.3,2.4,2.4,2.4,2.3,2.3,2.2,2.1,2.1,2,2,2,2,2,2,1.9,1.9,1.9,1.9
43,新營,9,非甲烷碳氫化合物,NMHC,ppm,2017-10-05,0.08,0.07,0.1,0.07,0.08,0.11,0.13,0.15,0.16,0.16,0.14,0.12,0.11,0.08,0.06,0.08,0.1,0.1,0.07,0.04,0.02,0.02,0.01,0.01
43,新營,10,風速,WIND_SPEED,m/sec,2017-10-05,1.6,1.6,1.8,1.8,2,1.5,1,2,2,1.3,2.1,1.9,1.6,2.4,2.6,2.3,2.8,2.4,2.3,2.2,2.4,2.7,1.2,1.3
43,新營,11,風向,WIND_DIREC,degrees,2017-10-05,343,16,342,1.4,20,7.3,22,17,37,8.2,39,65,257,321,351,353,337,351,354,359,16,14,354,4.6
43,新營,14,溫度,AMB_TEMP,℃,2017-10-05,27.2,27.2,27.1,26.4,26.4,26.1,26.1,26.8,28,29.5,31,31.9,32,32.7,33.3,33,32.2,31,29.6,29,28.6,28.3,28.2,28
43,新營,21,酸雨,PH_RAIN,pH,2017-10-05,0,0,0,0,0,0,0,0,0,0,0,0,0,0,0,0,0,0,0,0,0,0,0,0
43,新營,22,導電度,RAIN_COND,μmho/cm,2017-10-05,0,0,0,0,0,0,0,0,0,0,0,0,0,0,0,0,0,0,0,0,0,0,0,0
43,新營,31,甲烷,CH4,ppm,2017-10-05,2.1,2.1,2.1,2.2,2.2,2.2,2.3,2.3,2.3,2.2,2.1,2.1,2,2,1.9,1.9,1.9,1.9,1.9,1.9,1.9,1.9,1.9,1.9
43,新營,32,降雨強度,RAIN_INT,㎜,2017-10-05,0,0,0,0,0,0,0,0,0,0,0,0,0,0,0,0,0,0,0,0,0,0,0,0
43,新營,33,細懸浮微粒,PM2.5,μg/m3,2017-10-05,21,20,21,24,23,26,25,31,31,31,31,31,31,31,36,32,24,17,19,21,16,14,11,18
43,新營,38,相對濕度,RH,percent,2017-10-05,80,81,81,84,83,85,85,83,81,77,71,68,66,63,61,63,66,70,76,80,81,83,83,83
43,新營,143,小時風速值,WS_HR,m/sec,2017-10-05,1.2,1.2,0.6,1.5,1,1.3,1.2,1.8,1.8,1.2,0.6,1.2,0.8,1.5,2,2.2,2.5,2.3,2.3,2,2.5,2.2,1.7,1.3
43,新營,144,小時風向值,WD_HR,degrees,2017-10-05,352,9.3,1,347,7.1,32,16,16,24,24,21,61,298,302,320,335,343,355,348,353,11,13,9.6,17
44,善化,1,二氧化硫,SO2,ppb,2017-10-05,4.6,3.9,4.3,3,3.2,3.8,2.7,5.1,8.9,6.5,4.5,3.1,2.5,2.4,2.7,2.1,2,1.8,2.3,2.1,1.1,1.9,1.2,1.4
44,善化,2,一氧化碳,CO,ppm,2017-10-05,0.43,0.43,0.4,0.43,0.41,0.42,0.4,0.43,0.44,0.41,0.39,0.35,0.36,0.34,0.29,0.25,0.25,0.27,0.27,0.23,0.21,0.2,0.17,0.18
44,善化,3,臭氧,O3,ppb,2017-10-05,15,13,9.2,7.2,7.4,5.2,7,13,18,38,60,73,75,78,70,68,64,57,41,35,34,31,29,26
44,善化,4,懸浮微粒,PM10,μg/m3,2017-10-05,59,58,53,47,42,48,49,55,67,74,85,73,73,62,65,61,61,58,56,55,59,64,62,55
44,善化,5,氮氧化物,NOx,ppb,2017-10-05,14,13,16,15,17,18,16,18,22,17,15,16,9.2,8.5,8.4,6.4,7.4,8,9.6,9.2,8.1,6.4,5.5,5.5
44,善化,6,一氧化氮,NO,ppb,2017-10-05,0.7,0.8,0.8,1.7,1.8,1.6,3.4,5.4,7.1,4.1,2.6,2.2,1.6,1.4,1.3,1.2,1.3,1.2,1.2,1.2,1.3,1.2,1.2,1.4
44,善化,7,二氧化氮,NO2,ppb,2017-10-05,13,13,15,13,15,16,13,12,15,12,12,14,7.6,7.1,7.1,5.2,6.1,6.8,8.4,8,6.8,5.2,4.3,4.2
44,善化,10,風速,WIND_SPEED,m/sec,2017-10-05,1.4,1.3,1.5,1.2,0.8,1.1,1.3,2.8,1.9,1.4,1.1,2.8,2.7,3.4,1.7,2.5,2.9,2.7,3.6,3.1,3.5,3.3,2.9,0.8
44,善化,11,風向,WIND_DIREC,degrees,2017-10-05,13,26,289,318,7.4,354,9.6,4.8,353,22,229,250,278,268,288,308,313,305,336,358,356,342,351,18
44,善化,14,溫度,AMB_TEMP,℃,2017-10-05,27.9,27.5,27,26.5,26.4,26.4,26.5,27.7,28.9,30.8,31.8,33,33.5,33.4,33.2,33.5,32.5,30.8,30,29.4,28.9,28.7,28.4,27.9
44,善化,33,細懸浮微粒,PM2.5,μg/m3,2017-10-05,25,24,28,24,24,22,22,22,27,37,38,44,47,45,41,31,32,26,32,24,22,8,14,8
44,善化,36,二氧化碳,CO2,ppm,2017-10-05,435,440,442,454,448,453,455,445,448,437,428,419,418,417,416,411,410,410,415,417,408,408,406,408
44,善化,38,相對濕度,RH,percent,2017-10-05,85,87,88,90,89,90,90,86,83,78,73,68,69,68,67,66,70,77,80,83,85,86,87,89
44,善化,143,小時風速值,WS_HR,m/sec,2017-10-05,1.5,1.2,1,1,1.3,0.5,1.3,1.4,2.3,1.2,0.6,1.1,2.8,2.4,2.5,2.4,2.7,2.7,2.7,3.5,3.2,2.8,3,1.6
44,善化,144,小時風向值,WD_HR,degrees,2017-10-05,348,7.4,7.7,322,358,9.4,6.9,357,4.1,357,203,230,287,275,267,304,311,304,322,350,354,355,350,8.9
45,安南,1,二氧化硫,SO2,ppb,2017-10-05,4.9,5.9,5.3,4.9,4.1,4.1,3.8,3.8,4.4,4.5,4.1,3.2,3.9,4.5,3.4,2.4,2.4,2,1.9,3,3.9,2,1.9,1.9
45,安南,2,一氧化碳,CO,ppm,2017-10-05,0.4,0.42,0.43,0.44,0.43,0.44,0.44,0.55,0.49,0.47,0.41,0.34,0.35,0.32,0.26,0.22,0.23,0.26,0.26,0.25,0.29,0.23,0.17,0.2
45,安南,3,臭氧,O3,ppb,2017-10-05,18,14,9.9,9.7,10,9.6,9.4,16,23,42,70,80,82,83,76,67,62,53,48,41,31,37,37,32
45,安南,4,懸浮微粒,PM10,μg/m3,2017-10-05,54,44,45,50,47,51,54,55,59,64,78,77,74,62,57,48,55,54,54,48,53,49,46,47
45,安南,5,氮氧化物,NOx,ppb,2017-10-05,15,18,19,18,16,16,20,23,26,20,14,7.7,7.1,6.8,5.8,4.9,6,7.1,7.3,8.4,13,7.9,5.6,6.8
45,安南,6,一氧化氮,NO,ppb,2017-10-05,1.2,1,1,0.8,0.9,1.1,3,7.2,7.9,3.9,1.7,0.6,0.4,0.7,0.6,0.4,0.5,0.5,0.5,0.4,0.7,0.8,0.4,0.2
45,安南,7,二氧化氮,NO2,ppb,2017-10-05,13,17,18,17,16,15,17,16,19,16,12,7.1,6.6,6,5.2,4.6,5.5,6.6,6.9,8,12,7.2,5.2,6.6
45,安南,8,總碳氫化合物,THC,ppm,2017-10-05,2.1,2.1,2.2,2.3,2.4,2.4,2.4,2.4,2.3,2.2,2.2,2,2,1.9,1.9,1.9,1.9,1.9,1.9,2,2,1.9,1.9,2
45,安南,9,非甲烷碳氫化合物,NMHC,ppm,2017-10-05,0.07,0.08,0.09,0.11,0.13,0.11,0.12,0.14,0.13,0.13,0.14,0.07,0.05,0.02,0.02,0.02,0.05,0.05,0.04,0.06,0.08,0.04,0.02,0.04
45,安南,10,風速,WIND_SPEED,m/sec,2017-10-05,1.4,1,1.8,1.5,0.8,0.7,1.5,1.2,1.5,1.3,2.4,4,3.4,2.9,3.6,3.8,3.6,3.4,2.5,2.9,1.9,2.5,2.7,1.5
45,安南,11,風向,WIND_DIREC,degrees,2017-10-05,28,11,324,341,330,48,350,339,8.6,342,310,313,310,288,294,299,318,328,328,342,22,346,347,23
45,安南,14,溫度,AMB_TEMP,℃,2017-10-05,28.3,27.8,27.5,27.3,27,27.1,27.2,27.8,29.1,30.3,32.4,33.7,33.4,33.6,33.5,33.3,32.5,31.1,30.3,29.8,29.5,29.2,28.9,28.5
45,安南,31,甲烷,CH4,ppm,2017-10-05,2,2.1,2.1,2.2,2.2,2.3,2.3,2.2,2.1,2.1,2.1,2,2,1.9,1.9,1.9,1.9,1.9,1.9,1.9,1.9,1.9,1.9,1.9
45,安南,33,細懸浮微粒,PM2.5,μg/m3,2017-10-05,15,7,12,17,20,21,20,25,29,40,42,40,34,35,31,25,21,18,15,14,20,21,17,6
45,安南,38,相對濕度,RH,percent,2017-10-05,79,81,82,83,84,83,83,79,74,71,62,55,57,55,55,56,61,69,73,77,79,79,80,82
45,安南,143,小時風速值,WS_HR,m/sec,2017-10-05,1.3,0.9,1,1.3,0.8,0.5,1.4,1,1.3,0.8,1.3,3,3.2,2.6,3.4,3.3,3.5,3.5,2.7,2.4,1.8,2.3,2.8,1.3
45,安南,144,小時風向值,WD_HR,degrees,2017-10-05,349,26,13,324,24,12,333,5.4,12,16,301,296,298,294,292,301,315,319,329,336,358,351,342,20
46,臺南,1,二氧化硫,SO2,ppb,2017-10-05,4.8,4.5,4.6,4.7,4.4,4.9,4.5,2.8,3.1,4.1,3.6,3.5,x,6.2,4,2.2,2.3,1.8,1.6,1.7,3.5,2,1.7,1.7
46,臺南,2,一氧化碳,CO,ppm,2017-10-05,0.38,0.41,0.47,0.48,0.47,0.52,0.53,0.6,0.65,0.6,0.58,0.5,x,0.44,0.36,0.3,0.4,0.47,0.44,0.38,0.32,0.32,0.26,0.22
46,臺南,3,臭氧,O3,ppb,2017-10-05,19,17,9.7,7.6,7.7,7.7,12,20,32,48,73,x,91,86,75,63,55,48,43,40,31,32,33,32
46,臺南,4,懸浮微粒,PM10,μg/m3,2017-10-05,56,43,51,47,46,50,49,52,44,57,61,,79,73,71,62,56,46,39,36,44,49,50,43
46,臺南,5,氮氧化物,NOx,ppb,2017-10-05,14,15,20,23,20,20,20,18,19,22,17,12,x,10,9.3,7.4,11,10,9.7,8.9,12,11,8,6.7
46,臺南,6,一氧化氮,NO,ppb,2017-10-05,1.6,1.7,1.7,1.6,1.6,1.5,2.6,4.5,4.5,4.1,2.6,1.8,x,1.7,1.7,1.8,1.8,1.5,1.4,1.4,1.4,1.4,1.5,1.5
46,臺南,7,二氧化氮,NO2,ppb,2017-10-05,12,14,18,22,18,18,17,14,15,17,15,10,x,8.3,7.5,5.6,9.1,8.7,8.3,7.4,10,9.5,6.5,5.2
46,臺南,8,總碳氫化合物,THC,ppm,2017-10-05,2,2,2.2,2.2,2.2,2.3,2.3,2.2,2.2,2.2,2.1,x,2,1.9,1.9,1.9,1.9,2,1.9,1.9,1.9,1.9,1.9,1.9
46,臺南,9,非甲烷碳氫化合物,NMHC,ppm,2017-10-05,0.09,0.1,0.16,0.15,0.13,0.18,0.18,0.16,0.19,0.21,0.19,x,0.11,0.08,0.09,0.07,0.11,0.18,0.12,0.1,0.1,0.1,0.06,0.07
46,臺南,10,風速,WIND_SPEED,m/sec,2017-10-05,1.9,1.5,1.4,1.6,1,0.8,1.4,1.9,1.7,1.2,2.7,2.8,1.9,2.5,2.4,2.2,2.7,3,2.2,2.8,2.4,2.7,3.1,2.1
46,臺南,11,風向,WIND_DIREC,degrees,2017-10-05,27,20,1.4,2.9,44,44,14,33,33,0.1,296,264,268,251,320,300,346,351,0.4,355,43,353,19,23
46,臺南,14,溫度,AMB_TEMP,℃,2017-10-05,28.1,27.8,27.6,27.4,27.1,27.2,27.3,27.8,29,30.4,32,32.6,32.6,32.6,32.6,32.1,31.6,30.4,29.7,29.5,29.1,28.8,28.4,28.2
46,臺南,31,甲烷,CH4,ppm,2017-10-05,2,1.9,2,2.1,2.1,2.1,2.1,2.1,2,2,2,x,1.9,1.8,1.8,1.8,1.8,1.8,1.8,1.8,1.8,1.8,1.8,1.8
46,臺南,33,細懸浮微粒,PM2.5,μg/m3,2017-10-05,14,19,18,23,24,24,27,26,29,33,34,,43,38,36,29,26,22,20,19,17,12,11,11
46,臺南,38,相對濕度,RH,percent,2017-10-05,81,81,83,84,85,84,83,81,77,73,67,66,63,63,63,63,68,74,78,79,82,82,83,84
46,臺南,143,小時風速值,WS_HR,m/sec,2017-10-05,1.3,1.4,1.3,1.1,1,0.9,1.3,1.3,1.3,0.6,1,2.3,2.1,1.7,2,2,2.3,2.4,2.4,2.3,2.4,2.2,2.2,2
46,臺南,144,小時風向值,WD_HR,degrees,2017-10-05,10,22,20,359,43,37,343,25,6.8,41,286,261,268,279,279,312,327,336,349,359,25,11,14,31
47,美濃,1,二氧化硫,SO2,ppb,2017-10-05,0.9,1.6,1.8,1.7,1.8,1.5,1.7,2,2.6,2.5,2.5,2.4,2.2,3.8,6.6,5.3,3.4,3.5,3.1,3.7,2.5,2.2,2.5,2
47,美濃,2,一氧化碳,CO,ppm,2017-10-05,0.33,0.31,0.31,0.32,0.32,0.34,0.37,0.4,0.39,0.32,0.27,0.29,0.3,0.39,0.41,0.34,0.32,0.39,0.39,0.38,0.39,0.36,0.35,0.36
47,美濃,3,臭氧,O3,ppb,2017-10-05,22,18,18,18,19,20,14,22,35,51,59,63,62,88,72,57,65,56,55,50,33,30,32,23
47,美濃,4,懸浮微粒,PM10,μg/m3,2017-10-05,59,60,54,54,60,59,62,63,66,65,59,58,56,65,71,56,53,67,77,74,70,65,59,62
47,美濃,5,氮氧化物,NOx,ppb,2017-10-05,4.8,4.2,4.2,4.7,4.4,4.8,7.4,7.1,6.6,4.4,3.5,3.2,3.7,6.6,12,8.2,7.3,13,11,9.9,11,8.8,7.4,7.3
47,美濃,6,一氧化氮,NO,ppb,2017-10-05,1.7,0.5,0.6,0.7,0.9,0.7,1,1.4,1.4,1,1,0.9,1,0.6,0.9,0.9,0.7,0.9,0.6,0.6,0.9,0.9,0.7,0.5
47,美濃,7,二氧化氮,NO2,ppb,2017-10-05,3.1,3.6,3.6,4,3.5,4.2,6.4,5.7,5.2,3.4,2.5,2.4,2.7,6,11,7.3,6.6,12,10,9.3,10,7.9,6.7,6.8
47,美濃,10,風速,WIND_SPEED,m/sec,2017-10-05,0.5,0.6,0.4,0.8,0.4,0.4,0.7,0.5,0.8,1.3,1.3,0.9,0.7,1,0.7,0.4,2.5,1.7,1.3,0.4,0.6,0.7,0.4,0.5
47,美濃,11,風向,WIND_DIREC,degrees,2017-10-05,94,86,12,92,181,63,102,99,181,206,174,275,295,300,294,335,215,188,169,168,73,70,79,73
47,美濃,14,溫度,AMB_TEMP,℃,2017-10-05,27.8,27.6,27.3,27.1,26.8,26.6,26.6,27.7,29.6,31.2,32.5,33.4,33.8,33.3,32.5,32.8,31.8,30.8,30.1,29.8,29.2,28.6,28.3,28
47,美濃,33,細懸浮微粒,PM2.5,μg/m3,2017-10-05,32,31,32,32,28,32,32,29,30,32,27,33,24,35,32,22,25,32,36,29,29,33,32,32
47,美濃,38,相對濕度,RH,percent,2017-10-05,90,90,90,91,91,92,91,87,80,70,62,61,61,63,63,58,63,69,73,75,80,83,84,86
47,美濃,143,小時風速值,WS_HR,m/sec,2017-10-05,0.5,0.5,0.3,0.5,0.3,0.5,0.7,0.1,0.2,0.5,0.7,0.2,0.5,1.2,1,0.4,2.1,1.9,1.5,0.7,0.4,0.6,0.4,0.5
47,美濃,144,小時風向值,WD_HR,degrees,2017-10-05,65,61,43,77,115,51,87,69,100,180,220,265,309,272,282,309,216,199,187,173,76,76,76,67
48,橋頭,1,二氧化硫,SO2,ppb,2017-10-05,3.3,3,2.7,2.4,2.1,1.8,2.1,3.2,4.9,6.3,4.7,5.1,3.7,2.7,2.9,3.1,2.8,2.6,2,2.3,2.4,2.8,2.5,2.2
48,橋頭,2,一氧化碳,CO,ppm,2017-10-05,0.47,0.46,0.44,0.43,0.41,0.43,0.59,0.74,0.58,0.45,0.47,0.43,0.31,0.29,0.27,0.27,0.3,0.34,0.35,0.47,0.4,0.27,0.25,0.21
48,橋頭,3,臭氧,O3,ppb,2017-10-05,19,14,12,11,7.3,7.7,6.1,9.2,35,68,81,98,83,77,76,74,64,51,46,37,32,35,32,29
48,橋頭,4,懸浮微粒,PM10,μg/m3,2017-10-05,78,83,84,76,70,64,63,71,72,75,82,82,68,53,53,52,50,55,53,52,59,64,73,67
48,橋頭,5,氮氧化物,NOx,ppb,2017-10-05,15,15,16,13,15,15,21,32,20,16,13,11,8.4,6.6,6.8,7.9,8.9,12,10,14,17,12,11,10
48,橋頭,6,一氧化氮,NO,ppb,2017-10-05,0.9,0.9,1.1,0.8,1,1.3,4.6,14,4.3,1.8,1.3,1.1,1,1,1,0.9,0.7,1.2,1,0.9,0.9,1,0.8,0.9
48,橋頭,7,二氧化氮,NO2,ppb,2017-10-05,15,14,14,13,14,13,16,18,16,15,11,10,7.4,5.7,5.9,7,8.2,11,9.1,13,16,11,9.9,9.5
48,橋頭,10,風速,WIND_SPEED,m/sec,2017-10-05,1.8,1.4,0.6,1.3,1.4,1.1,1,1.3,1.1,2,3.2,3.8,4,3.6,3.8,3.6,2.1,2.1,1.9,2,2,1.9,1.5,2.5
48,橋頭,11,風向,WIND_DIREC,degrees,2017-10-05,23,35,69,37,60,24,47,260,60,229,232,255,241,260,254,257,309,303,320,16,25,27,48,20
48,橋頭,14,溫度,AMB_TEMP,℃,2017-10-05,28.3,27.8,27.4,27.3,27.1,27,27,27.7,30.1,31.7,32.4,32.3,32.3,32.3,32.1,31.3,31,30.6,30.2,30.2,29.8,29.4,28.9,28.4
48,橋頭,21,酸雨,PH_RAIN,pH,2017-10-05,0,0,0,0,0,0,0,0,0,0,0,0,0,0,0,0,0,0,0,0,0,0,0,0
48,橋頭,22,導電度,RAIN_COND,μmho/cm,2017-10-05,0,0,0,0,0,0,0,0,0,0,0,0,0,0,0,0,0,0,0,0,0,0,0,0
48,橋頭,32,降雨強度,RAIN_INT,㎜,2017-10-05,0,0,0,0,0,0,0,0,0,0,0,0,0,0,0,0,0,0,0,0,0,0,0,0
48,橋頭,33,細懸浮微粒,PM2.5,μg/m3,2017-10-05,40,34,31,33,33,32,34,38,41,41,44,46,40,32,29,28,25,22,23,24,26,26,25,23
48,橋頭,38,相對濕度,RH,percent,2017-10-05,84,86,88,90,90,92,91,90,79,70,68,68,64,64,65,68,70,75,76,75,77,79,81,85
48,橋頭,143,小時風速值,WS_HR,m/sec,2017-10-05,1.9,1.7,1.2,0.5,1.2,1,0.7,0.3,0.4,0.1,2.8,3.7,3.5,3.8,3.7,3.5,2.5,2.4,1.9,1.3,1.7,2.1,1.8,1.7
48,橋頭,144,小時風向值,WD_HR,degrees,2017-10-05,16,22,47,12,43,21,60,139,322,291,247,246,251,252,255,262,258,291,301,359,38,24,29,34
49,仁武,1,二氧化硫,SO2,ppb,2017-10-05,5.4,3.5,3.1,6.6,5.5,3.6,5,6,5.2,11,6.7,5.2,4.1,4.2,3,3.5,2.6,2.1,2.1,2.1,3.7,7.3,9.7,7.5
49,仁武,2,一氧化碳,CO,ppm,2017-10-05,0.51,0.52,0.49,0.5,0.49,0.48,0.56,0.66,0.63,0.6,0.6,0.47,0.4,0.35,0.33,0.29,0.29,0.34,0.35,0.41,0.47,0.36,0.35,0.26
49,仁武,3,臭氧,O3,ppb,2017-10-05,25,21,16,14,8.9,12,11,25,44,59,77,80,85,85,80,78,68,52,46,39,34,34,31,32
49,仁武,4,懸浮微粒,PM10,μg/m3,2017-10-05,82,93,88,117,105,106,74,83,96,106,107,91,67,63,55,89,81,88,53,50,49,59,61,41
49,仁武,5,氮氧化物,NOx,ppb,2017-10-05,15,16,16,19,20,19,23,21,24,25,24,21,12,12,13,12,12,14,13,16,16,15,19,12
49,仁武,6,一氧化氮,NO,ppb,2017-10-05,0.9,0.7,0.8,0.9,1.4,1.3,3.6,4.3,4.4,3,2.5,1.5,1.4,1,1.4,1.2,0.9,0.8,0.7,0.7,0.7,0.9,1.7,1.2
49,仁武,7,二氧化氮,NO2,ppb,2017-10-05,14,15,15,18,19,18,20,17,20,22,22,19,11,11,11,10,11,13,12,15,15,14,17,11
49,仁武,8,總碳氫化合物,THC,ppm,2017-10-05,2.3,2.4,2.4,2.4,2.5,2.5,2.5,2.4,2.2,2.2,2.2,2.1,2,2,1.9,1.9,1.9,1.9,1.9,2,2.1,2.1,2.1,2
49,仁武,9,非甲烷碳氫化合物,NMHC,ppm,2017-10-05,0.2,0.24,0.23,0.23,0.3,0.27,0.3,0.29,0.17,0.19,0.16,0.1,0.06,0.04,0.04,0.03,0.04,0.05,0.06,0.14,0.19,0.19,0.12,0.11
49,仁武,10,風速,WIND_SPEED,m/sec,2017-10-05,1.5,1.6,1,1,1.7,0.5,1.3,x,1.4,2.2,2.6,2.7,3.4,3.1,2.8,2.3,1.7,1.6,1.1,1.3,2.1,1.4,2.4,2
49,仁武,11,風向,WIND_DIREC,degrees,2017-10-05,350,347,334,34,347,346,74,x,99,277,224,289,270,277,284,300,303,301,311,341,37,355,347,344
49,仁武,14,溫度,AMB_TEMP,℃,2017-10-05,28.7,28.3,27.8,27.8,27.7,27.4,27.5,28.7,30.5,31.8,31.3,30.7,30.9,31.3,30.8,30.2,29.9,29.8,29.6,29.8,29.9,29.6,29.1,28.6
49,仁武,31,甲烷,CH4,ppm,2017-10-05,2.1,2.2,2.2,2.2,2.2,2.2,2.2,2.1,2,2,2.1,2,2,1.9,1.9,1.9,1.9,1.9,1.9,1.9,2,2,1.9,1.9
49,仁武,33,細懸浮微粒,PM2.5,μg/m3,2017-10-05,47,43,50,48,45,36,35,37,51,48,58,48,56,44,39,36,22,21,10,18,23,22,24,20
49,仁武,38,相對濕度,RH,percent,2017-10-05,82,86,88,88,89,90,91,86,76,68,75,76,72,69,71,75,75,78,79,78,77,79,80,83
49,仁武,143,小時風速值,WS_HR,m/sec,2017-10-05,1.8,1.2,1.2,0.4,1.2,0.7,0.7,0.1,0.1,0.1,2,2.2,2.7,2.4,2.7,2.5,1.9,1.4,1.2,1.3,1.5,1.4,2.1,2.1
49,仁武,144,小時風向值,WD_HR,degrees,2017-10-05,344,3.1,337,2.5,353,344,0.1,208,91,355,259,291,279,280,277,290,294,301,309,334,48,19,349,348
50,鳳山,1,二氧化硫,SO2,ppb,2017-10-05,8.4,4.5,3.4,3.8,3.7,7.1,5.1,5.7,5.9,7.6,14,x,5.2,4.4,3,4.2,4,2.8,2.8,3.9,4,4,3.3,3.5
50,鳳山,2,一氧化碳,CO,ppm,2017-10-05,0.55,0.52,0.48,0.47,0.51,0.49,0.49,0.73,0.73,0.61,0.74,x,0.57,0.44,0.45,0.46,0.51,0.56,0.6,0.54,0.51,0.47,0.36,0.28
50,鳳山,3,臭氧,O3,ppb,2017-10-05,26,27,23,22,16,17,24,30,48,60,x,64,64,64,59,69,65,51,45,37,34,33,35,34
50,鳳山,4,懸浮微粒,PM10,μg/m3,2017-10-05,90,88,87,83,84,86,84,85,83,78,,90,77,71,67,65,61,55,56,58,69,69,76,69
50,鳳山,5,氮氧化物,NOx,ppb,2017-10-05,18,13,12,11,13,14,12,18,14,17,47,x,19,13,12,13,12,12,13,18,16,15,12,9.7
50,鳳山,6,一氧化氮,NO,ppb,2017-10-05,-0.3,0.5,0.7,0.6,0.7,0.5,0.8,2.5,1.8,1.6,6.4,x,1.7,1.5,1.6,1.2,0.8,0.7,0.7,0.6,0.4,0.6,0.6,0.6
50,鳳山,7,二氧化氮,NO2,ppb,2017-10-05,18,13,12,11,12,13,11,16,13,15,40,x,17,12,10,11,11,11,12,17,16,15,11,9.1
50,鳳山,8,總碳氫化合物,THC,ppm,2017-10-05,2.3,2.4,2.5,2.4,2.6,2.5,2.3,2.3,2.2,2.2,x,2.2,2.1,2,2,2,2,2,2,2,2.1,2.1,2.1,2
50,鳳山,9,非甲烷碳氫化合物,NMHC,ppm,2017-10-05,0.22,0.26,0.16,0.22,0.28,0.23,0.18,0.22,0.21,0.2,x,0.2,0.17,0.11,0.11,0.12,0.14,0.15,0.16,0.15,0.19,0.18,0.13,0.1
50,鳳山,10,風速,WIND_SPEED,m/sec,2017-10-05,1.5,1.7,0.9,1,1.4,0.9,1.2,1.2,1.5,2.3,2.2,3.6,2.6,2.5,3.4,2.5,1.5,1.6,1.3,1.2,1.3,1.7,2.1,1.8
50,鳳山,11,風向,WIND_DIREC,degrees,2017-10-05,31,79,60,69,62,66,48,95,166,253,260,258,259,252,256,270,308,305,294,34,37,354,34,36
50,鳳山,14,溫度,AMB_TEMP,℃,2017-10-05,29.3,28.6,28.2,28,27.9,27.6,27.8,28.7,30.4,32,31,32.5,31.7,32,32.4,31.6,30.4,30,29.8,29.7,29.7,29.5,29.2,28.7
50,鳳山,21,酸雨,PH_RAIN,pH,2017-10-05,0,0,0,0,0,0,0,0,0,0,0,0,0,0,0,0,0,0,0,0,0,0,0,0
50,鳳山,22,導電度,RAIN_COND,μmho/cm,2017-10-05,0,0,0,0,0,0,0,0,0,0,0,0,0,0,0,0,0,0,0,0,0,0,0,0
50,鳳山,31,甲烷,CH4,ppm,2017-10-05,2.1,2.2,2.3,2.2,2.3,2.3,2.2,2.1,2,2,x,2,1.9,1.9,1.9,1.9,1.9,1.9,1.9,1.9,1.9,1.9,1.9,1.9
50,鳳山,32,降雨強度,RAIN_INT,㎜,2017-10-05,0,0,0,0,0,0,0,0,0,0,0,0,0,0,0,0,0,0,0,0,0,0,0,0
50,鳳山,33,細懸浮微粒,PM2.5,μg/m3,2017-10-05,34,40,40,46,42,48,35,35,35,39,,33,20,27,22,31,22,17,14,13,22,21,22,18
50,鳳山,38,相對濕度,RH,percent,2017-10-05,78,84,89,91,91,92,91,86,76,65,71,62,63,59,57,63,70,72,75,75,75,75,77,79
50,鳳山,143,小時風速值,WS_HR,m/sec,2017-10-05,0.7,1.3,1,0.2,1.3,0.9,0.8,0.8,0.8,0.3,2.3,2.7,2.6,2.9,2.8,2.1,1.8,1.4,1.1,0.7,1.1,1,1.2,1.4
50,鳳山,144,小時風向值,WD_HR,degrees,2017-10-05,0.1,52,47,28,47,53,62,87,115,108,258,259,260,257,261,280,283,299,296,343,31,14,21,15
51,大寮,1,二氧化硫,SO2,ppb,2017-10-05,3.1,4,2.4,3.6,3.5,5.1,3.2,4.6,4.4,8.1,11,10,18,10,7.3,6,6.4,3.9,2.7,2.3,5,5.2,4.1,4.4
51,大寮,2,一氧化碳,CO,ppm,2017-10-05,0.29,0.3,0.29,0.31,0.34,0.4,0.48,0.44,0.37,0.37,0.6,0.5,0.63,0.39,0.31,0.3,0.3,0.47,0.55,0.52,0.58,0.55,0.39,0.4
51,大寮,3,臭氧,O3,ppb,2017-10-05,44,38,26,24,20,11,8.3,28,45,60,56,65,55,57,60,57,57,52,38,32,25,17,24,26
51,大寮,4,懸浮微粒,PM10,μg/m3,2017-10-05,57,63,42,47,48,61,66,62,74,78,92,80,74,62,61,68,72,69,70,70,71,100,86,74
51,大寮,5,氮氧化物,NOx,ppb,2017-10-05,7.7,7.8,10,11,14,18,20,15,9.3,10,20,15,24,20,19,18,26,23,23,20,21,24,19,15
51,大寮,6,一氧化氮,NO,ppb,2017-10-05,1.3,1.4,2.5,2.4,2.2,2.3,4.2,4,2.7,2.2,2.8,2.6,4.3,3.8,3.5,2.9,3.2,2.5,2.3,2.2,2.2,2.1,2.2,2.3
51,大寮,7,二氧化氮,NO2,ppb,2017-10-05,6.4,6.3,7.7,8.4,12,16,15,11,6.6,7.9,17,13,19,16,15,15,23,20,21,18,19,22,16,13
51,大寮,8,總碳氫化合物,THC,ppm,2017-10-05,2.4,2.5,2.5,2.6,2.6,2.7,2.7,2.3,2.3,2.2,2.3,2.2,2.2,2.1,2.1,2.1,2.1,2.1,2.1,2.2,2.4,2.7,2.6,2.5
51,大寮,9,非甲烷碳氫化合物,NMHC,ppm,2017-10-05,0.06,0.09,0.08,0.13,0.2,0.26,0.21,0.13,0.08,0.08,0.24,0.17,0.13,0.09,0.15,0.19,0.16,0.14,0.15,0.16,0.21,0.17,0.1,0.16
51,大寮,10,風速,WIND_SPEED,m/sec,2017-10-05,0.4,1.2,1.3,1,0.4,1.1,0.5,1.2,1.1,2,2.1,3,2.5,3.1,2.4,2.6,1.6,1.5,0.9,0.5,1.6,0.4,0.5,1.1
51,大寮,11,風向,WIND_DIREC,degrees,2017-10-05,196,75,258,311,278,230,148,137,113,203,219,231,273,276,285,284,266,309,297,309,121,170,232,343
51,大寮,14,溫度,AMB_TEMP,℃,2017-10-05,28.9,28.7,28,27.7,27.9,27.8,27.7,28.9,30.4,32.1,31.4,31.8,32.6,33,32.6,31.9,31.1,30.6,30.2,29.9,29.7,29.1,28.7,28.5
51,大寮,31,甲烷,CH4,ppm,2017-10-05,2.3,2.4,2.4,2.4,2.4,2.4,2.5,2.2,2.2,2.1,2.1,2,2,2,1.9,1.9,1.9,1.9,1.9,2.1,2.2,2.5,2.5,2.4
51,大寮,33,細懸浮微粒,PM2.5,μg/m3,2017-10-05,36,38,37,32,30,33,37,38,34,33,38,40,34,31,34,33,33,34,31,25,24,37,46,40
51,大寮,38,相對濕度,RH,percent,2017-10-05,87,88,87,88,88,89,90,85,77,67,71,68,63,61,62,63,70,71,74,77,79,83,85,85
51,大寮,143,小時風速值,WS_HR,m/sec,2017-10-05,0.4,0.6,0.3,0.7,0.2,0.5,0.5,0.6,0.9,1,1.4,2.6,2.4,2.7,2.7,2.5,2,1.4,1.2,0.7,1.1,0.7,0.5,0.7
51,大寮,144,小時風向值,WD_HR,degrees,2017-10-05,102,80,131,300,323,74,244,132,146,150,247,229,250,275,276,275,280,303,307,291,100,155,130,306
52,林園,1,二氧化硫,SO2,ppb,2017-10-05,5.1,2.9,2.7,2.3,2.3,3.3,2.3,2.7,5.4,6.3,7.3,5.6,4.3,6.3,5.2,6.5,8.3,5.7,9.2,3.9,2.9,5.6,5,4.1
52,林園,2,一氧化碳,CO,ppm,2017-10-05,0.32,0.3,0.28,0.26,0.28,0.31,0.33,0.41,0.37,0.41,0.47,0.42,0.38,0.34,0.34,0.32,0.27,0.27,0.35,0.47,0.5,0.53,0.44,0.34
52,林園,3,臭氧,O3,ppb,2017-10-05,49,48,45,41,32,25,24,30,44,60,81,91,90,106,103,99,72,60,44,40,36,31,28,38
52,林園,4,懸浮微粒,PM10,μg/m3,2017-10-05,47,42,23,24,30,35,34,42,50,63,78,53,31,26,28,34,27,28,32,34,43,60,80,48
52,林園,5,氮氧化物,NOx,ppb,2017-10-05,8,6.9,4.9,4.8,5.1,7.4,7.6,8.4,10,9.1,9.9,8.3,6.2,7.3,7.1,8.7,13,8.3,14,15,14,15,14,9.6
52,林園,6,一氧化氮,NO,ppb,2017-10-05,0.2,0.6,0.4,0.5,0.3,0.5,0.9,1.2,1.8,1.3,0.9,0.7,0.5,0.5,0.4,0.3,0.4,0.3,0.5,0.5,0.6,0.5,0.5,0.5
52,林園,7,二氧化氮,NO2,ppb,2017-10-05,7.8,6.3,4.6,4.3,4.8,6.9,6.7,7.2,8.5,7.8,8.9,7.6,5.8,6.8,6.7,8.4,12,8.1,14,15,13,14,14,9.1
52,林園,8,總碳氫化合物,THC,ppm,2017-10-05,2.1,2.1,2,2,2.2,2.5,2.5,2.4,2.2,2.1,2.1,2.1,2,1.9,1.9,1.9,1.9,1.8,2,2.1,2,2.1,2.1,2.2
52,林園,9,非甲烷碳氫化合物,NMHC,ppm,2017-10-05,0.08,0.02,0.01,0.01,0,0.01,0.01,0.02,0.03,-0.01,0.03,0.01,0.07,0,0,0,0.01,0,0.15,0.16,0.03,0.05,0.04,0.01
52,林園,10,風速,WIND_SPEED,m/sec,2017-10-05,1.3,2.5,1.4,0.8,1.8,1,1.6,1.7,2.1,2.6,2.7,2.7,3.4,3,3.4,3.2,2.7,2.4,0.8,1.5,1.1,1,1.4,1.8
52,林園,11,風向,WIND_DIREC,degrees,2017-10-05,35,87,0.3,14,34,46,93,100,201,225,233,263,259,267,269,281,275,269,29,45,91,24,83,37
52,林園,14,溫度,AMB_TEMP,℃,2017-10-05,30.4,29.1,28.8,28.8,28.4,28.1,28.2,29.3,30.3,31.3,31.5,32,32.1,31.6,31.6,30.9,30.4,30.4,30.3,30.2,29.8,29.8,29.1,28.7
52,林園,31,甲烷,CH4,ppm,2017-10-05,2,2,2,2,2.2,2.5,2.5,2.4,2.1,2.1,2.1,2.1,1.9,1.9,1.9,1.9,1.9,1.9,1.9,1.9,2,2,2.1,2.2
52,林園,33,細懸浮微粒,PM2.5,μg/m3,2017-10-05,32,43,15,24,27,28,35,37,53,61,72,39,15,26,19,36,23,24,22,27,37,62,x,48
52,林園,38,相對濕度,RH,percent,2017-10-05,75,84,84,83,86,87,87,82,78,75,73,70,68,70,69,71,74,73,74,73,78,78,83,84
52,林園,143,小時風速值,WS_HR,m/sec,2017-10-05,1.7,1.7,1.4,0.5,1,1.3,0.7,1.3,1.7,2.1,2.3,2.5,2.6,3,3.2,2.8,2.7,2.1,1.5,0.9,1.2,0.9,1.2,1.4
52,林園,144,小時風向值,WD_HR,degrees,2017-10-05,306,61,66,172,43,52,85,95,189,216,230,254,255,266,270,276,285,279,287,57,72,65,72,69
53,楠梓,1,二氧化硫,SO2,ppb,2017-10-05,2.4,2.7,2.9,2.5,2.5,2.5,3.7,3.9,6.5,6.4,5.7,5.2,3.4,2.8,3,3.5,2.9,2.8,2.5,2.5,2.4,2.7,2.3,2.3
53,楠梓,2,一氧化碳,CO,ppm,2017-10-05,0.49,0.42,0.42,0.4,0.4,0.41,0.54,0.95,0.82,0.61,0.52,0.43,0.32,0.32,0.31,0.3,0.33,0.47,0.43,0.39,0.42,0.32,0.26,0.21
53,楠梓,3,臭氧,O3,ppb,2017-10-05,20,19,15,16,12,7.2,7.9,14,39,62,74,86,68,66,72,74,66,49,44,40,32,33,34,32
53,楠梓,4,懸浮微粒,PM10,μg/m3,2017-10-05,84,86,83,79,76,72,74,80,94,106,115,119,99,92,77,77,67,64,63,67,71,72,74,77
53,楠梓,5,氮氧化物,NOx,ppb,2017-10-05,17,11,12,9.7,12,13,21,34,30,28,26,20,15,19,12,8,7.7,13,11,11,16,13,9.6,6.8
53,楠梓,6,一氧化氮,NO,ppb,2017-10-05,1.9,0.2,0,-0.2,0.1,-0.1,4.4,10,4.1,2.9,1.9,1,1.9,2.8,1,0.4,0,0.3,0,0.3,0.3,0.2,-0.4,-0.1
53,楠梓,7,二氧化氮,NO2,ppb,2017-10-05,15,11,12,9.9,12,13,17,24,26,25,24,19,13,16,11,7.6,7.7,12,11,11,16,13,10,6.9
53,楠梓,8,總碳氫化合物,THC,ppm,2017-10-05,2.3,2.3,2.2,2.2,2.3,2.3,2.5,2.4,2.4,2.2,2.2,2.1,1.9,1.9,1.9,1.9,1.9,2,2,2,2.1,2,2,1.9
53,楠梓,9,非甲烷碳氫化合物,NMHC,ppm,2017-10-05,0.16,0.16,0.14,0.15,0.17,0.15,0.18,0.26,0.37,0.24,0.16,0.12,0.07,0.07,0.08,0.08,0.07,0.13,0.14,0.14,0.16,0.12,0.08,0.05
53,楠梓,10,風速,WIND_SPEED,m/sec,2017-10-05,0.9,2,0.7,0.9,0.6,1,0.7,0.7,1.5,1.5,2,2.6,2.7,2.9,3.1,3,1.9,1.8,2.4,1.3,2.2,1.9,2.1,1.5
53,楠梓,11,風向,WIND_DIREC,degrees,2017-10-05,61,347,324,54,46,0.5,68,237,356,296,258,264,264,279,286,289,270,293,311,15,42,352,30,15
53,楠梓,14,溫度,AMB_TEMP,℃,2017-10-05,27.9,27.5,27.1,27.1,26.9,26.7,26.6,27.9,29.6,30.9,32.2,32.7,32.9,32.8,32.1,31.3,30.4,30.2,29.7,29.6,29.5,29,28.5,28.1
53,楠梓,31,甲烷,CH4,ppm,2017-10-05,2.1,2.1,2.1,2.1,2.1,2.2,2.3,2.1,2.1,2,2,2,1.9,1.9,1.8,1.8,1.8,1.8,1.8,1.9,1.9,1.9,1.9,1.9
53,楠梓,33,細懸浮微粒,PM2.5,μg/m3,2017-10-05,34,40,34,33,30,26,32,27,43,42,55,54,47,36,26,29,26,30,20,21,27,24,20,7
53,楠梓,38,相對濕度,RH,percent,2017-10-05,86,89,90,90,91,94,93,88,82,75,70,67,62,63,66,70,71,77,78,77,78,81,83,85
53,楠梓,143,小時風速值,WS_HR,m/sec,2017-10-05,1.4,1.4,1,0.6,1,0.9,0.7,0.2,0.8,0.8,1.8,2.4,2.6,2.4,2.6,2.5,2.1,1.8,1.8,1.4,1.3,1.7,1.6,1.4
53,楠梓,144,小時風向值,WD_HR,degrees,2017-10-05,357,1.4,15,356,22,355,351,56,4.6,310,274,277,273,269,280,280,276,282,303,341,38,33,359,11
54,左營,1,二氧化硫,SO2,ppb,2017-10-05,4.1,3.4,3.7,3.6,3.3,3.2,3.3,5.1,5.9,8.9,5.5,5.3,5.6,4.9,4.3,4.5,3,2.2,2.2,2.3,2.5,3.2,3.1,2.7
54,左營,2,一氧化碳,CO,ppm,2017-10-05,0.58,0.5,0.49,0.49,0.51,0.56,0.62,0.75,0.82,0.53,0.48,0.39,0.39,0.36,0.31,0.28,0.24,0.23,0.24,0.35,0.51,0.39,0.35,0.32
54,左營,3,臭氧,O3,ppb,2017-10-05,24,20,17,16,14,8.2,16,26,50,63,77,88,96,96,91,85,69,59,52,43,35,36,37,31
54,左營,4,懸浮微粒,PM10,μg/m3,2017-10-05,93,85,84,81,82,79,78,79,80,90,97,90,83,73,72,64,58,59,60,59,62,62,65,65
54,左營,5,氮氧化物,NOx,ppb,2017-10-05,20,19,18,17,17,19,17,23,29,26,16,12,12,11,9.9,9.1,7.4,6.4,7.6,13,19,17,15,15
54,左營,6,一氧化氮,NO,ppb,2017-10-05,1.1,0.4,0.3,0.5,0.3,0.4,1,2.8,3.2,2,0.9,0.4,0.1,0.5,0.3,0.1,-0.4,-0.2,0,0,0.2,0.2,0.1,0.2
54,左營,7,二氧化氮,NO2,ppb,2017-10-05,19,19,18,16,17,19,16,20,26,25,15,12,12,11,9.6,9,7.8,6.6,7.6,13,18,17,15,15
54,左營,8,總碳氫化合物,THC,ppm,2017-10-05,2.4,2.3,2.4,2.4,2.4,2.6,2.4,2.5,2.5,2.3,2.2,2.1,2.1,2,1.9,1.9,1.9,1.9,1.9,2,2.1,2.1,2.1,2.1
54,左營,9,非甲烷碳氫化合物,NMHC,ppm,2017-10-05,0.19,0.17,0.15,0.16,0.18,0.23,0.22,0.27,0.29,0.15,0.11,0.06,0.06,0.04,0.03,0.02,0.01,0.02,0.02,0.08,0.18,0.14,0.11,0.1
54,左營,10,風速,WIND_SPEED,m/sec,2017-10-05,1.7,2,0.9,0.9,1.1,0.8,0.7,1,1.4,3,2.9,3.2,3.1,3.2,3.8,3.6,3.2,3,1.7,1.3,1.9,1.8,2.4,1.9
54,左營,11,風向,WIND_DIREC,degrees,2017-10-05,46,3.1,7.9,0.5,334,4.7,359,288,358,282,295,276,266,292,297,294,297,307,334,342,50,7.1,24,37
54,左營,14,溫度,AMB_TEMP,℃,2017-10-05,28.5,27.9,27.6,27.4,27.2,27,27.2,28.1,30,30.3,29.9,30.5,30.9,30.8,30.5,29.8,29.4,29.1,29,29.2,29.2,29.1,28.8,28.3
54,左營,31,甲烷,CH4,ppm,2017-10-05,2.2,2.2,2.2,2.2,2.3,2.3,2.2,2.2,2.2,2.1,2.1,2.1,2,2,1.9,1.9,1.9,1.9,1.9,1.9,2,2,2,2
54,左營,33,細懸浮微粒,PM2.5,μg/m3,2017-10-05,47,50,41,41,47,46,44,39,47,54,56,46,45,48,44,33,22,22,20,18,19,17,22,18
54,左營,38,相對濕度,RH,percent,2017-10-05,83,85,86,87,89,90,91,90,84,76,81,77,75,73,74,76,78,81,82,81,79,80,80,83
54,左營,143,小時風速值,WS_HR,m/sec,2017-10-05,1.3,1.7,1.2,0.5,1.3,0.8,0.9,0.7,1,1.9,2.6,3.4,2,2.9,3.3,3.2,3.1,2.9,2.2,1.2,1.4,1.7,2.1,1.7
54,左營,144,小時風向值,WD_HR,degrees,2017-10-05,27,20,27,360,353,10,357,330,41,289,281,289,273,285,293,293,301,306,311,340,38,27,24,33
56,前金,1,二氧化硫,SO2,ppb,2017-10-05,3.3,3.1,3.4,4.7,4.5,3.4,3.5,8.1,12,11,8,5.6,4.9,4,4.1,x,3,2.1,1.7,2.1,2.1,2.7,3.3,2.8
56,前金,2,一氧化碳,CO,ppm,2017-10-05,0.62,0.57,0.54,0.5,0.51,0.57,0.59,0.8,0.81,0.65,0.53,0.42,0.36,0.35,0.34,x,0.3,0.32,0.37,0.41,0.49,0.48,0.4,0.37
56,前金,3,臭氧,O3,ppb,2017-10-05,22,17,17,17,13,6.1,14,21,40,51,71,87,87,88,x,77,69,57,49,43,34,35,36,32
56,前金,4,懸浮微粒,PM10,μg/m3,2017-10-05,80,89,86,88,78,75,73,82,95,101,98,84,72,62,,64,51,46,47,47,54,59,66,63
56,前金,5,氮氧化物,NOx,ppb,2017-10-05,19,20,17,15,18,23,18,28,35,29,16,9.4,7.1,6.3,6,x,5.6,6.2,7.6,9.3,14,14,12,12
56,前金,6,一氧化氮,NO,ppb,2017-10-05,0.3,0.3,0.2,0.1,0.3,1.3,1.1,3.6,4.1,2.1,0.8,0.3,0.1,0,0.1,x,0.3,0.3,-0.1,0,0,0.1,-0.1,-0.1
56,前金,7,二氧化氮,NO2,ppb,2017-10-05,19,19,17,15,18,22,17,24,30,26,15,9.1,7,6.3,5.9,x,5.3,5.9,7.7,9.3,14,14,12,12
56,前金,8,總碳氫化合物,THC,ppm,2017-10-05,2.3,2.3,2.3,2.3,2.4,2.4,2.4,2.6,2.6,2.4,2.2,2.1,2,2,x,1.9,1.9,1.9,1.9,1.9,2.1,2.1,2.1,2.1
56,前金,9,非甲烷碳氫化合物,NMHC,ppm,2017-10-05,0.2,0.19,0.14,0.17,0.19,0.18,0.19,0.34,0.36,0.28,0.14,0.08,0.05,0.04,x,0.02,0.02,0.03,0.05,0.08,0.14,0.16,0.12,0.11
56,前金,10,風速,WIND_SPEED,m/sec,2017-10-05,1.8,1.5,2,0.6,1.5,1.8,0.9,0.8,1.6,1.7,2.9,3.4,3.6,4.8,3.1,2.7,3.8,2.7,2.2,1.7,1.9,2,1.9,1.8
56,前金,11,風向,WIND_DIREC,degrees,2017-10-05,323,327,315,290,323,327,314,141,229,243,233,255,261,291,265,341,313,313,334,6.1,339,22,9.7,5
56,前金,14,溫度,AMB_TEMP,℃,2017-10-05,28.9,28.4,27.9,27.8,27.9,27.5,27.5,28.6,30.1,30.1,30.3,31.1,31,31.5,31,30.6,29.9,29.3,29.3,29.7,29.7,29.8,29.5,29.2
56,前金,31,甲烷,CH4,ppm,2017-10-05,2.1,2.2,2.2,2.2,2.2,2.3,2.2,2.3,2.2,2.2,2.1,2,2,1.9,x,1.9,1.9,1.8,1.8,1.9,1.9,2,2,2
56,前金,33,細懸浮微粒,PM2.5,μg/m3,2017-10-05,47,48,51,51,45,42,45,48,57,57,63,54,52,44,,31,21,18,20,14,15,16,18,22
56,前金,38,相對濕度,RH,percent,2017-10-05,81,82,84,85,86,87,88,86,78,78,78,72,69,67,71,73,75,79,80,78,77,76,76,78
56,前金,143,小時風速值,WS_HR,m/sec,2017-10-05,1.7,1.8,1.8,1.1,1.4,1.5,1.4,0.7,1.1,1.8,2,2.8,3,3.5,3.2,2.5,3.1,2.9,2.2,1.9,1.6,2,2.1,1.7
56,前金,144,小時風向值,WD_HR,degrees,2017-10-05,329,326,324,312,324,332,315,294,232,235,234,251,257,274,279,324,326,315,326,351,336,348,352,358
57,前鎮,1,二氧化硫,SO2,ppb,2017-10-05,3.5,3.3,7.7,4.8,4.4,5.8,7.9,7.2,16,18,x,8.2,7.2,6.7,4.6,5.5,3.6,2.3,2,2.2,3.6,5.3,4.5,2.8
57,前鎮,2,一氧化碳,CO,ppm,2017-10-05,0.61,0.62,0.59,0.59,0.58,0.61,0.64,0.73,0.73,0.65,0.69,0.49,0.42,0.38,0.38,0.32,0.37,0.43,0.5,0.54,0.71,0.64,0.57,0.41
57,前鎮,3,臭氧,O3,ppb,2017-10-05,28,26,18,16,18,13,13,29,30,x,61,79,90,88,87,77,67,53,46,40,30,25,29,37
57,前鎮,4,懸浮微粒,PM10,μg/m3,2017-10-05,73,84,89,88,87,88,88,84,93,,119,100,77,66,61,64,61,59,61,58,60,74,76,68
57,前鎮,5,氮氧化物,NOx,ppb,2017-10-05,18,16,20,17,17,22,26,23,43,58,x,17,14,14,11,13,9.5,8.7,10,13,20,23,19,11
57,前鎮,6,一氧化氮,NO,ppb,2017-10-05,1.7,0.6,0.3,0.5,0.7,1.1,2.6,2.7,7.5,9.1,x,1,1,1,0.6,0.8,0.8,0.5,0.4,0.5,1,1.2,1.1,0.4
57,前鎮,7,二氧化氮,NO2,ppb,2017-10-05,16,15,20,16,16,21,23,20,36,48,x,16,13,13,11,12,8.7,8.3,9.9,12,19,22,18,11
57,前鎮,8,總碳氫化合物,THC,ppm,2017-10-05,2.3,2.3,2.5,2.5,2.5,2.6,2.6,2.5,2.6,x,2.3,2.2,2,2,2,1.9,1.9,1.9,2,2,2.1,2.2,2.2,2.1
57,前鎮,9,非甲烷碳氫化合物,NMHC,ppm,2017-10-05,0.2,0.2,0.28,0.28,0.25,0.3,0.34,0.28,0.41,x,0.19,0.12,0.05,0.05,0.05,0.03,0.05,0.07,0.09,0.11,0.21,0.24,0.2,0.11
57,前鎮,10,風速,WIND_SPEED,m/sec,2017-10-05,1.5,1.1,1.1,0.5,0.9,1.2,0.6,0.8,1.3,1.2,1.2,2.1,2.6,2.2,2.3,2.6,1.8,1.4,1.6,1.4,1.5,1.7,1.4,2.5
57,前鎮,11,風向,WIND_DIREC,degrees,2017-10-05,8.4,45,6.1,59,348,7.4,228,104,219,296,302,313,303,314,315,311,336,300,21,26,51,59,332,29
57,前鎮,14,溫度,AMB_TEMP,℃,2017-10-05,29.6,29.3,29,28.8,28.8,28.7,28.6,29.1,30.6,30.5,30.8,31.9,31.5,31.7,31.4,30.9,30.5,30.2,29.9,30,30.2,30.1,30,29.4
57,前鎮,31,甲烷,CH4,ppm,2017-10-05,2.1,2.1,2.2,2.2,2.2,2.3,2.3,2.2,2.2,x,2.1,2,2,2,1.9,1.9,1.9,1.9,1.9,1.9,1.9,2,2,2
57,前鎮,33,細懸浮微粒,PM2.5,μg/m3,2017-10-05,48,50,44,40,44,50,54,47,63,,67,51,42,44,41,41,26,28,30,27,24,33,30,24
57,前鎮,38,相對濕度,RH,percent,2017-10-05,76,77,80,81,81,82,84,82,75,77,76,70,70,68,70,72,72,74,76,75,74,74,74,75
57,前鎮,143,小時風速值,WS_HR,m/sec,2017-10-05,1.2,1.2,1,0.6,0.5,0.9,0.5,0.8,0.9,0.6,0.8,1.2,2,1.9,2,1.8,1.1,0.9,1.1,1.1,1.2,1.4,1,1.7
57,前鎮,144,小時風向值,WD_HR,degrees,2017-10-05,358,22,32,334,7.5,19,135,144,150,278,318,302,311,309,312,312,328,322,331,13,38,45,360,18
58,小港,1,二氧化硫,SO2,ppb,2017-10-05,4.1,6.3,4.9,3.5,3.1,3.2,3.3,21,52,50,20,x,,7.5,x,x,x,,x,3.4,4.6,4,5,7.1
58,小港,2,一氧化碳,CO,ppm,2017-10-05,0.47,0.54,0.47,0.38,0.44,0.48,0.48,0.66,0.64,0.61,0.53,0.44,x,0.34,0.33,0.28,0.29,0.35,0.37,0.47,0.54,0.53,0.44,0.36
58,小港,3,臭氧,O3,ppb,2017-10-05,39,27,29,29,22,18,19,16,6,11,49,x,x,85,81,74,63,45,47,40,31,28,28,24
58,小港,4,懸浮微粒,PM10,μg/m3,2017-10-05,81,84,86,80,74,63,55,61,78,99,113,116,,101,82,71,66,62,58,55,50,49,58,67
58,小港,5,氮氧化物,NOx,ppb,2017-10-05,14,18,16,11,13,16,20,41,97,92,34,x,,x,18,19,17,21,12,14,20,19,20,22
58,小港,6,一氧化氮,NO,ppb,2017-10-05,2.1,1.4,1.3,0.8,0.6,1.5,1.8,11,51,45,4.1,x,,x,1.2,0.6,0.6,0.6,-0.1,0.4,0.3,0.4,0.7,1.3
58,小港,7,二氧化氮,NO2,ppb,2017-10-05,12,17,15,10,13,15,19,29,46,48,30,x,,x,17,18,17,20,12,13,20,19,19,20
58,小港,8,總碳氫化合物,THC,ppm,2017-10-05,2.1,2.3,2.4,2.5,2.5,2.5,2.3,2.3,2.4,2.4,2.2,2.1,x,2,2,1.9,1.9,,x,1.9,2,2.1,2.1,2.1
58,小港,9,非甲烷碳氫化合物,NMHC,ppm,2017-10-05,0.17,0.25,0.18,0.14,0.2,0.24,0.18,0.24,0.3,0.28,0.18,0.15,x,0.08,0.1,0.11,0.13,,x,0.13,0.17,0.23,0.18,0.19
58,小港,10,風速,WIND_SPEED,m/sec,2017-10-05,1.6,1.1,1,1.1,1.2,1.4,1.1,0.8,1.5,2,1.7,2.8,3.2,3.3,3.3,3.9,2.3,1.9,1.5,1.1,1.4,1.1,1.5,1.8
58,小港,11,風向,WIND_DIREC,degrees,2017-10-05,333,49,28,70,62,66,78,217,249,250,240,254,273,273,274,280,287,305,305,5.8,59,19,39,39
58,小港,14,溫度,AMB_TEMP,℃,2017-10-05,30.6,30.1,29.9,29.3,29.5,29.3,29.2,30,30.5,30.4,31.4,32.1,32.2,32.1,32.2,31.8,31.1,31,30.7,30.7,31,31,30.8,30.4
58,小港,21,酸雨,PH_RAIN,pH,2017-10-05,0,0,0,0,0,0,0,0,0,0,0,0,0,0,0,0,0,0,0,0,0,0,0,0
58,小港,22,導電度,RAIN_COND,μmho/cm,2017-10-05,0,0,0,0,0,0,0,0,0,0,0,0,0,0,0,0,0,0,0,0,0,0,0,0
58,小港,31,甲烷,CH4,ppm,2017-10-05,2,2.1,2.3,2.3,2.3,2.2,2.2,2.1,2.1,2.1,2,2,x,1.9,1.9,1.8,1.8,,x,1.8,1.9,1.9,1.9,1.9
58,小港,32,降雨強度,RAIN_INT,㎜,2017-10-05,0,0,0,0,0,0,0,0,0,0,0,0,0,0,0,0,0,0,0,0,0,0,0,0
58,小港,33,細懸浮微粒,PM2.5,μg/m3,2017-10-05,48,46,44,38,39,46,34,41,57,53,48,45,,32,38,30,27,25,23,22,24,26,23,26
58,小港,38,相對濕度,RH,percent,2017-10-05,75,79,82,85,84,84,84,80,78,80,75,71,69,68,67,70,72,71,74,74,72,73,73,74
58,小港,143,小時風速值,WS_HR,m/sec,2017-10-05,1.3,1.2,0.9,0.5,0.8,1.2,0.6,0,0.7,1.4,1.6,2.1,2.7,2.8,3.1,3,2.6,1.7,1.7,1,0.9,1,1.2,1.4
58,小港,144,小時風向值,WD_HR,degrees,2017-10-05,329,40,36,29,39,57,55,42,230,244,244,250,268,271,273,275,292,296,302,342,39,57,17,31
59,屏東,1,二氧化硫,SO2,ppb,2017-10-05,2.4,3.4,3,3,3.1,3.1,3.4,3.8,4.5,4,3.5,8.9,x,x,x,4.1,5.3,5.3,4.5,4.2,6.4,6.2,5.2,4.9
59,屏東,2,一氧化碳,CO,ppm,2017-10-05,0.43,0.31,0.27,0.32,0.37,0.4,0.46,0.57,0.69,0.57,0.42,0.48,0.51,0.39,x,0.36,0.4,0.48,0.54,0.59,0.8,0.78,0.63,0.49
59,屏東,3,臭氧,O3,ppb,2017-10-05,33,33,34,27,22,19,20,25,49,59,59,69,x,,x,62,65,59,47,38,34,35,38,38
59,屏東,4,懸浮微粒,PM10,μg/m3,2017-10-05,65,51,43,43,47,50,52,54,61,63,61,66,,,53,48,43,45,47,52,63,67,70,64
59,屏東,5,氮氧化物,NOx,ppb,2017-10-05,9.6,7.6,5.9,6.8,8.6,9,8.9,12,12,9.6,6.2,15,x,,x,8.7,12,15,17,18,23,21,16,12
59,屏東,6,一氧化氮,NO,ppb,2017-10-05,0.3,0.2,0.4,0.4,0.6,0.6,0.6,1.6,1.5,0.8,0.6,0.7,x,,x,0.5,0.4,0.4,0.5,0.7,0.8,0.9,0.5,0.5
59,屏東,7,二氧化氮,NO2,ppb,2017-10-05,9.3,7.3,5.5,6.4,8,8.4,8.2,11,10,8.8,5.6,14,x,,x,8.2,12,14,16,17,22,20,15,11
59,屏東,8,總碳氫化合物,THC,ppm,2017-10-05,2.2,2.1,2.1,2.2,2.4,2.3,2.2,2.2,2.1,2,1.9,2,2,1.9,1.9,1.9,1.9,1.9,2,2,2.2,2.4,2.3,2.2
59,屏東,9,非甲烷碳氫化合物,NMHC,ppm,2017-10-05,0.08,0.07,0.04,0.06,0.07,0.08,0.1,0.12,0.13,0.09,0.05,0.12,0.13,0.06,0.05,0.05,0.07,0.1,0.14,0.15,0.26,0.23,0.17,0.1
59,屏東,10,風速,WIND_SPEED,m/sec,2017-10-05,1.1,1.6,0.5,1.1,1.1,0.9,0.9,1.2,1,1.2,2.3,2.3,3,3.4,3.1,2.9,2.3,1.6,2.4,0.6,1.7,1.1,1.1,0.7
59,屏東,11,風向,WIND_DIREC,degrees,2017-10-05,111,112,305,29,29,312,338,254,343,222,150,219,233,275,264,272,253,243,257,240,129,139,165,252
59,屏東,14,溫度,AMB_TEMP,℃,2017-10-05,29,28.9,28.6,28.4,28.1,27.9,28.1,28.8,30.5,31.3,33,33.4,32.5,33,32.9,32.4,31.5,30.8,30.6,30.3,29.9,29.4,29,28.8
59,屏東,31,甲烷,CH4,ppm,2017-10-05,2.1,2.1,2.1,2.1,2.3,2.2,2.1,2.1,2,1.9,1.8,1.9,1.9,1.9,1.8,1.8,1.8,1.8,1.8,1.8,2,2.1,2.1,2.1
59,屏東,33,細懸浮微粒,PM2.5,μg/m3,2017-10-05,40,36,28,28,29,25,34,34,40,42,35,40,,,25,29,23,27,22,27,35,40,37,28
59,屏東,38,相對濕度,RH,percent,2017-10-05,83,83,83,84,86,86,84,82,73,68,59,60,64,59,57,60,67,69,69,74,77,80,81,81
59,屏東,143,小時風速值,WS_HR,m/sec,2017-10-05,1.2,1,0.4,0.5,1.1,0.8,0.7,0.8,0.1,0.4,1.3,1.5,2.5,2.5,2.9,2.5,2.2,1.6,1.9,1,1.1,1.3,1.2,0.7
59,屏東,144,小時風向值,WD_HR,degrees,2017-10-05,128,92,102,305,345,10,353,312,141,290,191,195,244,265,271,261,270,239,234,252,130,149,149,266
60,潮州,1,二氧化硫,SO2,ppb,2017-10-05,2.5,2.2,1.9,1.9,1.9,1.8,1.9,2.4,2.9,3.7,3.5,5.1,4.7,5.1,7.2,5.2,6.3,14,7.1,4.4,3.7,2.8,2.8,2.8
60,潮州,2,一氧化碳,CO,ppm,2017-10-05,0.22,0.22,0.2,0.19,0.21,0.23,0.29,0.32,0.29,0.27,0.25,0.32,0.34,0.35,0.32,0.38,0.45,0.55,0.4,0.3,0.28,0.29,0.3,0.29
60,潮州,3,臭氧,O3,ppb,2017-10-05,41,27,20,16,14,7.6,8.4,19,37,54,57,72,81,83,79,73,72,59,51,52,51,37,32,28
60,潮州,4,懸浮微粒,PM10,μg/m3,2017-10-05,38,37,34,35,39,33,41,50,70,72,67,67,72,73,65,63,65,73,85,88,76,66,53,58
60,潮州,5,氮氧化物,NOx,ppb,2017-10-05,5.3,6.1,5,6.2,6.5,8,9.6,11,7.6,5.1,4.8,8.5,9.2,8.8,11,10,15,23,16,10,7.5,7.2,6.9,6.3
60,潮州,6,一氧化氮,NO,ppb,2017-10-05,1.3,0.3,0.4,0.5,0.5,0.4,1.6,1.9,1,0.3,0.3,0.8,0.4,0.5,0.8,0.4,0.3,0.6,0.4,0.5,0.7,0.6,0.2,0.3
60,潮州,7,二氧化氮,NO2,ppb,2017-10-05,4.1,5.8,4.7,5.7,6,7.6,8,8.8,6.6,4.8,4.5,7.7,8.8,8.3,9.8,10,14,22,15,10,6.9,6.7,6.8,6
60,潮州,10,風速,WIND_SPEED,m/sec,2017-10-05,1.5,1.6,0.7,0.6,0.8,0.5,0.8,1.1,1.2,1,1,2.7,4.1,4.1,3.3,2.1,1.8,1.6,1.4,1.5,0.9,1.3,1.3,1.2
60,潮州,11,風向,WIND_DIREC,degrees,2017-10-05,108,80,17,100,48,140,81,226,173,203,300,245,244,249,250,230,227,184,158,116,152,94,100,96
60,潮州,14,溫度,AMB_TEMP,℃,2017-10-05,28.3,27.9,27.8,27.5,27.3,27.1,27.2,28.3,30.2,31.8,32.6,32.8,33,33.3,32.8,32.2,31.7,30.9,30,29.3,28.6,28,28,27.7
60,潮州,33,細懸浮微粒,PM2.5,μg/m3,2017-10-05,28,32,26,17,18,14,22,22,30,37,38,32,32,31,36,29,29,36,43,55,44,33,18,26
60,潮州,38,相對濕度,RH,percent,2017-10-05,90,93,93,94,95,97,97,93,82,72,68,70,71,69,69,70,73,79,85,87,89,90,89,88
60,潮州,143,小時風速值,WS_HR,m/sec,2017-10-05,1,1.4,0.6,0.7,0.5,0.5,0.5,0.7,0.7,0.6,0.5,1.9,2.7,3.4,3.3,2.2,1.8,1.3,1.1,1.4,1.3,1.3,1.5,1.2
60,潮州,144,小時風向值,WD_HR,degrees,2017-10-05,116,79,86,99,41,50,83,198,176,272,192,238,244,246,258,238,226,200,163,127,130,108,104,103
61,恆春,1,二氧化硫,SO2,ppb,2017-10-05,1.3,1.2,1.3,1.3,1.1,1.3,1.3,1.6,1.5,1.4,1.5,1.6,2,2.1,1.8,1.5,1.5,1.5,1.7,1.6,1.5,1.4,1.5,1.4
61,恆春,2,一氧化碳,CO,ppm,2017-10-05,0.15,0.14,0.14,0.13,0.13,0.13,0.13,0.12,0.12,0.12,0.13,0.13,0.13,0.13,0.13,0.13,0.13,0.12,0.12,0.13,0.12,0.13,0.12,0.13
61,恆春,3,臭氧,O3,ppb,2017-10-05,40,40,39,39,38,38,38,38,38,39,41,41,41,41,40,40,40,42,42,42,41,42,42,38
61,恆春,4,懸浮微粒,PM10,μg/m3,2017-10-05,31,23,24,28,28,31,30,31,36,37,36,35,39,40,41,48,46,46,49,47,50,53,50,46
61,恆春,5,氮氧化物,NOx,ppb,2017-10-05,2.9,3.1,3.3,3.4,3,3,3,3.3,3.2,2.9,3.1,3,2.8,2.8,2.9,2.8,3,2.8,3.2,3.3,3.1,3.2,3.1,3.2
61,恆春,6,一氧化氮,NO,ppb,2017-10-05,0.4,0.7,0.9,1.1,0.7,0.7,0.6,0.7,0.9,0.7,0.9,0.9,0.7,0.7,0.9,0.7,0.7,0.7,0.7,0.9,0.7,0.9,0.7,0.9
61,恆春,7,二氧化氮,NO2,ppb,2017-10-05,2.6,2.3,2.4,2.3,2.3,2.4,2.4,2.6,2.3,2.2,2.3,2.1,2.1,2.1,2,2,2.3,2.2,2.4,2.4,2.4,2.3,2.5,2.3
61,恆春,10,風速,WIND_SPEED,m/sec,2017-10-05,4.3,6,5.5,5.7,5.3,5.3,5.4,5.8,5.9,6.8,7.7,6.6,5.6,6.5,7.2,5.4,4.9,4.7,6,6.4,4.7,6.7,6.1,5.2
61,恆春,11,風向,WIND_DIREC,degrees,2017-10-05,7.5,39,36,24,22,54,51,46,24,34,42,25,51,45,43,37,48,40,43,44,42,31,29,18
61,恆春,14,溫度,AMB_TEMP,℃,2017-10-05,26.3,25.8,26,26.3,26.2,26.8,27.8,28.4,28.3,28.9,28.7,29.5,30,28.7,29.6,29.7,28.4,28,27.9,28,28.2,28.1,27.8,27.5
61,恆春,21,酸雨,PH_RAIN,pH,2017-10-05,4,4.2,4.1,0,0,0,0,0,0,0,0,0,0,0,0,0,0,0,0,0,0,0,0,0
61,恆春,22,導電度,RAIN_COND,μmho/cm,2017-10-05,27,5.1,14,0,0,0,0,0,0,0,0,0,0,0,0,0,0,0,0,0,0,0,0,0
61,恆春,32,降雨強度,RAIN_INT,㎜,2017-10-05,3,9,2,0,0,0,0,0,0,0,0,0,0,0,0,0,0,0,0,0,0,0,0,0
61,恆春,33,細懸浮微粒,PM2.5,μg/m3,2017-10-05,7,7,9,8,6,6,7,10,8,5,6,8,18,7,21,10,11,13,13,13,15,15,13,13
61,恆春,36,二氧化碳,CO2,ppm,2017-10-05,400,401,400,400,399,398,395,391,391,389,392,390,389,391,389,390,393,397,398,398,397,397,397,399
61,恆春,38,相對濕度,RH,percent,2017-10-05,91,92,92,90,91,90,87,84,86,83,83,81,78,84,81,79,83,79,80,80,81,83,84,83
61,恆春,143,小時風速值,WS_HR,m/sec,2017-10-05,4.7,6.4,5,5.3,5.4,4.8,5,5,5.8,5.9,7,7.3,6.6,6,6.5,6.5,5.3,4.8,5,5.5,5.1,5.3,6.2,5.8
61,恆春,144,小時風向值,WD_HR,degrees,2017-10-05,54,28,37,31,28,34,49,49,34,36,38,34,35,45,42,39,40,39,40,43,41,38,30,22
62,臺東,1,二氧化硫,SO2,ppb,2017-10-05,1.4,0.9,0.9,0.9,0.9,0.9,1,1.1,1,1.2,1.3,1.3,1.3,1.2,1.2,1.2,1.4,1.4,1.5,1.3,1.2,1.3,1.2,1.2
62,臺東,2,一氧化碳,CO,ppm,2017-10-05,0.2,0.21,0.21,0.2,0.2,0.2,0.23,0.35,0.37,0.38,0.36,0.39,0.37,0.31,0.37,0.35,0.34,0.4,0.38,0.32,0.39,0.35,0.28,0.25
62,臺東,3,臭氧,O3,ppb,2017-10-05,27,27,22,20,19,22,27,19,19,20,22,27,30,34,34,32,32,28,28,30,20,22,24,25
62,臺東,4,懸浮微粒,PM10,μg/m3,2017-10-05,21,15,14,11,10,15,21,21,18,16,13,27,39,40,45,45,46,49,47,46,45,41,42,43
62,臺東,5,氮氧化物,NOx,ppb,2017-10-05,4.8,3.8,3.5,3.6,3.9,3.7,4.9,7.9,8.1,11,12,11,11,8.3,9.1,9.8,8.8,9.8,9,7.5,10,8.6,6.3,5.5
62,臺東,6,一氧化氮,NO,ppb,2017-10-05,2.9,1.7,1.3,1.3,1.8,1.3,1.6,2.4,1.8,3.4,4.5,2.8,3.4,2.8,3,3,2.5,2.3,2.1,1.9,2.5,1.6,1.7,1.5
62,臺東,7,二氧化氮,NO2,ppb,2017-10-05,1.9,2.1,2.2,2.2,2.2,2.4,3.4,5.5,6.3,7.1,7.1,7.9,7.3,5.5,6.1,6.8,6.4,7.5,6.9,5.6,8,7,4.6,4
62,臺東,10,風速,WIND_SPEED,m/sec,2017-10-05,2.8,3.3,2.1,1.9,2.4,2,1.7,1.8,2.7,2.6,1.8,2.1,2.9,3.5,3.2,3.1,3.2,1.9,2.3,1.4,1.3,1.7,1.7,2
62,臺東,11,風向,WIND_DIREC,degrees,2017-10-05,315,310,324,313,312,311,324,323,317,319,343,326,26,20,44,30,29,13,10,324,320,317,316,311
62,臺東,14,溫度,AMB_TEMP,℃,2017-10-05,26.2,26.1,25.8,25.8,25.8,25.9,26.2,26,26.7,27.1,28.9,29.3,29.7,30.6,30.2,29.7,29.2,28.9,28.6,28.6,28.3,27.6,27.4,27.1
62,臺東,21,酸雨,PH_RAIN,pH,2017-10-05,0,0,4.2,4.4,4.8,0,4.5,4.5,4.5,4.5,0,0,0,0,0,0,0,0,0,0,0,0,0,0
62,臺東,22,導電度,RAIN_COND,μmho/cm,2017-10-05,0,0,19,9.6,9.6,0,15,9.6,9.6,9.6,0,0,0,0,0,0,0,0,0,0,0,0,0,0
62,臺東,32,降雨強度,RAIN_INT,㎜,2017-10-05,0,0,1.5,1,0.5,0,2.5,0.5,0.5,0.5,0,0,0,0,0,0,0,0,0,0,0,0,0,0
62,臺東,33,細懸浮微粒,PM2.5,μg/m3,2017-10-05,5,3,4,7,8,8,5,2,2,1,2,9,9,9,12,13,13,x,11,8,8,8,9,8
62,臺東,38,相對濕度,RH,percent,2017-10-05,88,87,89,88,87,86,89,89,86,84,77,74,72,68,71,73,75,74,74,72,75,80,78,80
62,臺東,143,小時風速值,WS_HR,m/sec,2017-10-05,2.2,2.6,2.1,1.6,2,1.9,1.4,1.9,1.9,2.1,2,1.4,1.8,2.1,2.7,2.3,2.4,0.1,1.6,1.3,1.1,1.4,1.5,1.4
62,臺東,144,小時風向值,WD_HR,degrees,2017-10-05,315,316,320,318,317,314,347,316,323,317,322,351,23,29,36,32,25,21,12,338,327,320,315,320
63,花蓮,1,二氧化硫,SO2,ppb,2017-10-05,1.5,1.5,1.4,1.7,2.5,1.7,1.5,1.8,2,2.3,1.7,1.7,2,1.8,1.7,1.8,2.2,2,1.9,1.8,1.6,1.6,1.5,1.8
63,花蓮,2,一氧化碳,CO,ppm,2017-10-05,0.18,0.17,0.15,0.14,0.17,0.17,0.22,0.4,0.38,0.4,0.3,0.28,0.25,0.21,0.25,0.31,0.38,0.52,0.52,0.54,0.56,0.46,0.34,0.35
63,花蓮,3,臭氧,O3,ppb,2017-10-05,36,37,39,38,25,x,31,27,26,24,35,39,40,43,38,32,22,21,19,15,12,11,12,8.3
63,花蓮,4,懸浮微粒,PM10,μg/m3,2017-10-05,25,15,15,18,19,17,12,15,25,31,34,33,39,48,46,44,44,46,47,47,41,43,38,32
63,花蓮,5,氮氧化物,NOx,ppb,2017-10-05,x,5.1,3,3.2,14,7.2,7.4,13,16,19,11,6.5,6.1,3.4,4.7,10,20,19,19,17,17,13,9,12
63,花蓮,6,一氧化氮,NO,ppb,2017-10-05,x,0.1,0.2,0,0.1,0.2,0.2,1.2,1.4,2.9,2.2,1,1,0.5,0.2,0.9,2,1.7,1.7,1.4,2.2,1.5,1.1,1.5
63,花蓮,7,二氧化氮,NO2,ppb,2017-10-05,x,5,2.8,3.1,14,7.1,7.2,12,14,16,8.6,5.5,5.1,2.9,4.4,9.1,18,18,17,15,14,12,8,10
63,花蓮,10,風速,WIND_SPEED,m/sec,2017-10-05,2.2,1.4,2,1.4,2,3.3,1.7,1.2,2.3,2.7,2.7,2,2.9,2.3,2.3,2.4,2.1,1.6,1.7,1.3,1.6,1.8,1.4,1.4
63,花蓮,11,風向,WIND_DIREC,degrees,2017-10-05,78,121,316,60,43,330,335,9.8,38,5,352,321,46,45,32,24,353,23,315,314,310,231,257,244
63,花蓮,14,溫度,AMB_TEMP,℃,2017-10-05,26.3,26.2,26.1,26.5,26.2,25.7,25.5,26.6,26.9,27.1,27.7,27.8,29,29.3,29.2,28.5,28.3,28.4,28.2,27.6,27.1,26.4,25.9,25.8
63,花蓮,21,酸雨,PH_RAIN,pH,2017-10-05,x,x,x,x,x,x,x,x,x,x,x,x,x,x,x,x,x,x,x,x,x,x,x,x
63,花蓮,22,導電度,RAIN_COND,μmho/cm,2017-10-05,x,x,x,x,x,x,x,x,x,x,x,x,x,x,x,x,x,x,x,x,x,x,x,x
63,花蓮,32,降雨強度,RAIN_INT,㎜,2017-10-05,x,x,x,x,x,x,x,x,x,x,x,x,x,x,x,x,x,x,x,x,x,x,x,x
63,花蓮,33,細懸浮微粒,PM2.5,μg/m3,2017-10-05,16,6,6,6,11,3,6,9,14,14,6,14,14,12,13,9,9,16,13,13,14,31,27,11
63,花蓮,38,相對濕度,RH,percent,2017-10-05,86,87,89,86,86,89,88,82,81,81,79,78,73,71,70,74,74,73,72,75,75,78,79,79
63,花蓮,143,小時風速值,WS_HR,m/sec,2017-10-05,1.6,1.3,1.4,1.5,1.4,1.7,2.3,1.2,1.5,1.8,2.3,2.1,1.8,2,2.1,1.8,1.8,1.5,1.2,1.6,1.4,1.5,1.1,1
63,花蓮,144,小時風向值,WD_HR,degrees,2017-10-05,57,14,352,28,38,12,320,10,18,1.1,15,335,35,38,52,6.5,4.5,17,339,320,296,249,253,254
64,陽明,1,二氧化硫,SO2,ppb,2017-10-05,1.7,0.9,0.9,0.8,1,0.9,1,1,1,1.2,x,1.4,1.3,1.5,2.2,2.2,2.6,2.9,3.9,3.7,4.8,5.4,4.8,3.2
64,陽明,2,一氧化碳,CO,ppm,2017-10-05,0.11,0.12,0.13,0.12,0.13,0.13,0.14,0.13,0.14,0.13,x,0.14,0.14,0.13,0.14,0.13,0.13,0.13,0.14,0.13,0.13,0.13,0.13,0.13
64,陽明,3,臭氧,O3,ppb,2017-10-05,45,45,45,45,44,43,42,42,41,39,x,38,39,38,35,36,37,36,33,33,30,29,32,34
64,陽明,4,懸浮微粒,PM10,μg/m3,2017-10-05,4,4,4,4,5,4,8,6,7,14,,15,14,13,21,21,19,23,23,22,20,18,17,14
64,陽明,5,氮氧化物,NOx,ppb,2017-10-05,1.4,1.6,1.7,1.8,1.7,2.3,1.9,1.8,2,2.4,x,1.8,1.6,1.4,2.6,2.7,3.3,3.9,4.5,4.9,5.8,8,6.8,5.2
64,陽明,6,一氧化氮,NO,ppb,2017-10-05,0.2,0.7,0.5,0.5,0.5,0.7,0.5,0.6,0.6,0.6,x,0.8,0.8,0.6,0.7,0.6,0.9,0.8,0.8,0.7,0.8,0.7,0.8,0.9
64,陽明,7,二氧化氮,NO2,ppb,2017-10-05,1.2,0.8,1.2,1.3,1.2,1.6,1.3,1.2,1.4,1.8,x,1,0.8,0.9,1.9,2.1,2.4,3.1,3.7,4.2,5,7.2,6.1,4.2
64,陽明,10,風速,WIND_SPEED,m/sec,2017-10-05,1.8,2.3,3.7,3.1,2.6,1.7,5.8,3.4,4.7,4.6,6.6,3.9,6.3,5.3,2.6,3,4.5,3.5,3.8,3.8,4.2,3.5,3.5,3.4
64,陽明,11,風向,WIND_DIREC,degrees,2017-10-05,190,180,200,200,190,x,170,170,150,160,150,170,160,160,180,190,160,180,160,190,180,190,190,180
64,陽明,14,溫度,AMB_TEMP,℃,2017-10-05,19.7,19.8,19.8,19.8,19.8,19.8,19.9,20.1,20.3,20.6,20.5,20.6,20.9,20.8,20.9,21,20.7,20.7,20.7,20.9,21,21.2,21.3,21.4
64,陽明,21,酸雨,PH_RAIN,pH,2017-10-05,4.4,4.4,4.4,4.3,4.2,4.2,4.2,4.2,4.2,0,0,0,0,0,0,0,0,0,0,0,0,0,0,0
64,陽明,22,導電度,RAIN_COND,μmho/cm,2017-10-05,55,68,69,79,103,91,80,82,78,0,0,0,0,0,0,0,0,0,0,0,0,0,0,0
64,陽明,32,降雨強度,RAIN_INT,㎜,2017-10-05,1.5,1.5,0.5,0.5,0.5,1,1,1,0.5,0,0,0,0,0,0,0,0,0,0,0,0,0,0,0
64,陽明,33,細懸浮微粒,PM2.5,μg/m3,2017-10-05,1,1,1,1,1,1,3,2,2,9,,1,8,10,16,16,16,17,18,17,17,12,13,9
64,陽明,36,二氧化碳,CO2,ppm,2017-10-05,408,408,408,408,408,409,408,408,408,407,x,x,405,405,406,406,408,409,411,411,413,414,413,412
64,陽明,38,相對濕度,RH,percent,2017-10-05,99,99,99,99,99,99,99,99,99,99,99,99,99,98,97,97,97,97,98,98,98,99,99,99
65,宜蘭,1,二氧化硫,SO2,ppb,2017-10-05,2,1.3,1.1,1.1,1.1,1.4,1.3,1.5,1.5,1.7,1.7,1.5,1.7,2,1.8,1.8,1.8,1.8,1.9,2.2,2.3,2.4,2.6,2.6
65,宜蘭,2,一氧化碳,CO,ppm,2017-10-05,0.19,0.11,0.11,0.1,0.12,0.13,0.16,0.24,0.22,0.18,0.19,0.2,0.24,0.22,0.21,0.21,0.25,0.34,0.36,0.34,0.29,0.3,0.21,0.18
65,宜蘭,3,臭氧,O3,ppb,2017-10-05,50,50,50,48,47,46,43,42,44,45,45,45,42,44,42,42,40,35,37,36,34,34,29,24
65,宜蘭,4,懸浮微粒,PM10,μg/m3,2017-10-05,50,47,46,48,52,47,44,45,46,49,54,53,50,50,49,52,52,50,51,51,49,46,46,43
65,宜蘭,5,氮氧化物,NOx,ppb,2017-10-05,1,x,1.2,1.2,1.1,2.2,3.5,5.4,4.4,4.5,4.5,4.2,5.1,4.6,4.3,4.4,6.4,9.5,8.7,10,9.8,7.4,5.1,4.4
65,宜蘭,6,一氧化氮,NO,ppb,2017-10-05,0.3,x,0.2,0.1,-0.1,0,0.1,0.5,0.4,0.6,0.8,0.6,0.6,0.8,0.6,0.5,0.6,0.8,0.5,0.4,0.4,0.5,0.3,0.1
65,宜蘭,7,二氧化氮,NO2,ppb,2017-10-05,0.7,x,1,1.1,1.2,2.1,3.4,4.9,3.9,4,3.8,3.6,4.5,3.8,3.7,3.9,5.8,8.7,8.2,9.6,9.4,6.9,4.8,4.3
65,宜蘭,10,風速,WIND_SPEED,m/sec,2017-10-05,2.8,2.9,2.3,2.2,2.1,2.5,2.5,2.8,2.3,3.6,3.2,3.2,3.4,2.8,2.5,2.5,2.6,1.8,1.4,1.6,1.2,1.2,1.2,0.7
65,宜蘭,11,風向,WIND_DIREC,degrees,2017-10-05,59,57,40,52,68,49,66,64,72,74,83,76,102,87,77,93,76,72,83,67,58,292,183,75
65,宜蘭,14,溫度,AMB_TEMP,℃,2017-10-05,26.8,26.8,26.3,26.6,26.7,26.9,27.1,27.6,28.2,28.6,28.9,29.3,29.3,29.6,29.1,28.9,28.5,28.2,27.9,27.8,27.9,27.6,26.6,26.1
65,宜蘭,33,細懸浮微粒,PM2.5,μg/m3,2017-10-05,11,8,5,5,9,8,8,9,10,11,13,10,7,9,8,10,10,10,12,8,7,12,12,9
65,宜蘭,36,二氧化碳,CO2,ppm,2017-10-05,401,401,401,401,401,402,402,404,404,403,404,403,405,403,404,404,405,407,407,407,407,408,416,424
65,宜蘭,38,相對濕度,RH,percent,2017-10-05,77,77,79,77,78,78,78,77,72,71,70,70,70,68,71,72,73,75,78,80,80,83,88,88
65,宜蘭,143,小時風速值,WS_HR,m/sec,2017-10-05,2.2,2.6,2,1.6,1.8,2.1,2,2.5,2.6,2.9,2.9,2.7,2.4,2.5,2.2,2.2,2.1,1.9,1.7,1.6,1.3,0.5,1.2,0.8
65,宜蘭,144,小時風向值,WD_HR,degrees,2017-10-05,51,57,38,49,61,54,58,64,65,72,80,74,85,89,76,76,76,71,75,72,81,7.3,191,190
66,冬山,1,二氧化硫,SO2,ppb,2017-10-05,2.1,1.5,1.4,1.3,1.1,1,0.9,1.3,1.1,1.4,1.6,2.8,4,2,3.1,3.8,2.9,1.7,1.1,0.3,0.4,2.2,1.5,-0.1
66,冬山,2,一氧化碳,CO,ppm,2017-10-05,0.15,0.11,0.12,0.12,0.12,0.13,0.17,0.26,0.22,0.21,0.19,0.3,0.37,0.18,0.19,0.2,0.26,0.31,0.28,0.19,0.15,0.15,0.18,0.2
66,冬山,3,臭氧,O3,ppb,2017-10-05,47,48,47,46,44,43,41,36,35,36,36,35,35,34,30,33,30,25,23,33,29,24,20,16
66,冬山,4,懸浮微粒,PM10,μg/m3,2017-10-05,45,41,42,45,42,40,42,45,47,53,54,51,50,50,50,52,58,60,56,48,45,46,44,45
66,冬山,5,氮氧化物,NOx,ppb,2017-10-05,4.3,4.7,5,5.2,5.8,6.3,7.6,13,16,15,17,17,15,14,21,16,18,18,17,7.4,4.7,6.9,7.9,8.9
66,冬山,6,一氧化氮,NO,ppb,2017-10-05,1.6,1.7,1.9,1.9,1.9,2.1,2.3,4,5.1,4.6,6,5.7,4.8,4.5,7.2,4.3,4.1,3.5,3,2.2,2.1,2.2,2.2,2.6
66,冬山,7,二氧化氮,NO2,ppb,2017-10-05,2.7,3,3.1,3.2,3.9,4.2,5.3,9.1,11,10,11,11,10,9.7,14,11,14,14,14,5.1,2.7,4.7,5.7,6.4
66,冬山,10,風速,WIND_SPEED,m/sec,2017-10-05,3.9,5,2.9,2.6,3.8,3.2,3.4,2.9,2,2.9,3.3,3.5,2.9,2.8,2.7,2.2,2.6,2.1,1.5,1,1.8,0.8,1.1,1.5
66,冬山,11,風向,WIND_DIREC,degrees,2017-10-05,19,16,5.5,39,13,28,33,49,57,50,82,73,86,76,79,79,111,98,109,128,183,177,165,268
66,冬山,14,溫度,AMB_TEMP,℃,2017-10-05,26.6,26.5,26.4,26.4,26.1,26.3,26.7,27,27.5,27.7,28,28.8,28.7,28.5,28.6,28.5,28.4,27.9,27.5,27.3,26.5,26.3,26,25.7
66,冬山,21,酸雨,PH_RAIN,pH,2017-10-05,x,x,x,x,x,x,x,x,x,x,x,x,x,x,x,x,x,x,x,x,x,x,x,x
66,冬山,22,導電度,RAIN_COND,μmho/cm,2017-10-05,x,x,x,x,x,x,x,x,x,x,x,x,x,x,x,x,x,x,x,x,x,x,x,x
66,冬山,32,降雨強度,RAIN_INT,㎜,2017-10-05,x,x,x,x,x,x,x,x,x,x,x,x,x,x,x,x,x,x,x,x,x,x,x,x
66,冬山,33,細懸浮微粒,PM2.5,μg/m3,2017-10-05,8,7,10,14,18,14,10,13,14,15,16,10,9,15,19,23,26,24,21,21,19,16,19,19
66,冬山,38,相對濕度,RH,percent,2017-10-05,79,80,80,81,85,80,78,77,75,75,75,70,69,70,70,71,73,76,79,80,82,83,84,85
66,冬山,143,小時風速值,WS_HR,m/sec,2017-10-05,3.9,4.2,3.4,2.9,2.3,3,3.2,3,2.6,2.4,2.8,3.1,2.9,2.7,2.5,2.6,2.1,2.1,1.5,1.8,1.5,1,0.8,0.2
66,冬山,144,小時風向值,WD_HR,degrees,2017-10-05,19,16,6.8,21,16,29,33,45,61,59,69,80,88,81,83,82,95,114,122,139,184,190,205,224
67,三重,1,二氧化硫,SO2,ppb,2017-10-05,1.9,1.8,1.9,2.1,2.5,2.2,4.1,5.3,7.3,5.3,5.9,8.2,8.8,7.7,6.3,8,9.3,10,7.8,5.5,4.1,4.9,4.7,4.6
67,三重,2,一氧化碳,CO,ppm,2017-10-05,0.55,0.31,0.26,0.26,0.28,0.41,1,1.8,1.63,0.95,0.95,0.97,0.85,0.77,0.79,0.99,1.27,1.43,1.61,1.63,1.09,1.35,1.07,0.69
67,三重,4,懸浮微粒,PM10,μg/m3,2017-10-05,41,36,38,34,33,31,42,40,51,48,54,52,51,54,49,55,59,61,64,57,58,51,55,48
67,三重,5,氮氧化物,NOx,ppb,2017-10-05,29,13,17,14,18,31,79,96,93,77,89,89,79,74,68,83,83,89,90,76,68,73,61,44
67,三重,6,一氧化氮,NO,ppb,2017-10-05,13,5,6,4.6,6.6,14,49,61,60,48,57,57,50,45,40,51,50,53,56,45,39,43,33,21
67,三重,7,二氧化氮,NO2,ppb,2017-10-05,17,8.4,11,9.6,11,17,29,35,33,29,32,32,29,30,28,31,33,35,34,32,28,30,27,23
67,三重,8,總碳氫化合物,THC,ppm,2017-10-05,2.1,2,2.1,2.1,2.2,2.2,2.3,2.6,2.6,2.2,2.2,2.2,2.1,2.1,2.2,2.2,2.4,2.5,2.5,2.5,2.3,2.5,2.4,2.2
67,三重,9,非甲烷碳氫化合物,NMHC,ppm,2017-10-05,0.14,0.08,0.07,0.07,0.08,0.11,0.26,0.59,0.57,0.28,0.33,0.31,0.27,0.24,0.27,0.34,0.44,0.46,0.52,0.5,0.34,0.41,0.32,0.19
67,三重,14,溫度,AMB_TEMP,℃,2017-10-05,26.7,26.6,26.6,26.5,26.7,26.8,27,27.7,29,30.3,30.8,32,32.5,32.2,32,31.7,30.6,29.6,29.1,29,28.7,28.8,28.7,28.4
67,三重,31,甲烷,CH4,ppm,2017-10-05,2,2,2,2.1,2.1,2.1,2,2,2,1.9,1.9,1.9,1.9,1.9,1.9,1.9,2,2,2,2,2,2,2.1,2
67,三重,33,細懸浮微粒,PM2.5,μg/m3,2017-10-05,6,2,3,2,6,1,9,9,12,13,13,17,17,16,22,17,21,12,18,16,14,13,13,14
67,三重,38,相對濕度,RH,percent,2017-10-05,75,74,74,74,73,73,74,71,66,61,58,54,53,53,54,55,59,63,67,68,71,71,72,73
68,中壢,1,二氧化硫,SO2,ppb,2017-10-05,1.6,2.6,2.6,4,3.5,3.6,5.6,4.2,3.5,2.3,2.9,2.4,2.6,3.5,4.1,3.9,3.7,3.5,3.3,3,3.3,3.2,3,2.9
68,中壢,2,一氧化碳,CO,ppm,2017-10-05,0.4,0.26,0.22,0.25,0.2,0.33,0.54,1.24,0.95,0.74,0.75,0.81,0.81,0.8,0.71,0.94,1.12,1.2,1.18,1.29,1.25,1.31,1.09,0.75
68,中壢,3,臭氧,O3,ppb,2017-10-05,33,37,38,37,38,31,20,20,23,27,29,30,33,30,30,23,19,16,14,14,14,13,15,19
68,中壢,4,懸浮微粒,PM10,μg/m3,2017-10-05,37,35,36,41,41,42,38,45,49,51,55,55,54,54,52,58,50,56,48,53,43,47,45,43
68,中壢,5,氮氧化物,NOx,ppb,2017-10-05,13,7.5,7.2,9,8.3,16,42,50,42,38,38,40,37,42,37,50,55,50,50,51,53,53,39,28
68,中壢,6,一氧化氮,NO,ppb,2017-10-05,4,2.5,2.4,3.3,2.8,6.4,19,24,17,15,15,17,15,16,12,20,25,20,21,22,26,25,15,11
68,中壢,7,二氧化氮,NO2,ppb,2017-10-05,9,5,4.8,5.7,5.5,9.2,23,27,25,23,23,24,22,26,24,30,30,31,29,28,28,27,24,17
68,中壢,8,總碳氫化合物,THC,ppm,2017-10-05,2,2,2,1.9,1.9,2,2,2.2,2.2,2.1,2.1,2.2,2.1,2.2,2.1,2.3,2.3,2.4,2.3,2.4,2.3,2.3,2.3,2.1
68,中壢,9,非甲烷碳氫化合物,NMHC,ppm,2017-10-05,0.09,0.08,0.05,0.05,0.05,0.08,0.14,0.34,0.32,0.27,0.25,0.29,0.27,0.31,0.26,0.37,0.43,0.44,0.42,0.45,0.39,0.43,0.34,0.23
68,中壢,10,風速,WIND_SPEED,m/sec,2017-10-05,1.3,1.2,1.6,1.2,1.4,1.5,1.6,1.7,1.8,2.6,2,2,1.9,2,1.6,1.6,1.4,1.6,1.4,1.7,1.4,1.3,1.3,1.2
68,中壢,11,風向,WIND_DIREC,degrees,2017-10-05,316,350,291,14,27,342,10,15,6.9,9.9,356,17,11,27,6.6,33,287,14,2.4,284,289,359,281,321
68,中壢,14,溫度,AMB_TEMP,℃,2017-10-05,26,25.8,25.7,25.6,25.7,25.8,26,26.5,27.3,29.3,30.4,31.6,32.1,32.3,31.8,31.3,30.3,29.3,28.6,28.3,28.2,28.1,27.8,27.7
68,中壢,31,甲烷,CH4,ppm,2017-10-05,1.9,1.9,1.9,1.9,1.9,1.9,1.9,1.9,1.9,1.9,1.9,1.9,1.9,1.9,1.9,1.9,1.9,1.9,1.9,1.9,1.9,1.9,1.9,1.9
68,中壢,33,細懸浮微粒,PM2.5,μg/m3,2017-10-05,4,6,7,10,6,13,11,11,1,1,9,9,21,14,20,9,9,10,11,12,18,20,22,15
68,中壢,38,相對濕度,RH,percent,2017-10-05,80,81,81,81,81,80,80,79,76,68,64,61,60,59,61,63,65,68,70,71,72,74,77,77
68,中壢,143,小時風速值,WS_HR,m/sec,2017-10-05,0.4,0.3,0.4,0.6,0.3,0.5,0.3,0.5,0.5,0.7,0.6,0.6,0.6,0.6,0.7,0.3,0.3,0.5,0.4,0.5,0.7,0.6,0.6,0.8
68,中壢,144,小時風向值,WD_HR,degrees,2017-10-05,309,353,315,302,355,344,4.8,347,2.7,2.1,340,312,336,325,12,4.8,328,0.6,16,306,295,295,290,288
69,竹山,1,二氧化硫,SO2,ppb,2017-10-05,1.3,1.3,1.4,1.4,1.3,1.2,1.3,2.2,1.7,1.5,1.5,2,3.4,3.5,3,3,3,4.8,6.7,7.4,6.2,5.5,4.3,3.7
69,竹山,2,一氧化碳,CO,ppm,2017-10-05,0.34,0.28,0.23,0.23,0.22,0.22,0.25,0.45,0.28,0.21,0.18,0.2,0.22,0.23,0.25,0.29,0.3,0.35,0.54,0.57,0.53,0.5,0.46,0.38
69,竹山,3,臭氧,O3,ppb,2017-10-05,3.5,2.3,2.1,2,1.6,1.8,2.4,2.6,7.1,23,39,56,70,83,85,82,69,65,40,31,21,18,16,17
69,竹山,4,懸浮微粒,PM10,μg/m3,2017-10-05,52,49,46,46,51,53,49,,46,45,40,36,43,43,63,67,63,69,80,83,80,75,75,74
69,竹山,5,氮氧化物,NOx,ppb,2017-10-05,12,14,13,13,12,13,14,24,21,12,6.1,6.8,7.8,7.6,7.8,8.4,10,13,19,21,19,20,17,13
69,竹山,6,一氧化氮,NO,ppb,2017-10-05,0.9,2.7,2.8,3.1,3.2,3.7,6.2,14,11,3.2,1.7,1.3,1.5,1.6,1.2,1.5,1.1,1.6,1.9,1.7,1.7,1.7,2,1.2
69,竹山,7,二氧化氮,NO2,ppb,2017-10-05,11,12,11,9.8,9,9.1,8,10,9.5,8.3,4.4,5.5,6.2,6.1,6.6,6.9,8.9,12,17,20,17,18,15,12
69,竹山,10,風速,WIND_SPEED,m/sec,2017-10-05,1.1,0.9,0.7,0.6,0.7,1.3,0.5,0.8,1.3,1.2,1.2,2.7,1.8,1.8,1.8,1.8,1.9,1.2,1.3,1.3,1.1,1.3,1.3,1
69,竹山,11,風向,WIND_DIREC,degrees,2017-10-05,336,243,249,247,267,227,68,286,333,317,55,203,250,302,284,202,195,223,191,210,197,167,194,163
69,竹山,14,溫度,AMB_TEMP,℃,2017-10-05,25.9,25.7,25.4,25.3,25.1,25,24.8,25.2,26.6,29.4,31.7,33.1,32.7,33.2,32.9,31.9,30.4,29.9,29,28.5,27.6,27.3,27.1,26.8
69,竹山,33,細懸浮微粒,PM2.5,μg/m3,2017-10-05,34,30,28,28,30,30,30,26,22,17,21,27,32,32,47,51,48,37,37,40,40,37,39,40
69,竹山,38,相對濕度,RH,percent,2017-10-05,93,94,95,95,97,97,97,95,86,72,62,59,63,61,64,69,78,80,84,85,90,91,92,93
69,竹山,143,小時風速值,WS_HR,m/sec,2017-10-05,0.6,0.1,0.1,0.5,0.7,0.6,0.5,0.4,1.3,0.9,0.6,0.6,1.5,1.3,1.2,1.1,2,1.5,1.2,1,1,1.2,1.2,1.4
69,竹山,144,小時風向值,WD_HR,degrees,2017-10-05,300,360,259,282,247,246,231,24,0.3,353,296,249,210,244,272,231,197,195,199,202,223,177,185,182
70,永和,1,二氧化硫,SO2,ppb,2017-10-05,3.2,4.5,3.7,2.1,2,2.2,2.1,2.5,2.5,2.5,2,2.2,2.1,2.2,2.6,2.5,2.5,3,2.1,2.1,2.2,2.1,2.5,2.5
70,永和,2,一氧化碳,CO,ppm,2017-10-05,0.18,0.14,0.14,0.12,0.15,0.19,0.33,0.95,0.89,0.5,0.36,0.38,0.33,0.36,0.36,0.33,0.37,0.52,0.57,0.5,0.41,0.42,0.41,0.3
70,永和,3,臭氧,O3,ppb,2017-10-05,40,41,43,45,43,40,36,25,28,32,36,36,39,37,36,36,32,27,27,26,27,26,24,29
70,永和,4,懸浮微粒,PM10,μg/m3,2017-10-05,22,22,27,28,32,37,30,28,31,29,32,36,41,40,39,40,41,39,37,39,35,30,33,33
70,永和,5,氮氧化物,NOx,ppb,2017-10-05,7.8,6.8,5.3,4.5,4.6,7.4,12,33,29,23,18,20,17,18,20,17,18,22,19,19,16,16,16,12
70,永和,6,一氧化氮,NO,ppb,2017-10-05,1.6,1.1,0.9,1.1,0.9,1.6,2.8,12,11,8.1,6.1,6.3,5.1,5.7,6,4.5,4.2,5.5,4.7,3.5,3,3,2.6,1.6
70,永和,7,二氧化氮,NO2,ppb,2017-10-05,6.3,5.7,4.4,3.4,3.7,5.9,9.3,20,18,15,11,14,12,12,14,12,14,17,15,15,13,13,14,10
70,永和,8,總碳氫化合物,THC,ppm,2017-10-05,1.9,1.8,1.8,1.8,1.8,1.9,1.9,2,2,1.9,1.9,2,1.9,1.9,1.9,1.9,1.9,1.9,2,1.9,1.9,1.9,2,1.9
70,永和,9,非甲烷碳氫化合物,NMHC,ppm,2017-10-05,0.05,0.03,0.01,0.01,0.02,0.03,0.06,0.21,0.21,0.14,0.1,0.15,0.09,0.09,0.11,0.11,0.11,0.13,0.15,0.12,0.1,0.11,0.14,0.09
70,永和,10,風速,WIND_SPEED,m/sec,2017-10-05,3.1,3.4,2.5,2.9,2.7,3.2,2.8,3.3,3.3,4.1,3.9,3.6,4.1,4,3.9,3.7,4,3.6,3.4,3.1,2.4,3.4,3.5,2.4
70,永和,11,風向,WIND_DIREC,degrees,2017-10-05,93,94,89,94,97,93,94,95,93,90,88,90,89,93,91,92,93,92,93,92,92,93,94,98
70,永和,14,溫度,AMB_TEMP,℃,2017-10-05,26,25.8,25.8,26.2,26.4,26.4,26.6,27.3,28.3,29.4,30.2,30.6,30.9,31.1,30.9,30.6,29.9,29.3,28.8,28.7,28.3,28.5,28.5,28.6
70,永和,31,甲烷,CH4,ppm,2017-10-05,1.8,1.8,1.8,1.8,1.8,1.8,1.8,1.8,1.8,1.8,1.8,1.8,1.8,1.8,1.8,1.8,1.8,1.8,1.8,1.8,1.8,1.8,1.8,1.8
70,永和,33,細懸浮微粒,PM2.5,μg/m3,2017-10-05,8,7,3,1,3,11,16,12,4,5,9,11,15,18,19,16,18,22,17,15,19,15,10,14
70,永和,38,相對濕度,RH,percent,2017-10-05,82,83,82,80,79,81,80,77,74,69,66,66,64,63,64,65,67,70,72,75,76,76,78,80
70,永和,143,小時風速值,WS_HR,m/sec,2017-10-05,3,2.9,2.5,2.5,2.4,2.9,2.9,2.9,3.3,3.7,3.8,3.2,3.6,3.5,3.5,3.8,3.6,3.5,3.5,2.8,2.9,3.1,3.2,2.6
70,永和,144,小時風向值,WD_HR,degrees,2017-10-05,92,93,92,93,92,95,92,93,94,93,92,87,91,89,86,91,93,92,92,91,90,92,93,97
71,復興,1,二氧化硫,SO2,ppb,2017-10-05,3.6,4.2,8.7,5.2,5.5,7.8,8.4,6.9,7.4,18,13,9,7.6,5.8,x,5.2,3.7,2.5,2.3,3,4.5,6.2,5.4,3.2
71,復興,2,一氧化碳,CO,ppm,2017-10-05,0.63,0.58,0.57,0.54,0.57,0.66,0.77,1.04,0.94,0.73,0.64,0.58,0.51,0.42,x,0.39,0.5,0.55,0.73,0.8,1.07,1.01,0.71,0.43
71,復興,3,臭氧,O3,ppb,2017-10-05,25,26,19,14,13,11,13,26,43,22,60,76,77,x,81,74,61,46,45,36,26,22,23,35
71,復興,4,懸浮微粒,PM10,μg/m3,2017-10-05,62,72,75,69,71,71,74,74,68,86,99,80,66,,51,54,53,50,49,50,52,55,60,60
71,復興,5,氮氧化物,NOx,ppb,2017-10-05,18,19,25,20,20,27,29,30,31,52,29,21,20,21,x,15,15,13,19,25,x,32,25,14
71,復興,6,一氧化氮,NO,ppb,2017-10-05,2,1.8,1.4,1.2,1.7,3,3.9,5.2,4.7,5.4,1.7,1.8,1.6,2.1,x,1,1.4,1.5,2.2,3.7,x,4.8,3,1
71,復興,7,二氧化氮,NO2,ppb,2017-10-05,16,18,24,19,18,24,25,25,26,46,27,19,18,19,x,14,14,11,16,22,x,27,22,13
71,復興,8,總碳氫化合物,THC,ppm,2017-10-05,2.3,2.3,2.4,2.4,2.5,2.6,2.6,2.5,2.4,2.5,2.2,2.2,2.1,x,2,1.9,2,2,2.1,2.1,2.3,2.4,2.3,2.1
71,復興,9,非甲烷碳氫化合物,NMHC,ppm,2017-10-05,0.21,0.22,0.28,0.27,0.27,0.38,0.38,0.39,0.33,0.38,0.22,0.17,0.12,x,0.11,0.1,0.13,0.15,0.21,0.25,0.41,0.41,0.3,0.15
71,復興,10,風速,WIND_SPEED,m/sec,2017-10-05,0.6,1.2,0.9,0.8,0.7,0.9,0.7,0.6,1,0.9,0.7,1.1,1.2,1.4,0.9,1.1,1.4,1.2,0.7,0.8,1,1,1.2,1.2
71,復興,11,風向,WIND_DIREC,degrees,2017-10-05,224,89,99,99,143,95,114,179,104,187,208,255,217,193,211,201,258,218,229,112,101,114,141,149
71,復興,14,溫度,AMB_TEMP,℃,2017-10-05,29.7,29.5,29.2,28.7,29,28.8,28.6,29.4,30.6,30.4,30.5,31.4,30.9,31.1,31,30.8,30.5,30.3,30.2,30.4,30.5,30.5,30.1,29.6
71,復興,31,甲烷,CH4,ppm,2017-10-05,2.1,2.1,2.1,2.2,2.2,2.3,2.2,2.2,2,2.1,2,2,2,x,1.9,1.8,1.8,1.8,1.8,1.9,1.9,1.9,1.9,1.9
71,復興,33,細懸浮微粒,PM2.5,μg/m3,2017-10-05,31,41,46,44,42,40,38,37,41,45,47,57,52,x,x,32,33,32,23,19,16,19,26,26
71,復興,38,相對濕度,RH,percent,2017-10-05,75,76,79,81,80,81,83,80,72,76,76,71,71,69,70,71,72,73,74,73,72,72,73,74
71,復興,143,小時風速值,WS_HR,m/sec,2017-10-05,0.4,1,0.9,0.4,0.6,0.5,0.7,0.5,0.6,0.5,0.6,0.7,0.7,0.8,0.9,0.7,0.8,0.8,0.6,0.5,0.8,0.8,0.8,1
71,復興,144,小時風向值,WD_HR,degrees,2017-10-05,202,100,105,163,114,121,113,129,103,196,204,233,228,225,198,224,221,220,214,158,122,107,128,118
72,埔里,1,二氧化硫,SO2,ppb,2017-10-05,3,1.5,1.7,1.6,1.2,1.6,1.2,1.7,3.5,3,3,2.1,2.5,0.8,0.3,0.8,1,1.5,1.7,2,3.3,2.6,2.8,2.3
72,埔里,2,一氧化碳,CO,ppm,2017-10-05,0.33,0.28,0.3,0.29,0.29,0.27,0.33,0.48,0.47,0.47,0.38,0.25,0.26,0.25,0.25,0.35,0.4,0.43,0.54,0.69,0.64,0.46,0.52,0.43
72,埔里,3,臭氧,O3,ppb,2017-10-05,3,2.6,1.8,1.8,1.8,2.7,2.4,3.2,3.7,6.8,19,38,52,51,58,84,86,81,73,45,31,42,28,25
72,埔里,4,懸浮微粒,PM10,μg/m3,2017-10-05,37,32,37,37,33,37,35,32,39,42,36,32,33,34,36,51,66,66,69,74,74,69,62,61
72,埔里,5,氮氧化物,NOx,ppb,2017-10-05,10,10,11,12,12,11,13,20,25,22,17,8.4,8,6.3,5,7.4,8.7,10,16,20,21,12,15,10
72,埔里,6,一氧化氮,NO,ppb,2017-10-05,2.2,2.6,3.6,4.5,5.1,4.5,6.1,11,16,11,6.9,1.4,1.1,0.7,0.4,0.3,0.3,0.3,0.2,0.3,0.3,0.3,0.5,0.4
72,埔里,7,二氧化氮,NO2,ppb,2017-10-05,8.3,7.8,7.9,7.1,6.8,6.9,6.4,8.1,8.9,11,11,6.9,6.9,5.5,4.6,7.1,8.4,9.7,15,20,20,12,14,9.7
72,埔里,10,風速,WIND_SPEED,m/sec,2017-10-05,1.2,1,0.8,0.8,1.1,0.8,1.1,1.3,1.1,1.1,0.8,1.4,2.1,1.9,2.4,3.4,2.8,1.4,1.1,1.1,1.1,1,1.1,0.7
72,埔里,11,風向,WIND_DIREC,degrees,2017-10-05,121,316,170,113,92,306,102,267,305,278,341,97,278,289,284,290,273,302,254,308,264,250,164,181
72,埔里,14,溫度,AMB_TEMP,℃,2017-10-05,22.8,22.7,22.6,22.7,22.6,22.5,22.5,22.7,23.2,24.2,26.4,29,31.3,31.8,32.1,31.5,30.6,29.6,28.7,28,27.4,26.6,26.4,25.7
72,埔里,33,細懸浮微粒,PM2.5,μg/m3,2017-10-05,19,15,12,16,17,17,17,15,17,17,17,19,22,23,25,35,44,44,43,48,49,42,39,41
72,埔里,38,相對濕度,RH,percent,2017-10-05,85,85,86,86,86,86,86,86,85,83,74,65,59,59,59,64,66,69,73,76,78,79,81,82
72,埔里,143,小時風速值,WS_HR,m/sec,2017-10-05,0.6,0.7,0.6,0.2,0.3,0.7,0,0.8,0.9,0.7,0.6,0.8,1.7,2.4,2.2,3.5,3.2,1.7,0.8,0.3,0.9,1,0.2,0.7
72,埔里,144,小時風向值,WD_HR,degrees,2017-10-05,167,311,228,341,289,259,85,284,278,282,34,47,271,271,288,285,277,288,293,250,271,258,149,160
75,馬祖,1,二氧化硫,SO2,ppb,2017-10-05,2.6,1.3,1.2,1.1,1.2,1.5,1.4,1.4,1.2,1.5,1.3,x,1.2,1.3,1.2,1.2,1.3,1.3,1.2,1.5,1.2,1.9,1.5,1.4
75,馬祖,2,一氧化碳,CO,ppm,2017-10-05,0.15,0.13,0.13,0.14,0.13,0.15,0.17,0.2,0.19,0.19,0.18,x,0.19,0.2,0.21,0.2,0.21,0.23,0.19,0.16,0.16,0.14,0.13,0.14
75,馬祖,3,臭氧,O3,ppb,2017-10-05,52,51,50,49,49,47,45,44,45,46,48,x,52,54,54,54,54,51,51,51,48,45,48,47
75,馬祖,4,懸浮微粒,PM10,μg/m3,2017-10-05,38,36,39,39,39,44,50,50,42,41,48,x,40,45,48,37,34,41,36,29,31,36,35,35
75,馬祖,5,氮氧化物,NOx,ppb,2017-10-05,5.3,3.4,3.5,3.6,3.4,3.3,3.4,4.6,4.7,5,4.3,x,5.3,5.8,6.2,6.5,8,7.6,6,5.5,5.3,5.8,5.6,5.2
75,馬祖,6,一氧化氮,NO,ppb,2017-10-05,0.3,0.5,0.6,0.5,0.5,0.4,0.5,1.1,1.3,1.3,1.1,x,1.4,1.5,1.5,1.5,1.8,1.9,1.6,1.2,1.2,1.1,1.2,1.1
75,馬祖,7,二氧化氮,NO2,ppb,2017-10-05,5,2.9,3,3.1,2.9,2.9,2.9,3.6,3.4,3.7,3.3,x,3.9,4.3,4.7,5.1,6.2,5.7,4.4,4.3,4.1,4.7,4.5,4
75,馬祖,10,風速,WIND_SPEED,m/sec,2017-10-05,5.6,4.8,5.1,5.7,5.4,5.2,4.7,4.6,4.3,4.5,4.9,4.6,3.9,3.5,3.4,3.3,3.5,3.2,2.8,3.2,3.3,2.9,2.8,3.1
75,馬祖,11,風向,WIND_DIREC,degrees,2017-10-05,38,41,38,38,42,42,41,38,32,40,36,35,32,36,38,36,42,41,42,44,42,25,25,26
75,馬祖,14,溫度,AMB_TEMP,℃,2017-10-05,24.5,24.5,24.4,24.4,24.3,24.2,24.2,24.2,24.4,24.6,24.8,25.4,25.5,25.1,25.2,25.3,25.3,25.3,25.3,25.4,25.5,25.1,25.1,25.2
75,馬祖,21,酸雨,PH_RAIN,pH,2017-10-05,0,0,0,0,0,0,0,0,0,0,0,0,0,6.6,0,0,0,0,0,0,0,0,0,0
75,馬祖,22,導電度,RAIN_COND,μmho/cm,2017-10-05,0,0,0,0,0,0,0,0,0,0,0,0,0,25,0,0,0,0,0,0,0,0,0,0
75,馬祖,32,降雨強度,RAIN_INT,㎜,2017-10-05,0,0,0,0,0,0,0,0,0,0,0,0,0,0.5,0,0,0,0,0,0,0,0,0,0
75,馬祖,33,細懸浮微粒,PM2.5,μg/m3,2017-10-05,19,18,19,19,16,20,20,19,16,18,19,x,10,10,11,8,8,10,6,6,11,11,9,7
75,馬祖,38,相對濕度,RH,percent,2017-10-05,73,73,74,75,76,77,78,78,76,74,74,73,74,74,73,73,73,74,75,77,78,82,84,84
75,馬祖,143,小時風速值,WS_HR,m/sec,2017-10-05,5,4.6,4.6,4.8,4.8,4.7,4.4,4.1,4,4,4.3,4.3,4.1,3.5,3.1,3.1,2.9,2.8,2.7,2.5,2.6,2.5,2.9,3
75,馬祖,144,小時風向值,WD_HR,degrees,2017-10-05,40,38,39,40,40,41,39,38,38,38,36,36,35,37,38,37,42,41,43,43,45,35,30,30
77,金門,1,二氧化硫,SO2,ppb,2017-10-05,2.2,1.5,1.7,2.1,2.3,2.8,2.9,2.7,2.4,2.4,x,x,2.4,2.3,2.6,2.6,2.9,3.6,3.7,3,3.7,3.5,3,3.6
77,金門,2,一氧化碳,CO,ppm,2017-10-05,0.16,0.16,0.17,0.17,0.17,0.18,0.2,0.22,0.22,0.22,x,x,0.23,0.23,0.23,0.23,0.28,0.38,0.43,0.41,0.42,0.37,0.32,0.36
77,金門,3,臭氧,O3,ppb,2017-10-05,45,45,45,44,43,42,40,41,44,47,51,x,60,66,69,66,62,56,50,44,41,39,38,36
77,金門,4,懸浮微粒,PM10,μg/m3,2017-10-05,42,41,36,35,39,41,42,40,42,47,x,48,48,52,52,47,49,55,65,73,72,63,50,43
77,金門,5,氮氧化物,NOx,ppb,2017-10-05,3.3,3.7,3.9,4.1,4.4,4.6,5.7,6.7,6.8,6.7,x,x,6.9,6.6,6.2,6.1,7.7,12,14,14,13,12,8.9,8.9
77,金門,6,一氧化氮,NO,ppb,2017-10-05,0.2,0.2,0.4,0.4,0.4,0.4,0.5,0.6,0.8,1,x,x,0.6,0.5,0.5,0.5,0.6,0.7,0.4,0.4,0.5,0.5,0.4,0.4
77,金門,7,二氧化氮,NO2,ppb,2017-10-05,3.1,3.4,3.5,3.7,4.1,4.2,5.2,6.1,6,5.8,x,x,6.3,6.1,5.7,5.6,7.1,11,14,13,13,12,8.4,8.5
77,金門,10,風速,WIND_SPEED,m/sec,2017-10-05,4.1,3.8,3.3,3.3,4.4,3.7,3.4,3.6,4.5,4.1,4.9,4.6,3.6,3.3,3.2,2.7,2.5,1.5,1.4,1.2,0.7,1.1,0.8,1.2
77,金門,11,風向,WIND_DIREC,degrees,2017-10-05,39,37,30,35,39,29,34,34,33,40,30,38,35,55,42,45,57,67,79,100,91,45,53,34
77,金門,14,溫度,AMB_TEMP,℃,2017-10-05,26.1,26,26,26,25.9,25.7,25.7,26.2,26.8,27.7,28.7,29,29.3,29.9,29.9,29.5,29.5,29,28.1,27.6,27.4,27.3,27.3,27
77,金門,21,酸雨,PH_RAIN,pH,2017-10-05,0,0,0,0,0,0,0,0,0,0,0,6.9,0,0,0,0,0,0,0,0,0,0,0,0
77,金門,22,導電度,RAIN_COND,μmho/cm,2017-10-05,0,0,0,0,0,0,0,0,0,0,0,22,0,0,0,0,0,0,0,0,0,0,0,0
77,金門,32,降雨強度,RAIN_INT,㎜,2017-10-05,0,0,0,0,0,0,0,0,0,0,0,0.5,0,0,0,0,0,0,0,0,0,0,0,0
77,金門,33,細懸浮微粒,PM2.5,μg/m3,2017-10-05,19,17,13,10,15,15,16,21,19,18,,16,20,23,20,22,26,25,27,30,28,28,27,22
77,金門,38,相對濕度,RH,percent,2017-10-05,66,66,65,64,64,65,65,64,62,59,57,57,56,54,54,56,56,58,62,64,64,65,64,66
77,金門,143,小時風速值,WS_HR,m/sec,2017-10-05,3.3,3.5,3.2,2.9,3.3,3.7,3,3.3,3.7,4,3.6,3.6,3.5,2.8,2.6,2.5,2,1.2,1.4,1.1,0.8,1.2,1.1,1
77,金門,144,小時風向值,WD_HR,degrees,2017-10-05,40,38,36,36,36,28,33,33,35,34,45,39,33,46,40,39,60,67,80,83,86,62,55,36
78,馬公,1,二氧化硫,SO2,ppb,2017-10-05,2.8,1.2,1.2,1.1,1.2,1.3,1.2,1.6,1.7,1.8,2.2,x,x,1.6,1.4,1.4,1.4,1.1,1.3,1.3,1.2,1.2,1.1,1
78,馬公,2,一氧化碳,CO,ppm,2017-10-05,0.14,0.13,0.14,0.14,0.13,0.13,0.15,0.17,0.17,0.17,0.17,x,x,0.15,0.13,0.14,0.16,0.19,0.17,0.17,0.17,0.16,0.14,0.12
78,馬公,3,臭氧,O3,ppb,2017-10-05,42,42,42,42,41,42,41,40,40,42,44,x,x,x,42,42,40,40,42,42,42,42,42,41
78,馬公,4,懸浮微粒,PM10,μg/m3,2017-10-05,42,39,39,40,35,33,30,34,40,37,35,x,x,33,44,44,44,44,48,52,52,51,50,47
78,馬公,5,氮氧化物,NOx,ppb,2017-10-05,1.3,1.4,1.5,2.1,2.4,2.3,2.3,3.4,3.8,3.4,4.1,x,x,3.3,3.1,4,4.9,4.7,4.9,4.7,4.6,4.6,4.1,3.7
78,馬公,6,一氧化氮,NO,ppb,2017-10-05,0.5,0.6,0.5,1,1,1,0.8,1.2,1.3,1.1,1.1,x,x,0.8,1,1.1,1.4,1.2,1,1,0.8,1.1,0.9,1.1
78,馬公,7,二氧化氮,NO2,ppb,2017-10-05,0.9,0.8,1,1.1,1.4,1.3,1.5,2.2,2.5,2.4,2.9,x,x,2.5,2.1,2.8,3.5,3.5,3.9,3.7,3.8,3.5,3.2,2.6
78,馬公,10,風速,WIND_SPEED,m/sec,2017-10-05,6.9,6.8,6.8,5.5,6.7,6,6.7,6.3,6.9,7.1,6.4,6.3,5.8,5,5,4.6,4.2,4.7,4.1,4.1,4.7,3.8,3.7,3.7
78,馬公,11,風向,WIND_DIREC,degrees,2017-10-05,17,14,14,19,15,16,17,16,16,19,18,14,10,3.7,341,357,356,1.9,9.1,2.7,7.9,5.3,4.7,9
78,馬公,14,溫度,AMB_TEMP,℃,2017-10-05,27.2,27.4,27.3,27.2,27,26.8,27,27.2,27.6,28.4,28.9,29.1,28.7,28.9,28.4,28,27.8,27.4,27.2,27.2,27.2,27.2,27.2,27.2
78,馬公,21,酸雨,PH_RAIN,pH,2017-10-05,0,0,0,0,0,0,0,0,0,0,0,0,0,0,x,0,0,0,0,0,0,0,0,0
78,馬公,22,導電度,RAIN_COND,μmho/cm,2017-10-05,0,0,0,0,0,0,0,0,0,0,0,0,0,0,x,0,0,0,0,0,0,0,0,0
78,馬公,32,降雨強度,RAIN_INT,㎜,2017-10-05,0,0,0,0,0,0,0,0,0,0,0,0,0,0,x,0,0,0,0,0,0,0,0,0
78,馬公,33,細懸浮微粒,PM2.5,μg/m3,2017-10-05,12,12,15,15,14,12,10,13,15,13,13,x,x,13,14,15,15,16,16,16,18,16,16,16
78,馬公,38,相對濕度,RH,percent,2017-10-05,83,82,82,83,83,83,82,82,81,78,75,74,75,75,77,80,81,84,85,85,86,86,86,87
78,馬公,143,小時風速值,WS_HR,m/sec,2017-10-05,5.7,5.8,5.9,5.5,6,5.8,6.1,5.7,5.9,5.8,5.9,5.7,5,4.4,3.8,3.7,3.6,3.4,3.5,3.4,3.6,3.4,3.5,3.3
78,馬公,144,小時風向值,WD_HR,degrees,2017-10-05,19,16,14,17,16,17,17,17,18,19,18,15,13,12,352,348,1.3,3.7,7.9,6.8,4.8,7.2,11,9.1
80,關山,1,二氧化硫,SO2,ppb,2017-10-05,0.5,2.1,2,2.1,2.1,2.1,2.1,2.2,2.3,2.2,2.2,2.2,2.2,2.2,2.1,2.2,2.3,2.3,2.4,2.4,2.4,2.5,2.4,2.4
80,關山,3,臭氧,O3,ppb,2017-10-05,19,17,18,15,16,17,11,15,16,17,24,25,31,31,33,32,28,27,26,23,22,23,20,19
80,關山,4,懸浮微粒,PM10,μg/m3,2017-10-05,17,11,6,6,6,13,14,18,15,15,11,10,12,14,20,23,29,32,36,38,37,35,34,36
80,關山,5,氮氧化物,NOx,ppb,2017-10-05,3.1,2.1,1.8,1.9,1.9,2.7,4.6,7,7,6.9,5.2,5.3,4.1,3.9,3.6,3.2,5,4.3,5.4,6.6,5.1,3.3,2.4,2.6
80,關山,6,一氧化氮,NO,ppb,2017-10-05,1,-0.1,0.2,0.1,0.1,0.3,0.3,1.3,1.5,1.7,1.4,1.2,0.8,0.5,0.6,0.6,0.5,0.3,0.2,0.4,0.4,0.1,-0.1,0
80,關山,7,二氧化氮,NO2,ppb,2017-10-05,2.2,2.2,1.6,1.8,1.8,2.4,4.3,5.7,5.5,5.3,3.8,4.1,3.3,3.4,3,2.6,4.5,4.1,5.3,6.2,4.7,3.2,2.4,2.6
80,關山,10,風速,WIND_SPEED,m/sec,2017-10-05,0.4,1.2,0.8,1.1,1,1,0.6,1,1.4,2.1,2.2,2.5,3,2.6,2.8,1.8,1.3,1.7,1.7,0.7,1.2,0.5,0.8,0.7
80,關山,11,風向,WIND_DIREC,degrees,2017-10-05,312,34,24,43,13,24,99,13,48,81,54,49,65,4.3,1.7,356,21,12,50,3,41,339,343,179
80,關山,14,溫度,AMB_TEMP,℃,2017-10-05,25.1,24.8,24.6,24.4,24.4,24.3,24.4,24.8,25.2,25.5,26.5,26.7,28.4,29.3,29.9,29.5,28.7,28.2,27.5,27,26.8,26.5,26,25.7
80,關山,33,細懸浮微粒,PM2.5,μg/m3,2017-10-05,5,3,3,3,5,4,3,3,3,6,3,3,3,9,10,8,9,10,10,10,12,10,10,11
80,關山,38,相對濕度,RH,percent,2017-10-05,95,95,95,95,95,95,95,94,93,92,90,87,79,75,71,71,76,78,81,85,86,86,87,87
80,關山,143,小時風速值,WS_HR,m/sec,2017-10-05,0.1,1.1,1,1.1,1,1.1,0.6,1.1,1.1,1.5,1.8,1.8,2,1.6,2,1.6,1.3,1.3,1.4,1.1,0.9,1,0.7,0.4
80,關山,144,小時風向值,WD_HR,degrees,2017-10-05,67,14,3.9,33,25,26,18,39,55,56,66,62,52,23,26,19,16,15,41,37,30,9.9,358,24
83,麥寮,1,二氧化硫,SO2,ppb,2017-10-05,3.6,2.3,2.1,2,2.4,2.5,4.3,4.9,9.1,6.2,6,5.5,3.5,2.5,2.1,2.2,1.9,1.7,1.8,1.9,2,2.2,2.2,2.7
83,麥寮,2,一氧化碳,CO,ppm,2017-10-05,0.25,0.27,0.26,0.25,0.25,0.26,0.61,0.4,0.7,0.51,0.44,0.37,0.31,0.25,0.26,0.24,0.24,0.28,0.25,0.23,0.21,0.22,0.22,0.24
83,麥寮,3,臭氧,O3,ppb,2017-10-05,21,20,19,17,16,12,11,22,22,30,42,55,65,61,56,53,47,40,39,35,35,34,33,29
83,麥寮,4,懸浮微粒,PM10,μg/m3,2017-10-05,38,42,45,60,41,48,67,57,63,63,97,126,126,161,121,162,123,107,103,100,102,80,66,72
83,麥寮,5,氮氧化物,NOx,ppb,2017-10-05,11,8.2,7.4,7.8,8.3,11,19,16,21,24,19,17,13,9.9,10,8.1,5.4,6.5,5.5,5.4,4.4,4.7,4.9,6.4
83,麥寮,6,一氧化氮,NO,ppb,2017-10-05,1.6,1.3,1.3,1.3,1,1.1,5.1,4.1,6.7,8.3,4.9,3.6,2.7,2.4,1.9,2.3,1.3,1.7,1.9,1.5,1.3,1.3,1.1,1.2
83,麥寮,7,二氧化氮,NO2,ppb,2017-10-05,9.2,6.9,6.1,6.5,7.3,9.5,14,12,14,16,15,13,10,7.5,8.3,5.7,4.1,4.7,3.6,3.9,3.1,3.4,3.8,5.2
83,麥寮,8,總碳氫化合物,THC,ppm,2017-10-05,2,2.3,2.5,2.5,2.3,2.2,2.4,2,2,2,2,2,1.9,1.9,1.9,1.8,1.8,1.8,1.8,1.8,1.9,1.9,1.9,1.9
83,麥寮,9,非甲烷碳氫化合物,NMHC,ppm,2017-10-05,0.05,0.06,0.06,0.06,0.07,0.07,0.1,0.06,0.09,0.1,0.12,0.16,0.09,0.06,0.06,0.04,0.03,0.04,0.03,0.03,0.02,0.02,0.03,0.04
83,麥寮,10,風速,WIND_SPEED,m/sec,2017-10-05,1.3,1.4,1.6,2.1,1.7,1.7,2.4,3.3,3.6,2.8,2.8,3,3.4,3.6,3.9,3.8,5,3.6,3.6,3.5,2.7,3.2,2.7,2.3
83,麥寮,11,風向,WIND_DIREC,degrees,2017-10-05,14,22,19,15,25,19,10,17,3.4,5.8,3.6,354,1.6,345,355,359,0.1,3.7,2.6,4.3,356,356,0.6,0.6
83,麥寮,14,溫度,AMB_TEMP,℃,2017-10-05,26.5,26.3,26,25.8,25.7,25.6,26,27.1,28.3,29.7,30.8,31.3,31.6,31.5,31.2,30.9,30.1,29.2,28.8,28.7,28.6,28.7,28.7,28.6
83,麥寮,31,甲烷,CH4,ppm,2017-10-05,2,2.3,2.4,2.5,2.2,2.1,2.3,1.9,1.9,1.9,1.9,1.8,1.8,1.8,1.8,1.8,1.8,1.8,1.8,1.8,1.9,1.9,1.9,1.9
83,麥寮,33,細懸浮微粒,PM2.5,μg/m3,2017-10-05,20,20,20,20,19,21,29,26,24,25,26,30,32,33,28,25,28,26,22,21,20,21,21,19
83,麥寮,38,相對濕度,RH,percent,2017-10-05,83,84,85,86,87,88,86,83,78,73,70,69,68,69,70,72,77,81,82,82,83,82,82,83
83,麥寮,143,小時風速值,WS_HR,m/sec,2017-10-05,1.2,1.3,1.2,1.8,1.6,1.6,1.6,3.2,2.7,2.7,2.3,2.5,2.6,3.2,3.5,3.9,4.2,3.7,3.3,3.2,2.9,3.1,2.7,2.4
83,麥寮,144,小時風向值,WD_HR,degrees,2017-10-05,31,17,17,12,17,20,4.9,14,18,9.5,3.2,354,351,355,351,1,1.7,359,0.7,359,357,357,356,358
84,富貴角,1,二氧化硫,SO2,ppb,2017-10-05,0.2,0.3,0.3,0.3,0.5,0.3,0.4,0.3,1,0.4,0.5,0.2,0.5,0.4,0.2,0.2,x,0.4,0.3,0.4,0.3,0.4,0.4,0.4
84,富貴角,2,一氧化碳,CO,ppm,2017-10-05,0.09,0.11,0.1,0.1,0.1,0.11,0.11,0.11,0.11,0.11,0.11,0.12,0.12,0.12,0.11,0.12,x,0.18,0.17,0.16,0.16,0.16,0.16,0.16
84,富貴角,3,臭氧,O3,ppb,2017-10-05,52,52,50,50,50,49,48,48,47,48,49,46,48,47,45,43,44,49,49,46,48,47,50,50
84,富貴角,5,氮氧化物,NOx,ppb,2017-10-05,3.7,1.1,1,0.9,1.6,1.1,1.2,1.4,2.8,1.1,1.1,0.6,0.8,0.7,0.6,x,x,2.3,1.7,1.8,1.4,1.5,1.5,1.3
84,富貴角,6,一氧化氮,NO,ppb,2017-10-05,0.2,0.3,0.4,0.4,0.3,0.4,0.4,0.4,0.8,0.4,0.4,0.4,0.4,0.4,0.5,x,x,0.1,0.1,0.1,0.2,0.2,0.2,0.2
84,富貴角,7,二氧化氮,NO2,ppb,2017-10-05,3.5,0.7,0.6,0.5,1.2,0.8,0.9,1,1.9,0.7,0.6,0.2,0.4,0.3,0.1,x,x,2.2,1.6,1.7,1.2,1.3,1.3,1
84,富貴角,8,總碳氫化合物,THC,ppm,2017-10-05,1.9,1.9,1.9,1.9,1.9,1.9,1.9,1.9,1.9,1.9,1.9,1.9,1.9,1.9,1.9,1.9,x,x,2,2,2,2,2,2
84,富貴角,9,非甲烷碳氫化合物,NMHC,ppm,2017-10-05,0.02,0.02,0.04,0.05,0.04,0.05,0.05,0.05,0.05,0.05,0.05,0.05,0.05,0.05,0.05,0.05,x,x,0.07,0.07,0.07,0.07,0.07,0.07
84,富貴角,10,風速,WIND_SPEED,m/sec,2017-10-05,11,10,8.1,10,9.3,9.3,8.2,9.2,9.6,8.9,7.5,6.2,7.4,6.3,6.7,7.3,6.9,7.8,7.6,7.2,8.1,6.8,6.8,6.6
84,富貴角,11,風向,WIND_DIREC,degrees,2017-10-05,67,71,77,70,72,74,79,75,74,76,95,95,91,94,94,96,97,98,97,95,96,95,91,79
84,富貴角,14,溫度,AMB_TEMP,℃,2017-10-05,26.1,26.2,26.3,26.3,26.3,26.4,26.4,26.5,26.6,26.7,27.1,27.5,27.5,27.4,27.4,27.3,27.3,27.2,27.1,27.1,27.1,27.1,27.1,27
84,富貴角,31,甲烷,CH4,ppm,2017-10-05,1.9,1.9,1.9,1.9,1.9,1.9,1.9,1.9,1.9,1.9,1.9,1.9,1.9,1.9,1.9,1.9,x,x,1.9,1.9,1.9,1.9,1.9,1.9
84,富貴角,38,相對濕度,RH,percent,2017-10-05,79,77,78,79,80,81,81,81,83,83,81,76,77,78,78,80,78,78,81,82,83,84,84,84
84,富貴角,143,小時風速值,WS_HR,m/sec,2017-10-05,11,10,8.5,9.6,9.8,9.3,9,8.9,8.2,8.4,6.7,6.5,6.8,6.2,5.9,6.3,7.2,7.6,8.2,7.1,7.5,7.7,6.9,6.4
84,富貴角,144,小時風向值,WD_HR,degrees,2017-10-05,68,69,75,71,70,73,75,76,75,75,90,94,93,91,93,92,97,98,100,95,94,97,95,85
