SiteId,SiteName,ItemId,ItemName,ItemEngName,ItemUnit,MonitorDate,MonitorValue00,MonitorValue01,MonitorValue02,MonitorValue03,MonitorValue04,MonitorValue05,MonitorValue06,MonitorValue07,MonitorValue08,MonitorValue09,MonitorValue10,MonitorValue11,MonitorValue12,MonitorValue13,MonitorValue14,MonitorValue15,MonitorValue16,MonitorValue17,MonitorValue18,MonitorValue19,MonitorValue20,MonitorValue21,MonitorValue22,MonitorValue23
1,基隆,1,二氧化硫,SO2,ppb,1996-05-18,2.3,2.1,1.5,1.5,2.1,4.9,4.1,4.7,5.5,7.7,5.2,22,19,6.5,7.3,4.4,2.6,2.4,1.9,1.1,4.4,1.6,7.4,9.9
1,基隆,2,一氧化碳,CO,ppm,1996-05-18,1.34,0.4,0.24,0.23,0.33,0.6,0.76,0.65,0.57,0.5,0.39,0.53,0.57,0.45,0.36,0.56,0.54,0.61,0.78,0.62,0.57,0.68,1.61,1.22
1,基隆,3,臭氧,O3,ppb,1996-05-18,48,46,54,x,58,55,52,49,51,47,50,42,45,47,47,45,45,41,40,40,28,29,8.2,13
1,基隆,4,懸浮微粒,PM10,μg/m3,1996-05-18,79,77,73,83,77,81,80,71,67,57,59,61,58,70,71,69,63,63,75,70,77,76,74,75
1,基隆,5,氮氧化物,NOx,ppb,1996-05-18,15,13,8.1,7.7,7.8,9.1,x,21,21,25,20,30,25,21,20,21,21,22,19,15,18,17,49,45
1,基隆,6,一氧化氮,NO,ppb,1996-05-18,0.2,0,0,0,0,0,x,3.1,3.3,5.1,4.5,6.3,4.7,3.6,3.2,3.6,4.4,3.4,1.2,1.3,1.4,0.9,14,9.1
1,基隆,7,二氧化氮,NO2,ppb,1996-05-18,15,13,8,7.7,7.8,9.1,x,18,18,19,16,24,20,17,16,18,16,19,18,13,17,16,35,36
1,基隆,8,總碳氫化合物,THC,ppm,1996-05-18,2.1,x,2.1,2.1,2.1,2.1,2.2,2.1,2.2,2.2,2.1,2.2,2.2,2.2,2.1,2.3,2.2,2.2,2.3,2.3,2.4,2.6,3.6,3.1
1,基隆,9,非甲烷碳氫化合物,NMHC,ppm,1996-05-18,0.07,x,0.07,0.11,0.14,0.17,0.19,0.19,0.29,0.28,0.16,0.3,0.27,0.27,0.17,0.32,0.37,0.34,0.43,0.28,0.26,0.33,0.9,0.65
1,基隆,10,風速,WIND_SPEED,m/sec,1996-05-18,0.4,0.3,0.7,0.9,0.9,0.6,0.9,1.4,1.6,2,2.2,2.1,2.3,2.2,2.7,1.9,2,1.5,1,0.3,0,0,x,0
1,基隆,11,風向,WIND_DIREC,degrees,1996-05-18,55,61,49,62,66,68,41,23,5,26,28,356,7,21,30,45,63,33,55,151,154,145,136,183
1,基隆,14,溫度,AMB_TEMP,℃,1996-05-18,19.9,19.8,19.8,19.7,19.7,19.7,20.3,20.9,21.7,22.1,22.3,22.3,22.4,22.6,22.3,22.6,22.5,21.6,21,20.5,20.1,19.8,19.8,19.8
1,基隆,31,甲烷,CH4,ppm,1996-05-18,2.1,x,2,2,2,2,2,1.9,1.9,1.9,1.9,1.9,1.9,1.9,1.9,1.9,1.9,1.9,1.9,2,2.1,2.2,2.7,2.4
2,汐止,1,二氧化硫,SO2,ppb,1996-05-18,5,4.5,3.6,3.5,3.6,3.2,4.1,9.7,5.3,18,19,16,26,18,9.7,12,7.7,13,6.8,8.1,9.8,24,6.2,8.6
2,汐止,2,一氧化碳,CO,ppm,1996-05-18,0.58,0.6,0.59,0.54,0.57,0.68,0.85,1.23,1.04,0.71,0.51,0.44,0.46,0.42,0.41,0.39,0.46,0.51,0.63,0.92,1.1,1.25,1.36,1.13
2,汐止,3,臭氧,O3,ppb,1996-05-18,30,8,2.9,x,1,1.2,1.7,17,40,39,39,43,41,45,45,42,38,31,24,13,1.9,3.1,7.5,7
2,汐止,4,懸浮微粒,PM10,μg/m3,1996-05-18,83,72,79,75,76,76,86,94,100,80,85,70,67,41,38,56,47,46,66,92,108,104,105,103
2,汐止,5,氮氧化物,NOx,ppb,1996-05-18,24,51,55,56,78,105,x,101,39,34,32,28,31,25,24,25,27,31,37,54,71,93,57,62
2,汐止,6,一氧化氮,NO,ppb,1996-05-18,0.6,7.9,14,19,45,72,x,51,8.2,6.1,6,5.1,6,4.5,4.1,3.8,3.9,3.5,3.8,12,21,41,12,14
2,汐止,7,二氧化氮,NO2,ppb,1996-05-18,23,43,41,37,34,33,x,50,31,28,26,23,25,20,19,21,23,27,33,42,49,51,44,48
2,汐止,10,風速,WIND_SPEED,m/sec,1996-05-18,0.1,0,0.1,0,0,0,0,0.9,1.7,1.8,2.4,2.2,2.4,2.7,3,3.1,2.6,2.6,1.6,0.9,0.4,0.7,0.6,0.7
2,汐止,11,風向,WIND_DIREC,degrees,1996-05-18,86,999,28,13,999,999,999,84,74,38,30,35,27,33,27,31,35,29,34,79,51,85,70,87
2,汐止,14,溫度,AMB_TEMP,℃,1996-05-18,19.7,19.2,18.9,18.4,17.8,17.5,18.4,21.3,22.7,22.7,23,23.6,24.2,24.4,24.5,23.9,23.4,22.4,21.2,20.7,20.1,20.1,20.1,20.1
3,萬里,1,二氧化硫,SO2,ppb,1996-05-18,0.5,1,0.5,0.1,0.1,0.1,0.3,0.2,0.5,0.3,0.3,x,x,0.4,0.2,0.4,0.1,0.1,0.1,1.5,2.9,1.3,1,1.3
3,萬里,2,一氧化碳,CO,ppm,1996-05-18,0.27,0.32,0.29,0.3,0.28,0.29,0.25,0.18,0.18,0.16,0.19,x,x,x,0.18,0.19,0.21,0.2,0.21,0.19,0.43,0.48,0.4,0.29
3,萬里,3,臭氧,O3,ppb,1996-05-18,56,50,61,x,61,62,60,58,58,x,x,x,54,54,56,54,52,51,52,48,30,14,14,18
3,萬里,4,懸浮微粒,PM10,μg/m3,1996-05-18,89,83,98,102,96,131,132,89,74,72,71,x,x,86,83,82,75,99,114,145,185,147,108,71
3,萬里,5,氮氧化物,NOx,ppb,1996-05-18,0,0,0,0,0,0,x,0,0,0,0,x,x,3.3,6.9,1.8,1.7,2.7,2.9,5.7,17,17,16,12
3,萬里,6,一氧化氮,NO,ppb,1996-05-18,0,0,0,0,0,0,x,0.1,0.2,0.1,0.1,x,x,1.5,6,0.2,0.2,0.1,0,0,1.7,2,2.3,0.7
3,萬里,7,二氧化氮,NO2,ppb,1996-05-18,0,0,0,0,0,0,x,0,0,0,0,x,x,1.8,0.9,1.6,1.5,2.7,2.9,5.7,16,15,14,12
3,萬里,8,總碳氫化合物,THC,ppm,1996-05-18,2.1,2.1,x,2,2.1,2,2,2,2,2,2,x,2,2,2,2,2,2,2,2.1,2.3,2.4,2.5,2.4
3,萬里,9,非甲烷碳氫化合物,NMHC,ppm,1996-05-18,0.03,0.03,x,0.01,0.01,0.01,0.01,0,0.01,0.01,0.01,x,0,0.01,0,0.01,0.02,0.01,0.02,0.02,0.12,0.14,0.18,0.13
3,萬里,10,風速,WIND_SPEED,m/sec,1996-05-18,1.2,1.1,3.1,3.6,3.2,3.3,3.7,3.9,3.5,3.3,3.3,x,x,x,2.9,3,3.1,3.3,2.6,1.4,0.2,1.1,1,1.5
3,萬里,11,風向,WIND_DIREC,degrees,1996-05-18,359,1,28,23,17,20,23,31,33,34,35,x,x,x,35,35,35,36,40,67,196,204,196,197
3,萬里,14,溫度,AMB_TEMP,℃,1996-05-18,19.5,19.3,19.4,19.3,19.3,19.4,20.6,21.5,22.2,22.5,22.5,23.1,23.2,23.1,22.4,21.4,21.3,20.7,20.5,20.4,20.1,19.4,18.8,18.5
3,萬里,21,酸雨,PH_RAIN,pH,1996-05-18,0,0,0,0,0,0,0,0,0,0,0,x,x,0,0,0,0,0,0,0,0,0,0,0
3,萬里,22,導電度,RAIN_COND,μmho/cm,1996-05-18,0,0,0,0,0,0,0,0,0,0,0,x,470,3.7,0,0,0,0,0,0,0,0,0,0
3,萬里,31,甲烷,CH4,ppm,1996-05-18,2.1,2.1,x,2,2.1,2,2,2,2,2,2,x,2,2,2,2,2,2,2,2.1,2.1,2.3,2.3,2.2
3,萬里,32,降雨強度,RAIN_INT,㎜,1996-05-18,0,0,0,0,0,0,0,0,0,0,0,11,6,0.5,0,0,0,0,0,0,0,0,0,0
4,新店,1,二氧化硫,SO2,ppb,1996-05-18,0.1,0,0,0,0,0,0,x,6.9,8.8,3.3,4.7,6.1,9.4,5.4,7,4.6,4,2.3,0.7,0.4,0.4,0.4,0.1
4,新店,2,一氧化碳,CO,ppm,1996-05-18,0.48,0.34,0.33,0.31,0.3,0.31,0.38,0.58,0.59,0.46,0.42,0.4,0.43,0.45,0.44,0.49,0.54,0.62,0.75,0.75,0.7,0.78,0.74,0.53
4,新店,3,臭氧,O3,ppb,1996-05-18,21,23,25,x,26,24,25,28,47,58,62,64,66,62,62,56,53,45,39,41,40,36,38,44
4,新店,4,懸浮微粒,PM10,μg/m3,1996-05-18,46,36,31,31,23,24,18,24,24,41,43,50,53,55,55,58,60,61,60,54,54,36,34,48
4,新店,5,氮氧化物,NOx,ppb,1996-05-18,11,7,5.5,3.4,4.8,6.1,x,16,24,21,20,18,12,15,13,15,17,21,22,17,17,20,18,13
4,新店,6,一氧化氮,NO,ppb,1996-05-18,1.2,0.9,0.1,0.1,0.1,0.1,x,3.3,5.7,4.4,4.6,4.3,1.2,1.4,1.1,1.3,1.9,2.1,1.5,1.2,1.3,1.2,0.4,0.1
4,新店,7,二氧化氮,NO2,ppb,1996-05-18,10,6.1,5.4,3.3,4.7,6,x,13,19,17,16,14,11,13,12,14,16,19,21,16,15,18,17,12
4,新店,10,風速,WIND_SPEED,m/sec,1996-05-18,1.4,1.6,1.3,2.5,1.4,2.8,2.7,2.1,1.8,2.1,2.6,3,3.6,4,4.3,3.9,3.1,2.9,2.6,2.8,2.4,2.2,1.9,2
4,新店,11,風向,WIND_DIREC,degrees,1996-05-18,171,179,184,176,175,177,176,176,88,52,41,64,62,64,61,63,47,59,57,75,76,76,82,81
4,新店,14,溫度,AMB_TEMP,℃,1996-05-18,19,18.4,18,17.7,17.5,17,18.4,20.7,23.6,24.8,25,25.3,25.6,25.8,25.9,25.6,25,23.6,22.4,21.9,21.4,21.2,21.2,21.1
5,土城,1,二氧化硫,SO2,ppb,1996-05-18,0.5,0.2,0.2,1.4,1.1,2.4,1.8,1.6,4.3,4.7,7.1,6.7,6.4,8.1,8.7,8,6.3,4.5,5.2,3.1,0.8,1,2.2,3.3
5,土城,2,一氧化碳,CO,ppm,1996-05-18,0.5,0.3,0.27,0.18,0.22,0.23,0.31,0.49,0.48,0.49,0.44,0.48,0.52,0.52,0.47,0.47,0.49,0.57,0.83,0.89,0.81,0.71,0.83,0.84
5,土城,3,臭氧,O3,ppb,1996-05-18,24,32,31,x,35,38,42,47,49,54,59,58,62,58,54,50,47,42,31,26,29,34,31,26
5,土城,4,懸浮微粒,PM10,μg/m3,1996-05-18,54,43,36,30,29,28,43,45,44,45,50,56,53,58,55,58,65,64,72,71,76,70,56,47
5,土城,5,氮氧化物,NOx,ppb,1996-05-18,14,7.9,7.9,8.5,9.5,11,x,15,16,17,16,18,17,19,20,21,21,20,27,27,22,18,22,27
5,土城,6,一氧化氮,NO,ppb,1996-05-18,0,0,0,0,0,0,x,0.8,1.3,1.5,1.3,1.4,1.1,1.6,1.7,1.6,1.2,0.5,0.2,0.2,0.1,0,0,0
5,土城,7,二氧化氮,NO2,ppb,1996-05-18,14,7.9,7.9,8.5,9.5,11,x,14,14,16,15,16,16,17,19,19,20,20,26,27,22,18,22,27
5,土城,14,溫度,AMB_TEMP,℃,1996-05-18,20,19.9,19.5,19.4,19.3,19.2,20.2,22.9,24.4,25.3,25.5,25.8,26.3,26.6,26.8,26.3,25.2,24,22.7,22.1,21.8,21.8,21.8,21.6
6,板橋,1,二氧化硫,SO2,ppb,1996-05-18,8.6,3,2.1,4,13,3.9,5,8.1,6.3,4,9.1,7.4,5.8,6.4,8.9,9,8.9,6.6,6.5,6.3,5.7,5.2,4.3,4
6,板橋,2,一氧化碳,CO,ppm,1996-05-18,0.91,0.46,0.29,0.31,0.36,0.52,0.74,0.95,0.96,0.77,0.71,0.73,0.76,0.78,0.75,0.72,0.75,0.9,1.13,1.17,1.19,1.19,1.32,1.05
6,板橋,3,臭氧,O3,ppb,1996-05-18,19,20,25,x,19,18,17,35,45,49,50,51,54,48,43,43,37,34,25,18,17,17,14,19
6,板橋,4,懸浮微粒,PM10,μg/m3,1996-05-18,72,59,65,54,48,38,17,38,46,46,60,65,65,50,65,78,89,95,65,57,40,37,50,33
6,板橋,5,氮氧化物,NOx,ppb,1996-05-18,31,19,12,15,22,24,x,36,34,34,34,32,33,39,43,40,41,37,43,46,48,45,52,45
6,板橋,6,一氧化氮,NO,ppb,1996-05-18,1.4,0.4,0.1,0.4,0.7,1.4,x,6.1,4.7,5,5.1,5.1,4.7,6.4,7.7,7,7,4.6,4.9,5.9,6.6,5,6.9,4.1
6,板橋,7,二氧化氮,NO2,ppb,1996-05-18,30,19,12,15,21,22,x,30,29,29,29,27,28,33,35,33,34,32,38,40,41,40,45,41
6,板橋,8,總碳氫化合物,THC,ppm,1996-05-18,2.5,2.3,2.2,2.3,2.4,2.4,2.5,2.5,2.7,2.4,2.4,2.4,2.3,2.3,2.4,2.3,2.3,2.4,2.6,2.7,2.6,2.6,2.6,2.5
6,板橋,9,非甲烷碳氫化合物,NMHC,ppm,1996-05-18,0.25,0.17,0.13,0.18,0.29,0.25,0.35,0.47,0.47,0.37,0.34,0.39,0.34,0.33,0.4,0.33,0.34,0.37,0.5,0.48,0.53,0.46,0.49,0.46
6,板橋,14,溫度,AMB_TEMP,℃,1996-05-18,20.3,19.5,19,18.8,18.6,18.7,20.8,22.3,23.6,24.8,25.3,25.8,26.4,26.7,26.5,26,25,23.7,22.5,21.9,21.7,21.6,21.6,21.5
6,板橋,21,酸雨,PH_RAIN,pH,1996-05-18,0,0,0,0,0,0,0,0,0,0,0,0,0,0,0,0,0,0,0,0,0,0,0,0
6,板橋,22,導電度,RAIN_COND,μmho/cm,1996-05-18,0,0,0,0,0,0,0,0,0,0,0,0,0,0,0,0,0,0,0,0,0,0,0,0
6,板橋,31,甲烷,CH4,ppm,1996-05-18,2.2,2.1,2.1,2.1,2.1,2.2,2.2,2.1,2.2,2.1,2,2,2,2,2,2,2,2.1,2.1,2.2,2.1,2.1,2.1,2.1
6,板橋,32,降雨強度,RAIN_INT,㎜,1996-05-18,0,0,0,0,0,0,0,0,0,0,0,0,0,0,0,0,0,0,0,0,0,0,0,0
7,新莊,1,二氧化硫,SO2,ppb,1996-05-18,6.5,8.7,8.4,4.9,3.9,2.9,3.4,3.7,3.3,1.8,3,3.4,2.2,2.1,3.1,4.2,11,9,8.8,5,6.7,4.1,2.8,4
7,新莊,2,一氧化碳,CO,ppm,1996-05-18,0.72,0.68,0.5,0.51,0.47,0.51,0.59,0.92,0.91,0.58,0.54,0.48,0.49,0.42,0.42,0.46,0.51,0.61,0.84,0.81,0.81,0.89,0.84,0.67
7,新莊,3,臭氧,O3,ppb,1996-05-18,40,25,20,x,20,17,22,36,55,62,62,64,65,67,63,62,54,50,39,36,31,30,34,39
7,新莊,4,懸浮微粒,PM10,μg/m3,1996-05-18,56,60,59,50,40,43,42,39,43,49,45,48,49,43,42,39,37,41,50,49,53,51,50,46
7,新莊,5,氮氧化物,NOx,ppb,1996-05-18,20,25,19,20,17,20,x,34,27,19,20,17,15,13,14,15,21,20,26,24,27,28,25,22
7,新莊,6,一氧化氮,NO,ppb,1996-05-18,0.3,0.8,0.4,0.3,0.2,0.8,x,5.8,3.3,2.2,2.5,1.9,1.8,1.2,1.5,1.4,2,1.1,0.5,0.4,0.4,0.3,0.4,0.2
7,新莊,7,二氧化氮,NO2,ppb,1996-05-18,19,24,19,20,17,19,x,28,24,17,17,15,14,12,13,14,19,19,25,24,27,27,25,22
7,新莊,8,總碳氫化合物,THC,ppm,1996-05-18,2.5,2.6,x,2.8,3,3,3.2,2.8,2.7,2.4,2.4,2.5,2.5,2.5,2.3,2.3,2.3,2.5,2.8,2.9,2.6,2.6,2.5,2.3
7,新莊,9,非甲烷碳氫化合物,NMHC,ppm,1996-05-18,0.18,0.32,x,0.09,0.15,0.17,0.13,0.13,0.14,0.12,0.06,0.09,0.08,0.1,0.06,0.09,0.08,0.12,0.1,0.09,0.09,0.15,0.12,0.07
7,新莊,10,風速,WIND_SPEED,m/sec,1996-05-18,2.3,1.1,0.6,0.2,0.2,0.1,0.2,1.2,1.5,2.9,2.9,3.5,3.7,4.5,4.9,5.3,5.7,5.8,4.5,4.8,4.3,3.5,3.9,4
7,新莊,11,風向,WIND_DIREC,degrees,1996-05-18,78,107,106,120,68,36,15,73,82,79,99,78,74,74,76,79,77,78,78,78,77,73,71,75
7,新莊,14,溫度,AMB_TEMP,℃,1996-05-18,20.8,20.2,19.3,19,18.7,18.8,20.5,21.9,23.6,24.6,25.3,25.6,26.2,26.5,26.5,26.1,25.1,24,22.7,21.9,21.7,21.7,21.7,21.8
7,新莊,31,甲烷,CH4,ppm,1996-05-18,2.3,2.3,x,2.7,2.8,2.9,3,2.6,2.5,2.3,2.3,2.4,2.5,2.4,2.2,2.2,2.2,2.4,2.7,2.8,2.5,2.4,2.4,2.3
8,菜寮,1,二氧化硫,SO2,ppb,1996-05-18,2.1,4.7,4,3.2,2.4,3.4,4.7,8.2,5.6,3.2,2.7,2.4,2.3,2.2,4,5,12,14,15,9.1,13,9.3,8.4,5.2
8,菜寮,2,一氧化碳,CO,ppm,1996-05-18,0.89,1.02,0.89,0.85,1,1.09,1.29,2.11,1.54,x,0.81,0.76,0.82,0.76,x,0.56,0.61,0.73,0.85,0.94,0.85,0.93,0.95,0.73
8,菜寮,3,臭氧,O3,ppb,1996-05-18,43,33,33,28,6.7,6,8.9,11,40,54,54,56,57,57,56,56,50,44,33,31,27,27,24,37
8,菜寮,4,懸浮微粒,PM10,μg/m3,1996-05-18,51,54,68,77,90,89,76,68,74,72,64,61,61,62,62,62,72,81,80,70,66,70,74,68
8,菜寮,5,氮氧化物,NOx,ppb,1996-05-18,17,27,24,25,36,40,x,84,49,26,24,21,20,20,19,19,23,25,30,29,32,31,35,25
8,菜寮,6,一氧化氮,NO,ppb,1996-05-18,0.2,1.1,0.3,0.4,5.8,10,x,36,12,5,4.9,4,3.9,4.2,3.3,3.1,2.9,2.2,0.8,1.1,0.8,0.6,0.7,0.3
8,菜寮,7,二氧化氮,NO2,ppb,1996-05-18,17,26,24,25,30,30,x,48,37,21,19,17,16,16,16,16,20,23,29,28,31,30,34,25
8,菜寮,10,風速,WIND_SPEED,m/sec,1996-05-18,2.3,1.7,1.7,1,0.2,0.3,0.5,0.6,1.2,3,3.5,3.5,4,4.4,4.9,5.2,4.5,4.3,3.6,3.8,3.5,3.5,3.4,3.6
8,菜寮,11,風向,WIND_DIREC,degrees,1996-05-18,102,112,101,85,165,153,155,153,129,103,103,95,97,99,90,90,77,80,92,98,94,91,87,94
8,菜寮,14,溫度,AMB_TEMP,℃,1996-05-18,20.7,20.6,20.2,19.8,19.2,19,20.1,21.8,23.6,25.2,25.5,25.9,26.3,26.3,26,25.6,25.3,24.3,22.9,22.1,21.7,21.7,21.8,21.9
9,林口,1,二氧化硫,SO2,ppb,1996-05-18,1.7,1.6,2.7,1.6,4.1,2.4,1.1,2,4.8,4.7,2.5,2.2,2.3,1.8,2.4,2.7,3,3.7,4.2,7.5,11,7.8,5.2,2.9
9,林口,2,一氧化碳,CO,ppm,1996-05-18,0.71,0.53,0.53,0.46,0.46,0.51,0.6,0.62,0.68,0.6,0.45,0.38,0.43,0.42,0.41,0.48,0.5,0.55,0.59,0.57,0.52,0.48,0.49,0.43
9,林口,3,臭氧,O3,ppb,1996-05-18,37,40,34,x,31,25,26,41,53,69,72,74,74,70,69,61,56,54,50,40,40,45,46,54
9,林口,4,懸浮微粒,PM10,μg/m3,1996-05-18,76,76,71,76,74,77,78,71,67,56,50,64,68,58,55,55,60,62,65,72,71,66,65,60
9,林口,5,氮氧化物,NOx,ppb,1996-05-18,24,19,22,16,19,26,x,26,31,22,16,13,13,13,13,18,20,19,20,24,23,17,17,12
9,林口,6,一氧化氮,NO,ppb,1996-05-18,0.1,0,0.1,0,0,0.6,x,4.2,3.9,2.1,1.7,1.5,1.5,1.4,1.2,1.8,2,1.2,0.7,0.8,0.7,0.6,0.5,0.5
9,林口,7,二氧化氮,NO2,ppb,1996-05-18,24,19,22,16,19,26,x,22,27,20,14,11,12,12,11,17,18,18,19,23,22,16,17,11
9,林口,10,風速,WIND_SPEED,m/sec,1996-05-18,2.3,2.1,1.6,1.2,0.8,0.9,0.5,1.3,1.9,2.4,2.8,2.7,3.1,3.7,3,3.3,3.9,3.8,4.9,4.9,5.4,5.3,5.2,6.1
9,林口,11,風向,WIND_DIREC,degrees,1996-05-18,95,100,88,77,91,101,112,96,96,55,82,81,82,96,77,89,98,89,89,84,98,95,96,95
9,林口,14,溫度,AMB_TEMP,℃,1996-05-18,17.9,17.5,17.1,16.8,16.7,16.8,19.1,20.6,21.4,22.3,23.3,23.4,23.8,24.3,24.7,24.5,23.4,22.1,20.3,19.5,19.2,19.2,19.3,19.2
10,淡水,1,二氧化硫,SO2,ppb,1996-05-18,0.6,0.9,1.1,0.4,0.2,0.3,1.6,3.6,2.6,1.8,0.7,1,0.7,0.8,1,1.1,0.9,0.9,1.3,1.5,1.1,2,3.2,2.2
10,淡水,2,一氧化碳,CO,ppm,1996-05-18,0.6,0.76,0.71,0.46,0.36,0.4,0.63,0.95,0.73,0.59,0.51,0.7,0.69,0.67,0.69,0.69,0.71,0.75,0.84,1.07,0.98,1.21,0.94,0.43
10,淡水,3,臭氧,O3,ppb,1996-05-18,35,23,25,x,43,40,25,21,44,51,47,45,47,46,46,43,42,39,40,36,30,28,36,54
10,淡水,4,懸浮微粒,PM10,μg/m3,1996-05-18,55,53,58,65,54,50,47,50,63,59,68,70,70,70,60,67,66,56,63,60,69,66,71,80
10,淡水,5,氮氧化物,NOx,ppb,1996-05-18,12,19,18,6.9,4.7,6.3,x,47,26,15,11,18,14,15,15,17,17,17,21,26,24,30,21,6.4
10,淡水,6,一氧化氮,NO,ppb,1996-05-18,0,0,0.2,0,0,0,x,12,2.9,1.5,1.4,2.7,2,2.2,1.8,2.6,2.1,1.5,2.6,2.4,0.5,2.5,0.5,0
10,淡水,7,二氧化氮,NO2,ppb,1996-05-18,12,19,18,6.9,4.7,6.3,x,34,23,14,9.8,15,12,12,13,14,15,15,18,24,23,28,21,6.4
10,淡水,10,風速,WIND_SPEED,m/sec,1996-05-18,,0.2,,,0.2,,,1.4,0.6,,2.6,,,3.6,,,2.1,,,0.7,1.6,,1.9,
10,淡水,11,風向,WIND_DIREC,degrees,1996-05-18,,0,,,0,,,158,180,,45,,,23,,,45,,,90,90,,135,
10,淡水,14,溫度,AMB_TEMP,℃,1996-05-18,19.8,19.1,19.4,19,18.5,18.6,20.5,21.9,23.3,24.6,25.3,25.5,25.9,25.9,26.4,26.3,25.8,24.3,22.8,22.2,21.6,21.7,21.8,22.9
10,淡水,38,相對濕度,RH,percent,1996-05-18,,86,,,87,,,77,70,,65,,,64,,,63,,,75,69,,60,
11,士林,1,二氧化硫,SO2,ppb,1996-05-18,0.8,0.8,0.8,1.3,1.3,1.7,5.3,5.6,3.5,3,1.1,0.8,0.9,0.6,0.6,0.5,0.7,0.5,1,6.1,15,7.5,3.9,7.6
11,士林,2,一氧化碳,CO,ppm,1996-05-18,0.59,0.48,0.42,0.76,0.65,0.64,0.88,0.99,0.61,0.45,0.47,0.46,0.49,0.48,0.5,0.47,0.49,0.51,0.61,0.68,0.62,0.58,0.54,0.43
11,士林,3,臭氧,O3,ppb,1996-05-18,32,35,39,x,16,14,6.5,17,43,51,49,49,48,47,46,46,44,43,38,33,30,33,39,41
11,士林,4,懸浮微粒,PM10,μg/m3,1996-05-18,42,43,52,41,52,66,52,57,73,62,56,49,45,49,49,40,44,41,34,43,56,53,53,40
11,士林,5,氮氧化物,NOx,ppb,1996-05-18,16,11,9,30,23,26,x,51,21,14,15,14,14,14,14,13,13,13,16,20,23,20,16,14
11,士林,6,一氧化氮,NO,ppb,1996-05-18,0.1,0,0.1,1.5,2.3,3.9,x,16,3.1,2.5,2.8,2.4,2.5,2.3,2.4,1.8,1.7,1.4,1.3,1.1,1.3,1.4,0.9,0.4
11,士林,7,二氧化氮,NO2,ppb,1996-05-18,16,11,8.9,28,20,23,x,34,18,12,13,12,12,12,12,11,11,12,15,19,22,19,15,13
11,士林,10,風速,WIND_SPEED,m/sec,1996-05-18,1.4,1.4,1.7,0,0,0.1,0.1,0.2,1,3,3.6,4.2,4.5,4.9,5.2,5.6,5.5,5.4,4,3.3,3.6,3.4,3.6,3.6
11,士林,11,風向,WIND_DIREC,degrees,1996-05-18,127,123,113,281,220,193,296,253,888,56,90,107,96,118,110,116,114,100,93,101,96,82,86,93
11,士林,14,溫度,AMB_TEMP,℃,1996-05-18,20,19.6,19.4,18.4,17.9,18,22,26.2,27.2,26,26.6,26.7,27.1,27.1,27,26.4,25.5,24.4,22.8,22.3,22.3,22.2,22.2,22.3
12,中山,1,二氧化硫,SO2,ppb,1996-05-18,3.8,7.3,5.2,3.1,2.6,4.5,7.5,5.8,4.4,3.4,2.1,1.6,2.7,2.5,5.8,7.7,18,17,11,9.7,9.2,8,8.7,6.9
12,中山,2,一氧化碳,CO,ppm,1996-05-18,0.79,0.87,0.78,0.7,0.78,0.96,1.09,1.02,1.03,0.83,0.52,0.5,0.72,0.64,0.68,0.64,0.71,0.77,0.87,1.1,1.05,1.13,1.12,0.91
12,中山,3,臭氧,O3,ppb,1996-05-18,32,26,19,x,11,15,7.7,31,42,49,54,55,51,53,51,49,38,35,32,25,22,19,18,27
12,中山,4,懸浮微粒,PM10,μg/m3,1996-05-18,62,57,44,47,53,60,61,64,62,49,36,35,35,39,36,40,47,58,65,70,65,66,65,62
12,中山,5,氮氧化物,NOx,ppb,1996-05-18,33,38,40,28,47,44,x,55,44,37,21,18,29,24,27,29,39,41,36,46,45,49,53,44
12,中山,6,一氧化氮,NO,ppb,1996-05-18,1.6,2.5,2.6,1.9,7,6.3,x,19,11,8.8,3.8,3,7.6,5.1,5.4,5.4,7.3,8,4.1,6.7,5.7,8.4,8.8,5.7
12,中山,7,二氧化氮,NO2,ppb,1996-05-18,31,35,37,26,40,38,x,36,33,28,18,15,21,19,21,24,32,33,31,39,39,41,44,38
12,中山,8,總碳氫化合物,THC,ppm,1996-05-18,2,2.2,2.3,2.1,2.6,2.9,3.1,2.5,1.8,1.8,1.6,1.7,1.9,1.8,1.8,1.8,1.8,1.7,1.8,1.8,1.9,1.9,1.9,1.8
12,中山,9,非甲烷碳氫化合物,NMHC,ppm,1996-05-18,0.21,0.41,0.3,0.2,0.37,0.39,0.53,0.41,0.32,0.31,0.12,0.17,0.27,0.21,0.21,0.17,0.2,0.14,0.27,0.37,0.42,0.41,0.37,0.22
12,中山,14,溫度,AMB_TEMP,℃,1996-05-18,20.4,20.2,19.7,19.6,19.1,19.3,20.5,22.6,23.7,24.5,24.9,25,25.6,25.5,25.4,25,24.3,23.2,22.2,21.6,21.3,21.3,21.4,21.5
12,中山,31,甲烷,CH4,ppm,1996-05-18,1.8,1.8,2,1.9,2.2,2.6,2.6,2.1,1.5,1.5,1.5,1.6,1.7,1.6,1.6,1.6,1.6,1.5,1.5,1.5,1.5,1.5,1.6,1.6
13,萬華,1,二氧化硫,SO2,ppb,1996-05-18,6.9,2.5,0.7,0.7,0.5,0.8,1.7,3.1,3.7,2.9,8.3,7.8,6.9,7,10,9.2,9.1,6.1,7.7,8,9.3,6.4,4.2,5.6
13,萬華,2,一氧化碳,CO,ppm,1996-05-18,0.75,0.71,0.49,0.45,0.4,0.43,0.64,1.15,1.15,0.79,0.73,0.81,0.93,0.97,0.87,0.85,0.88,0.92,1.28,1.27,1.51,1.58,1.5,1.22
13,萬華,3,臭氧,O3,ppb,1996-05-18,39,23,20,22,24,25,21,25,46,55,54,53,54,50,49,48,43,41,26,21,12,13,15,19
13,萬華,4,懸浮微粒,PM10,μg/m3,1996-05-18,83,81,77,66,55,45,37,45,55,61,58,55,57,55,53,61,67,67,60,59,70,88,85,80
13,萬華,5,氮氧化物,NOx,ppb,1996-05-18,20,21,12,11,9,9.6,x,36,31,22,24,25,28,32,30,28,29,26,39,40,51,50,47,43
13,萬華,6,一氧化氮,NO,ppb,1996-05-18,0.5,0.4,0.2,0.2,0.1,0.3,x,8,5,3.1,3.8,4.1,4.4,5.5,5.3,4.5,4.2,2.3,3.2,3.3,5.7,6,4.8,2.9
13,萬華,7,二氧化氮,NO2,ppb,1996-05-18,19,20,12,11,8.9,9.3,x,28,26,19,20,21,24,26,24,24,25,24,36,37,45,44,42,40
13,萬華,10,風速,WIND_SPEED,m/sec,1996-05-18,1.7,1.3,1.5,1.6,1.8,2.2,1.7,1.5,1.9,2.8,3.1,3.1,3.5,3.9,4.6,4.7,4.4,4.3,3.4,3.3,2.8,3.2,3.5,3.1
13,萬華,11,風向,WIND_DIREC,degrees,1996-05-18,101,166,178,173,171,174,171,172,103,101,88,84,70,64,60,62,77,76,69,80,78,77,75,75
13,萬華,14,溫度,AMB_TEMP,℃,1996-05-18,20.6,19.8,18.8,18.5,18.1,18,19.7,21.7,23.6,24.5,25.1,25.7,26.3,26.6,26.2,25.8,25,23.6,22.3,21.6,21.5,21.4,21.4,21.4
14,古亭,1,二氧化硫,SO2,ppb,1996-05-18,2.7,1.4,0.4,0.6,1.6,2,3.4,4.5,3.6,5.7,9.2,8.2,8.2,9.9,9.7,6.7,5,3.6,5.3,4.4,3.7,3.5,4.2,3.2
14,古亭,2,一氧化碳,CO,ppm,1996-05-18,0.78,0.73,0.57,0.51,0.41,0.48,0.96,2.04,1.36,0.74,0.64,0.58,0.68,0.74,0.77,0.71,0.78,0.82,1.17,1.12,0.9,1.26,1.35,1.01
14,古亭,3,臭氧,O3,ppb,1996-05-18,34,18,16,x,15,12,8.5,11,32,46,49,52,54,48,43,43,37,34,21,19,20,14,11,18
14,古亭,4,懸浮微粒,PM10,μg/m3,1996-05-18,72,72,70,63,38,37,37,45,74,79,87,89,82,87,83,143,155,185,160,126,96,84,83,82
14,古亭,5,氮氧化物,NOx,ppb,1996-05-18,26,29,21,22,21,28,x,x,59,37,33,24,29,36,41,37,45,39,53,52,47,61,64,52
14,古亭,6,一氧化氮,NO,ppb,1996-05-18,1.7,5.1,3.9,4.3,3.3,7.2,x,x,21,8,6.6,4.2,4.8,7.3,9.2,7.9,11,7.2,11,11,11,17,18,9.9
14,古亭,7,二氧化氮,NO2,ppb,1996-05-18,25,24,17,18,17,21,x,x,38,29,27,20,24,28,31,29,34,32,42,41,36,44,46,42
14,古亭,8,總碳氫化合物,THC,ppm,1996-05-18,2.6,3.1,2.5,2.7,2.5,2.5,2.6,3,2.6,2.3,2.2,2.5,2.3,2.3,2.4,2.3,2.3,2.3,2.4,2.4,2.4,2.5,2.6,2.5
14,古亭,9,非甲烷碳氫化合物,NMHC,ppm,1996-05-18,0.28,0.3,0.1,0.15,0.14,0.08,0.29,0.68,0.35,0.27,0.2,0.42,0.24,0.27,0.24,0.25,0.26,0.23,0.39,0.39,0.25,0.4,0.43,0.31
14,古亭,10,風速,WIND_SPEED,m/sec,1996-05-18,1.8,1.4,1.6,1.7,2.1,2.2,2,1.8,2.2,3.3,3.3,3.7,4.1,4.6,4.5,4.8,4.7,4.8,3.8,3.6,3.8,3.6,3.8,4.2
14,古亭,11,風向,WIND_DIREC,degrees,1996-05-18,78,196,199,203,206,199,198,186,94,76,53,30,30,48,48,48,55,51,63,67,63,66,62,63
14,古亭,14,溫度,AMB_TEMP,℃,1996-05-18,20.5,19.5,18.6,18.2,17.8,17.6,19.5,22,24,24.8,25.4,25.8,26.2,26.1,26.3,25.8,24.9,23.6,22.3,21.7,21.4,21.5,21.3,21.2
14,古亭,31,甲烷,CH4,ppm,1996-05-18,2.3,2.8,2.4,2.5,2.4,2.4,2.3,2.3,2.3,2,2,2.1,2.1,2.1,2.1,2.1,2.1,2,2,2,2.1,2.2,2.2,2.2
15,松山,1,二氧化硫,SO2,ppb,1996-05-18,5.4,2.4,3.4,3.2,3,4.5,7.1,7.3,4.5,6,12,x,x,12,13,8.6,6.7,6.4,8.3,6.5,7.6,8.1,4.6,9.3
15,松山,2,一氧化碳,CO,ppm,1996-05-18,0.91,0.59,0.63,0.73,0.5,0.78,0.88,0.91,0.87,0.58,0.5,x,x,0.45,0.47,0.51,0.61,0.69,0.84,0.93,1.14,1.52,1.21,0.96
15,松山,3,臭氧,O3,ppb,1996-05-18,27,30,24,13,27,16,11,32,38,44,46,x,x,48,45,45,41,34,26,22,14,6.1,14,16
15,松山,4,懸浮微粒,PM10,μg/m3,1996-05-18,83,70,64,64,69,71,65,70,75,71,59,x,x,70,63,56,56,66,54,47,46,63,62,47
15,松山,5,氮氧化物,NOx,ppb,1996-05-18,26,18,23,29,14,30,x,37,36,26,23,x,x,18,20,19,23,26,32,35,43,59,44,42
15,松山,6,一氧化氮,NO,ppb,1996-05-18,0.9,0.4,0.5,1.5,0.1,4.4,x,7.5,7.3,4.1,3.4,x,x,2.8,2.9,2.5,2.7,2.3,1.9,2.3,4.2,13,5.3,2.7
15,松山,7,二氧化氮,NO2,ppb,1996-05-18,25,18,22,28,14,26,x,29,28,22,20,x,x,16,17,16,20,24,30,33,39,46,39,40
15,松山,10,風速,WIND_SPEED,m/sec,1996-05-18,1.2,1,0.8,0.7,0.8,0.5,0.5,1.2,2,2.6,3.3,3.2,4.2,4.3,4.4,5,4.4,3.8,3.2,2.8,2.1,1.6,2.5,2.4
15,松山,11,風向,WIND_DIREC,degrees,1996-05-18,81,84,61,75,89,64,38,64,56,52,44,47,41,45,38,48,49,51,48,56,55,59,55,59
15,松山,14,溫度,AMB_TEMP,℃,1996-05-18,20.2,19.8,19.5,19.1,19,18.9,20.2,21.8,23.7,24.2,24.3,24.9,25.1,25,25.1,24.8,24.2,23.3,22,21.4,21.1,20.8,21,21
16,大同,1,二氧化硫,SO2,ppb,1996-05-18,5.7,8.4,5.2,3.8,3,6.7,20,8.9,16,15,12,11,13,12,15,15,25,26,23,17,17,16,17,13
16,大同,2,一氧化碳,CO,ppm,1996-05-18,3.37,3.05,1.62,1.76,1.15,2.41,4.73,3.25,6.1,5.28,5.18,4.84,5.77,4.69,5.33,4.92,3.83,6.05,6.47,5.91,5.27,6.32,6.7,5.19
16,大同,4,懸浮微粒,PM10,μg/m3,1996-05-18,92,83,72,68,69,69,64,76,74,89,101,92,83,79,79,84,88,86,92,96,93,89,87,86
16,大同,5,氮氧化物,NOx,ppb,1996-05-18,114,133,76,70,63,111,x,152,297,266,232,225,284,249,271,248,207,258,278,265,235,249,268,225
16,大同,6,一氧化氮,NO,ppb,1996-05-18,64,80,34,31,21,74,x,98,219,189,164,164,204,178,199,179,146,187,205,196,174,181,197,165
16,大同,7,二氧化氮,NO2,ppb,1996-05-18,51,52,42,39,42,37,x,54,77,77,68,61,80,71,72,69,61,72,73,69,61,68,70,60
16,大同,8,總碳氫化合物,THC,ppm,1996-05-18,3.6,3.5,3.3,3.2,3.4,3.7,5,4,5,4.3,5.2,4.5,5.6,4.7,5,5.1,4,5.8,5.1,4.4,4.9,4.5,6.2,4.7
16,大同,9,非甲烷碳氫化合物,NMHC,ppm,1996-05-18,1.46,1.41,0.71,0.84,0.74,1.11,2.42,1.47,2.82,2.18,3.11,2.35,3.46,2.65,2.82,2.91,1.86,3.64,2.92,2.25,2.74,2.36,4,2.65
16,大同,14,溫度,AMB_TEMP,℃,1996-05-18,20.9,20.7,19.9,19.7,19.2,19.1,20.9,22.1,24.8,26.3,26.7,27.2,27.7,27.7,27.7,27.1,25.8,25,23.4,22.6,22.2,22.2,22.2,22.2
16,大同,31,甲烷,CH4,ppm,1996-05-18,2.2,2.1,2.6,2.4,2.7,2.6,2.6,2.5,2.2,2.1,2.1,2.1,2.1,2.1,2.2,2.2,2.1,2.2,2.2,2.1,2.1,2.1,2.2,2.1
17,桃園,1,二氧化硫,SO2,ppb,1996-05-18,35,27,32,10,11,13,16,17,9.9,6.5,4.3,6.7,5,4.4,5.6,6.9,9.2,10,8.6,12,15,5.8,3.5,10
17,桃園,2,一氧化碳,CO,ppm,1996-05-18,0.65,0.67,0.48,0.43,0.5,0.64,0.73,0.91,0.86,0.76,0.51,0.57,0.53,0.44,0.45,0.49,0.61,0.92,0.92,0.88,0.87,0.85,0.75,0.68
17,桃園,3,臭氧,O3,ppb,1996-05-18,25,23,x,18,12,11,19,35,55,73,77,79,79,81,76,68,56,42,36,30,25,31,36,36
17,桃園,4,懸浮微粒,PM10,μg/m3,1996-05-18,64,77,72,70,59,57,63,64,64,59,56,55,52,55,60,52,49,56,57,61,56,64,60,56
17,桃園,5,氮氧化物,NOx,ppb,1996-05-18,33,31,24,22,29,37,x,39,31,24,18,19,20,16,17,22,29,37,34,30,33,28,24,24
17,桃園,6,一氧化氮,NO,ppb,1996-05-18,0.8,0.7,0.5,0.6,1.7,5.5,x,7.8,4.1,1.6,0.9,1,1.8,1,0.8,2.1,3,3.4,1.9,1,0.5,1,0.8,0.2
17,桃園,7,二氧化氮,NO2,ppb,1996-05-18,33,30,23,21,27,31,x,31,27,22,17,18,18,15,16,20,26,33,32,29,33,27,23,24
17,桃園,8,總碳氫化合物,THC,ppm,1996-05-18,2.4,2.5,2.3,2.5,2.7,2.8,2.6,2.5,2.1,2.2,2,2.1,2.1,2,2.2,2.3,2.3,2.4,2.3,2.3,2.2,2.2,2.1,2.1
17,桃園,9,非甲烷碳氫化合物,NMHC,ppm,1996-05-18,0.21,0.13,0.07,0.19,0.35,0.41,0.35,0.38,0.26,0.28,0.2,0.2,0.2,0.12,0.2,0.2,0.24,0.31,0.33,0.3,0.25,0.23,0.22,0.15
17,桃園,10,風速,WIND_SPEED,m/sec,1996-05-18,1.7,1.7,1.8,1.3,1.5,1.3,1.2,1.9,2.3,2.9,3,3.1,3.1,3.2,3.5,4.2,4,3.6,4,4.7,4.8,4.3,4.1,5.2
17,桃園,11,風向,WIND_DIREC,degrees,1996-05-18,71,72,70,65,80,75,81,89,81,86,91,92,86,93,88,88,80,74,79,84,88,88,84,91
17,桃園,14,溫度,AMB_TEMP,℃,1996-05-18,19.5,18.9,18.3,17.9,17.7,17.7,19.5,21.4,23,23.4,24.4,24.9,25.6,26.1,26.2,25.8,24.9,23.6,22,21.1,20.8,20.7,20.7,20.7
17,桃園,31,甲烷,CH4,ppm,1996-05-18,2.2,2.3,2.2,2.3,2.4,2.4,2.2,2.1,1.9,1.9,1.8,1.9,1.9,1.9,2,2.1,2.1,2,2,2,2,2,1.9,2
18,大園,1,二氧化硫,SO2,ppb,1996-05-18,0.4,0.9,8.6,4.1,0.6,1.3,2.2,1,0.7,0,0,0,0,0,0,0,0,0,0.8,4.2,6.8,8.6,6.9,4
18,大園,2,一氧化碳,CO,ppm,1996-05-18,0.39,0.44,0.44,0.4,0.36,0.39,0.41,0.35,0.31,0.26,0.24,0.27,0.26,0.29,0.32,0.32,0.34,0.36,0.4,0.44,0.43,0.4,0.37,0.39
18,大園,3,臭氧,O3,ppb,1996-05-18,49,40,9.1,x,45,44,44,44,54,66,64,62,62,64,62,63,61,57,51,42,38,34,36,44
18,大園,4,懸浮微粒,PM10,μg/m3,1996-05-18,54,51,56,65,59,50,47,41,43,42,41,39,39,35,34,35,39,41,44,44,34,44,42,46
18,大園,5,氮氧化物,NOx,ppb,1996-05-18,10,14,45,21,11,15,x,28,21,3.4,1.7,2.1,1.4,1.5,1.3,1.6,1.3,3.3,8.6,20,21,25,24,17
18,大園,6,一氧化氮,NO,ppb,1996-05-18,0,0.1,4.5,0.4,0.2,1.1,x,4,3.4,0.2,0,0.1,0.1,0,0,0,0,0.1,0,0.1,0.1,0.1,0.1,0.1
18,大園,7,二氧化氮,NO2,ppb,1996-05-18,10,13,40,20,11,14,x,24,17,3.2,1.7,2,1.4,1.5,1.3,1.6,1.3,3.2,8.6,20,21,25,24,17
18,大園,10,風速,WIND_SPEED,m/sec,1996-05-18,2.7,2.1,2.3,2.1,2.2,1.8,2,3.4,4.4,5.8,7.1,7.6,8.2,8.4,8.2,8.4,8.2,7,4.4,3.1,3.6,4.1,4.3,4
18,大園,11,風向,WIND_DIREC,degrees,1996-05-18,73,68,66,72,80,89,87,74,60,42,40,41,40,41,42,40,41,46,53,67,66,65,66,73
18,大園,14,溫度,AMB_TEMP,℃,1996-05-18,19.6,19,19.1,18.9,18.6,18.7,20.5,22,22.7,22.8,22.8,22.9,23,23.3,23.6,23.6,23.3,22.7,21.8,21.3,21.1,21.3,21.4,21.2
19,觀音,1,二氧化硫,SO2,ppb,1996-05-18,13,14,6.7,6.5,18,26,29,9.6,x,x,x,x,x,x,x,x,x,x,x,1.3,13,12,3.5,7.8
19,觀音,2,一氧化碳,CO,ppm,1996-05-18,0.22,0.28,0.31,0.31,0.31,0.32,0.34,0.33,0.27,0.24,0.23,0.24,0.24,0.24,0.26,0.26,0.27,0.29,0.3,0.32,0.38,0.35,0.28,0.27
19,觀音,3,臭氧,O3,ppb,1996-05-18,39,38,43,x,32,21,31,50,60,62,63,59,59,61,61,60,58,55,49,39,40,39,45,41
19,觀音,4,懸浮微粒,PM10,μg/m3,1996-05-18,19,31,39,36,46,66,48,56,109,80,66,55,48,47,46,89,83,79,79,68,56,79,60,36
19,觀音,5,氮氧化物,NOx,ppb,1996-05-18,17,19,11,11,25,40,x,18,7.8,4.4,1.7,2,1.3,2.1,3.8,4.1,2.6,5.2,12,21,19,21,14,17
19,觀音,6,一氧化氮,NO,ppb,1996-05-18,0,0,0,0,0.1,1,x,2,0.7,0.3,0,0.1,0,0.1,0.2,0.4,0.1,0.2,0.3,0.3,0,0,0,0
19,觀音,7,二氧化氮,NO2,ppb,1996-05-18,17,19,11,11,25,39,x,16,7.1,4.1,1.7,1.9,1.3,2.1,3.5,3.6,2.6,5,11,21,19,21,14,17
19,觀音,8,總碳氫化合物,THC,ppm,1996-05-18,1.7,1.7,1.9,2,1.9,1.7,1.7,1.6,x,x,x,x,x,x,x,x,1.3,1.4,1.4,1.5,1.8,1.7,x,1.5
19,觀音,9,非甲烷碳氫化合物,NMHC,ppm,1996-05-18,0.24,0.26,0.01,0.01,0.01,0.01,0.01,0.02,x,x,x,x,x,x,x,x,0,0.01,0,0.02,0.02,0.01,x,0.01
19,觀音,10,風速,WIND_SPEED,m/sec,1996-05-18,3.4,3.4,3.1,3.7,2.7,2.4,3,3.9,5.1,6.4,6.7,7.5,8.2,8,7.6,8.1,7.9,7.8,6.9,5,4.8,4.7,4.7,4.3
19,觀音,11,風向,WIND_DIREC,degrees,1996-05-18,72,67,69,65,76,75,74,68,50,50,45,45,44,46,47,47,49,53,55,61,63,64,67,75
19,觀音,14,溫度,AMB_TEMP,℃,1996-05-18,19.9,19.7,19.5,19.5,19.1,19,20.5,22,22.7,23,23.2,23.1,23.3,23.4,23.5,23.2,22.9,22.4,21.7,21.6,21.4,21.5,21.5,21.2
19,觀音,21,酸雨,PH_RAIN,pH,1996-05-18,0,0,0,0,0,0,0,0,0,0,0,0,0,0,0,0,0,0,0,0,0,0,0,0
19,觀音,22,導電度,RAIN_COND,μmho/cm,1996-05-18,0,0,0,0,0,0,0,0,0,0,0,0,0,0,0,0,0,0,0,0,0,0,0,0
19,觀音,31,甲烷,CH4,ppm,1996-05-18,1.4,1.4,1.9,2,1.9,1.7,1.7,1.6,x,x,x,x,x,x,x,x,1.3,1.4,1.4,1.5,1.8,1.7,x,1.5
19,觀音,32,降雨強度,RAIN_INT,㎜,1996-05-18,0,0,0,0,0,0,0,0,0,0,0,0,0,0,0,0,0,0,0,0,0,0,0,0
20,平鎮,1,二氧化硫,SO2,ppb,1996-05-18,17,15,11,12,11,20,12,10,9.1,7.3,8.6,3.8,3.1,3.3,3.3,3.3,3.2,7.3,9.5,8.6,6.5,8.5,7.4,8.2
20,平鎮,2,一氧化碳,CO,ppm,1996-05-18,0.82,0.64,0.58,0.55,0.66,0.79,0.96,1.14,0.95,1.06,0.99,0.53,0.58,0.45,0.46,0.53,0.57,0.79,1,1.1,1.07,1.28,1.23,0.86
20,平鎮,3,臭氧,O3,ppb,1996-05-18,30,31,32,x,16,11,21,41,57,73,81,56,54,56,55,51,47,44,39,30,29,24,24,28
20,平鎮,4,懸浮微粒,PM10,μg/m3,1996-05-18,73,79,79,103,100,94,91,71,72,61,60,58,59,x,x,62,61,57,46,62,67,64,64,64
20,平鎮,5,氮氧化物,NOx,ppb,1996-05-18,28,25,22,23,31,40,x,37,27,31,32,21,20,17,17,20,22,30,33,35,32,39,37,31
20,平鎮,6,一氧化氮,NO,ppb,1996-05-18,0.1,0.1,0,0.1,0.5,4.4,x,5.4,2.2,1.5,1.2,1.6,1.7,1,1,1.3,1.2,1.2,0.4,0.7,0.9,1.5,1,0.4
20,平鎮,7,二氧化氮,NO2,ppb,1996-05-18,28,25,22,23,31,36,x,31,25,29,31,19,19,16,16,19,21,28,33,34,32,38,36,31
20,平鎮,8,總碳氫化合物,THC,ppm,1996-05-18,3,3.7,x,x,x,x,x,x,x,x,x,x,x,x,2.6,2.6,2.3,2.6,2.8,3.4,3.5,3.6,3.1,2.7
20,平鎮,9,非甲烷碳氫化合物,NMHC,ppm,1996-05-18,0.69,0.74,x,x,x,x,x,x,x,x,x,x,x,x,0.64,0.66,0.55,0.76,0.88,0.88,0.88,0.93,0.91,0.75
20,平鎮,14,溫度,AMB_TEMP,℃,1996-05-18,19.8,19.4,19,18.6,18.4,18.2,19.3,21.3,22.4,23.6,24.6,25,25.3,25.4,25.4,25.3,24.5,23.8,22.5,21.6,21.1,21,20.9,20.7
20,平鎮,31,甲烷,CH4,ppm,1996-05-18,2.3,3,x,3.3,3.2,2.6,2.6,2.2,2.1,2.1,2.6,x,x,x,2,1.9,1.8,1.9,1.9,2.5,2.6,2.6,2.2,1.9
21,龍潭,1,二氧化硫,SO2,ppb,1996-05-18,2.9,2.7,5.1,4.9,6.6,7.5,8.4,8.5,4.3,5.6,4.7,6.2,5.3,5.3,8.3,6.3,6.6,5.7,5.2,4.6,2.4,1.5,3.2,1.7
21,龍潭,2,一氧化碳,CO,ppm,1996-05-18,0.49,0.33,0.32,0.33,0.36,0.4,0.44,0.62,0.46,0.49,0.65,0.7,0.62,0.58,0.65,0.63,0.64,0.71,0.75,0.71,0.66,0.63,0.71,0.62
21,龍潭,3,臭氧,O3,ppb,1996-05-18,36,43,38,x,34,33,38,45,57,63,76,84,87,91,88,73,61,46,33,29,31,33,27,28
21,龍潭,4,懸浮微粒,PM10,μg/m3,1996-05-18,62,55,48,46,46,55,55,50,45,37,30,31,29,37,50,60,67,67,79,88,90,83,65,56
21,龍潭,5,氮氧化物,NOx,ppb,1996-05-18,15,9.3,14,13,16,17,x,24,15,16,20,23,21,21,24,26,27,30,34,30,25,22,27,23
21,龍潭,6,一氧化氮,NO,ppb,1996-05-18,0.1,0,0,0.1,0.1,0.3,x,3.6,2.2,2,1.5,1.4,1,0.9,1.3,1.7,1.8,2,1.4,0.8,1.1,0.6,0.8,0.5
21,龍潭,7,二氧化氮,NO2,ppb,1996-05-18,15,9.3,13,13,16,17,x,20,13,14,19,21,20,20,22,24,25,28,32,29,24,21,26,23
21,龍潭,10,風速,WIND_SPEED,m/sec,1996-05-18,4.9,3.7,3,2.5,2.8,2.9,3.5,4.2,5.4,5.2,5,4.2,4.4,4,3.9,4,4.8,5.3,5,4.5,3.5,3.7,2.2,1.9
21,龍潭,11,風向,WIND_DIREC,degrees,1996-05-18,56,54,42,50,43,44,47,55,56,56,45,41,47,46,60,58,55,55,56,62,61,60,58,69
21,龍潭,14,溫度,AMB_TEMP,℃,1996-05-18,18.5,18.2,17.7,17.4,17.2,17.1,18.4,19.9,21.2,22.1,23.3,24.6,25.4,26.2,26.4,26.1,25,23,21.2,20.3,19.9,19.6,19.5,18.9
22,湖口,1,二氧化硫,SO2,ppb,1996-05-18,12,17,15,5.3,4.1,8.3,13,13,9.3,14,7.9,4.2,3.4,3.1,4.3,3.1,2,2.6,2.6,9.1,7.7,7.5,8.1,7.3
22,湖口,2,一氧化碳,CO,ppm,1996-05-18,0.7,0.63,0.57,0.48,0.43,0.42,0.59,0.58,0.45,0.52,0.51,0.4,0.35,0.3,0.3,0.29,0.33,0.4,0.45,0.67,0.74,0.68,0.57,0.63
22,湖口,3,臭氧,O3,ppb,1996-05-18,23,23,26,x,32,25,20,41,54,59,68,68,64,61,62,60,56,51,41,34,29,29,27,27
22,湖口,4,懸浮微粒,PM10,μg/m3,1996-05-18,68,65,73,74,78,68,63,74,56,55,58,54,65,57,51,50,50,49,55,48,61,60,67,65
22,湖口,5,氮氧化物,NOx,ppb,1996-05-18,29,28,25,21,15,22,x,26,19,24,20,12,8.4,6.4,7.6,6.4,6.6,9.8,18,27,27,25,24,26
22,湖口,6,一氧化氮,NO,ppb,1996-05-18,0.2,0.1,0,0.1,0,0.4,x,4.3,2.6,2.7,1.9,1.1,0.9,0.7,0.9,0.7,0.5,0.6,0.7,0.6,1,0.9,0.8,1
22,湖口,7,二氧化氮,NO2,ppb,1996-05-18,29,28,25,21,15,21,x,22,17,21,18,11,7.5,5.7,6.7,5.8,6.1,9.2,17,26,26,24,23,25
22,湖口,10,風速,WIND_SPEED,m/sec,1996-05-18,3.5,3.3,3.2,3.6,2.9,2.7,2.8,4,4.8,4.2,4.5,5.2,5.4,5.8,6,6.6,5.9,5.7,4.4,3.6,3.3,3.4,2.8,2
22,湖口,11,風向,WIND_DIREC,degrees,1996-05-18,25,26,24,27,32,30,31,33,29,31,24,21,20,16,16,17,18,19,20,22,25,23,23,33
22,湖口,14,溫度,AMB_TEMP,℃,1996-05-18,19.4,19.2,18.9,18.7,18.4,18.4,20.6,22.6,23.9,25.1,26,26.1,26.3,26.2,25.9,25.2,24.4,23.2,22.1,21.5,21.1,20.8,20.3,20.1
23,竹東,1,二氧化硫,SO2,ppb,1996-05-18,0.4,0.4,0.1,0.1,1.8,0.7,1.4,3.9,4.9,3.9,4.2,4.5,5.9,5,6,8.2,5.9,7.2,5,3.9,4.1,2.7,1.8,1.2
23,竹東,2,一氧化碳,CO,ppm,1996-05-18,0.32,0.32,0.25,0.19,0.26,0.24,0.35,0.47,0.34,0.37,0.42,0.55,0.52,0.5,0.55,0.61,0.61,0.67,0.72,0.67,0.6,0.64,0.63,0.56
23,竹東,3,臭氧,O3,ppb,1996-05-18,14,x,5.6,x,1.7,6.4,11,18,46,63,71,94,104,106,109,104,74,62,44,38,33,28,21,15
23,竹東,4,懸浮微粒,PM10,μg/m3,1996-05-18,38,36,36,22,20,20,22,30,48,61,67,68,71,70,75,76,81,87,101,100,86,80,71,69
23,竹東,5,氮氧化物,NOx,ppb,1996-05-18,30,60,33,24,80,43,x,59,26,18,19,22,19,18,20,24,29,30,30,26,23,24,32,34
23,竹東,6,一氧化氮,NO,ppb,1996-05-18,7.8,27,7.3,2.8,39,7.5,x,23,5.4,2.3,2,1,0.3,0.2,0.2,0.4,1.5,0.9,0.7,0.3,0,0.2,3.1,4.8
23,竹東,7,二氧化氮,NO2,ppb,1996-05-18,22,33,25,21,41,35,x,36,21,16,17,21,19,18,20,24,28,29,29,26,23,24,29,30
23,竹東,10,風速,WIND_SPEED,m/sec,1996-05-18,0.7,0.9,1.7,1.5,1.1,1.3,1,0.8,0.8,1.9,2.9,2.9,2.9,2.6,2.9,2.8,2.4,2.7,2,0.4,1.4,0.4,0.8,1.4
23,竹東,11,風向,WIND_DIREC,degrees,1996-05-18,155,145,148,158,158,150,141,122,66,26,15,15,16,9,19,19,6,29,36,888,126,126,137,145
23,竹東,14,溫度,AMB_TEMP,℃,1996-05-18,18.5,17.7,17.3,17,17.1,16.7,17.8,20.3,23,25.1,25.7,26.5,27.2,28.1,28.5,28.2,26.9,25.2,22.8,21.7,20.9,20.3,19.9,19.2
24,新竹,1,二氧化硫,SO2,ppb,1996-05-18,13,12,13,19,17,14,15,12,7,8,11,6.2,4.6,3.3,3.2,2.9,2,3.9,5.6,8.9,6.8,5.4,8.9,6.6
24,新竹,2,一氧化碳,CO,ppm,1996-05-18,0.77,0.7,0.66,0.67,0.68,0.66,0.81,0.72,0.79,0.79,0.86,0.74,0.64,0.49,0.48,0.5,0.51,0.66,0.8,0.96,1.05,1.13,1.1,0.78
24,新竹,3,臭氧,O3,ppb,1996-05-18,6.7,12,8.2,x,3.5,6.9,7.2,31,47,59,82,70,65,59,58,55,53,44,30,14,15,9.7,x,12
24,新竹,4,懸浮微粒,PM10,μg/m3,1996-05-18,43,49,59,61,60,68,70,62,50,39,37,41,34,32,33,33,23,21,26,30,43,40,42,43
24,新竹,5,氮氧化物,NOx,ppb,1996-05-18,44,36,39,35,43,40,x,35,26,28,29,23,17,12,12,12,11,17,29,46,42,48,62,37
24,新竹,6,一氧化氮,NO,ppb,1996-05-18,1,0.7,0.8,0.6,2.3,1.8,x,6.3,3.8,3.2,2,2,1.5,1.1,1.2,1.4,0.8,1.1,1,2.6,3.2,6.2,11,2.1
24,新竹,7,二氧化氮,NO2,ppb,1996-05-18,43,35,38,34,41,38,x,28,22,24,27,21,16,11,11,11,10,16,28,44,39,41,51,35
24,新竹,8,總碳氫化合物,THC,ppm,1996-05-18,2.8,2.7,2.7,2.9,2.9,3.1,3.3,2.8,2.7,2.7,2.8,2.6,2.4,2.3,2.2,2.2,2.2,2.4,2.6,2.8,2.6,2.8,3,2.9
24,新竹,9,非甲烷碳氫化合物,NMHC,ppm,1996-05-18,0.32,0.35,0.4,0.47,0.37,0.38,0.45,0.26,0.37,0.28,0.36,0.24,0.19,0.04,0.11,0.09,0.07,0.13,0.3,0.34,0.28,0.36,0.47,0.31
24,新竹,10,風速,WIND_SPEED,m/sec,1996-05-18,2,1.9,1.5,1.8,2.2,1.7,1.9,2.7,2.9,3.1,3.1,2.9,3.4,3.8,3.7,3.6,3.5,3.4,2.5,2,2.1,1.2,1.4,1.7
24,新竹,11,風向,WIND_DIREC,degrees,1996-05-18,63,55,50,49,67,74,58,64,59,55,31,30,25,16,16,16,17,25,28,43,69,43,65,111
24,新竹,14,溫度,AMB_TEMP,℃,1996-05-18,19.7,19.4,19.1,18.9,18.6,18.6,19.8,21.9,23.6,24.6,25.2,25.4,25.7,25.8,25.8,25.7,24.4,23.4,22.2,21.8,21.4,21.1,20.7,20.3
24,新竹,31,甲烷,CH4,ppm,1996-05-18,2.5,2.4,2.3,2.5,2.6,2.8,2.9,2.5,2.3,2.4,2.5,2.4,2.3,2.2,2.1,2.1,2.1,2.3,2.3,2.5,2.4,2.4,2.5,2.6
25,頭份,1,二氧化硫,SO2,ppb,1996-05-18,16,7.8,8.2,7.2,12,13,12,12,22,38,41,22,15,23,5.9,7,6,13,28,23,33,20,20,5.9
25,頭份,4,懸浮微粒,PM10,μg/m3,1996-05-18,x,x,x,x,x,x,x,x,x,x,x,x,x,x,x,x,x,x,x,x,x,x,x,x
25,頭份,5,氮氧化物,NOx,ppb,1996-05-18,37,37,40,31,45,52,x,35,40,40,37,44,26,21,15,18,15,17,28,35,47,28,45,38
25,頭份,6,一氧化氮,NO,ppb,1996-05-18,3.7,2.9,3.5,1.8,8.1,12,x,8.5,14,14,11,7.8,3.3,3,1.3,3.3,2.6,2.5,5.1,5.9,9.6,1,10,4.8
25,頭份,7,二氧化氮,NO2,ppb,1996-05-18,33,34,37,29,37,40,x,27,26,26,26,36,23,18,14,15,12,15,23,29,37,27,35,33
25,頭份,8,總碳氫化合物,THC,ppm,1996-05-18,2.4,2.4,2.4,2.3,2.2,2.2,2.2,2.1,2,1.9,1.9,2.2,2.1,2,x,2,2,2,2,2.2,2.2,2.3,2.3,2.4
25,頭份,9,非甲烷碳氫化合物,NMHC,ppm,1996-05-18,0.27,0.21,0.05,0,0,0.07,0.02,0.03,0,0.01,0,0.03,0.03,0.03,x,0.03,0.02,0.03,0.13,0.21,0.29,0.27,0.27,0.17
25,頭份,10,風速,WIND_SPEED,m/sec,1996-05-18,1.5,1.4,1.5,1.3,1.3,1.3,2.2,2.4,3.3,3.6,3.4,3.3,3.5,3.7,4,4.2,4.2,3.8,2.6,2.1,1.8,1.3,1.2,1
25,頭份,11,風向,WIND_DIREC,degrees,1996-05-18,26,38,30,44,51,50,31,41,19,17,13,13,1,359,354,359,359,360,5,5,16,352,46,71
25,頭份,14,溫度,AMB_TEMP,℃,1996-05-18,20.1,19.8,19.3,18.7,18.3,18.3,19.7,21.6,24.1,25.6,26.7,27.4,27.7,27.5,27.4,26.8,25.5,24.1,22.8,22.1,21.8,20.9,20.7,20.1
25,頭份,31,甲烷,CH4,ppm,1996-05-18,2.2,2.2,2.3,2.3,2.2,2.1,2.2,2.1,2,1.9,1.9,2.1,2.1,2,x,2,2,2,1.9,2,1.9,2,2,2.2
26,苗栗,1,二氧化硫,SO2,ppb,1996-05-18,4.9,3.9,2.2,3.6,3.9,4.7,5.3,5.5,6.4,8.7,5.1,8.3,5.3,4.3,4.3,4.9,4.4,4.7,8,6.3,7.7,8.2,9.6,4.9
26,苗栗,2,一氧化碳,CO,ppm,1996-05-18,0.74,0.44,0.39,0.37,0.32,0.39,0.44,0.51,0.61,0.48,0.44,0.47,0.42,0.39,0.36,0.36,0.4,0.59,0.71,0.58,0.91,0.99,1.04,0.76
26,苗栗,3,臭氧,O3,ppb,1996-05-18,17,20,23,x,18,12,17,28,34,45,58,62,56,46,45,43,39,37,26,21,9.4,3.8,0.3,0.7
26,苗栗,4,懸浮微粒,PM10,μg/m3,1996-05-18,88,65,43,47,32,35,49,40,41,41,55,52,60,61,59,60,57,60,64,73,75,74,69,82
26,苗栗,5,氮氧化物,NOx,ppb,1996-05-18,25,20,17,19,20,26,x,24,28,25,24,30,25,24,22,26,24,24,31,28,42,49,59,43
26,苗栗,6,一氧化氮,NO,ppb,1996-05-18,1.3,0.3,0.3,0.3,0.1,1,x,3.3,5.1,3.8,2.7,3,2.5,3,2.8,3.7,2.7,1.7,1.6,0.7,2.9,5.7,13,4.5
26,苗栗,7,二氧化氮,NO2,ppb,1996-05-18,23,19,17,18,20,25,x,21,23,21,21,27,23,21,19,22,21,22,30,27,39,43,46,38
26,苗栗,10,風速,WIND_SPEED,m/sec,1996-05-18,1.9,1.4,1.3,1.2,1,0.9,1.6,2.4,2.6,2.8,3.7,4.4,5.4,5.2,5.4,5.8,4.9,3.5,2.4,2,1.1,1,0.6,0.2
26,苗栗,11,風向,WIND_DIREC,degrees,1996-05-18,46,51,61,55,56,59,56,56,64,51,51,27,22,23,21,20,23,34,33,23,28,30,88,888
26,苗栗,14,溫度,AMB_TEMP,℃,1996-05-18,19.9,19.6,19.3,18.8,18.3,18.3,18.9,20.4,22.7,24.7,26.1,26.1,25.6,25.5,25.4,25,24.4,24.1,23,21.9,21.6,21.3,20.6,20.2
27,三義,1,二氧化硫,SO2,ppb,1996-05-18,x,x,x,x,x,0,0,0,0,0,0.1,0.4,1.6,0.9,0.6,0.7,0.4,0.6,0.8,0,0,0,0,0
27,三義,2,一氧化碳,CO,ppm,1996-05-18,x,x,x,x,x,x,x,x,x,x,x,x,x,x,x,x,x,x,x,x,x,x,x,x
27,三義,3,臭氧,O3,ppb,1996-05-18,25,19,15,x,18,13,8.5,19,25,36,53,73,90,95,83,73,64,52,42,42,32,27,12,2.3
27,三義,4,懸浮微粒,PM10,μg/m3,1996-05-18,48,47,47,43,36,28,24,35,33,41,42,46,63,59,70,95,83,82,79,81,71,65,67,71
27,三義,5,氮氧化物,NOx,ppb,1996-05-18,13,16,18,16,15,19,x,30,30,24,20,19,19,24,21,20,20,21,26,19,21,18,37,50
27,三義,6,一氧化氮,NO,ppb,1996-05-18,1.8,1.9,1.9,2,1.9,2.1,x,7.3,8.9,7.4,5.2,4.8,4,4.6,4.3,4.1,3.9,3.2,3.1,2.7,2.8,3,11,16
27,三義,7,二氧化氮,NO2,ppb,1996-05-18,11,14,16,14,13,17,x,23,21,17,15,14,15,20,16,16,16,18,23,16,18,15,27,35
27,三義,8,總碳氫化合物,THC,ppm,1996-05-18,x,x,x,x,x,x,x,x,x,x,x,x,x,x,x,x,x,x,x,x,x,x,x,x
27,三義,9,非甲烷碳氫化合物,NMHC,ppm,1996-05-18,x,x,x,x,x,x,x,x,x,x,x,x,x,x,x,x,x,x,x,x,x,x,x,x
27,三義,10,風速,WIND_SPEED,m/sec,1996-05-18,4.4,3.6,3.2,2.6,3,3.5,3.8,4.1,3.8,4,4,5.8,5.4,5.7,5.5,5.9,5.9,5.7,4.2,3.9,2.9,1.7,2.1,1.4
27,三義,11,風向,WIND_DIREC,degrees,1996-05-18,30,22,24,22,19,31,22,23,17,20,20,15,15,14,15,15,14,15,27,27,27,33,29,17
27,三義,14,溫度,AMB_TEMP,℃,1996-05-18,16.5,16.5,16,15.8,15.2,14.9,15.6,16.8,19.1,21.3,23.3,23.7,24.4,24.4,24.2,23.4,22.3,21,19.9,18.9,18.2,17.8,17.4,17.1
27,三義,21,酸雨,PH_RAIN,pH,1996-05-18,0,0,0,0,0,0,0,0,0,0,0,0,0,0,0,0,0,0,0,0,0,0,0,0
27,三義,22,導電度,RAIN_COND,μmho/cm,1996-05-18,0,0,0,0,0,0,0,0,0,0,0,0,0,0,0,0,0,0,0,0,0,0,0,0
27,三義,31,甲烷,CH4,ppm,1996-05-18,x,x,x,x,x,x,x,x,x,x,x,x,x,x,x,x,x,x,x,x,x,x,x,x
27,三義,32,降雨強度,RAIN_INT,㎜,1996-05-18,0,0,0,0,0,0,0,0,0,0,0,0,0,0,0,0,0,0,0,0,0,0,0,0
28,豐原,1,二氧化硫,SO2,ppb,1996-05-18,16,5.5,3.9,1.4,2.5,2,2.7,2.9,13,14,5.2,4.8,4.8,4.2,3.6,3.4,4.3,5.5,9.6,5.2,5.3,5.5,4.8,4.3
28,豐原,2,一氧化碳,CO,ppm,1996-05-18,0.45,0.38,0.44,0.45,0.38,0.43,0.53,0.87,0.91,0.66,0.73,0.62,0.68,0.56,0.56,0.55,0.58,0.85,0.98,0.92,0.98,1.3,1.27,1.32
28,豐原,3,臭氧,O3,ppb,1996-05-18,11,16,13,14,9,8.5,9.5,18,23,31,40,58,77,84,77,69,63,54,37,35,28,19,9.1,2
28,豐原,4,懸浮微粒,PM10,μg/m3,1996-05-18,63,63,60,56,59,54,47,50,50,56,56,60,51,56,62,65,62,73,77,85,85,85,83,91
28,豐原,5,氮氧化物,NOx,ppb,1996-05-18,24,17,18,14,19,20,x,26,30,28,29,24,22,17,17,16,18,27,35,30,30,35,46,55
28,豐原,6,一氧化氮,NO,ppb,1996-05-18,0.9,0.3,0.1,0.1,0.5,1.8,x,5.2,7,5.9,5,2.4,1.1,0.4,0.5,0.5,0.6,0.7,0.4,0.3,0.6,1.5,7.3,11
28,豐原,7,二氧化氮,NO2,ppb,1996-05-18,23,16,18,14,19,18,x,21,23,22,24,22,21,16,16,15,17,26,34,30,30,33,39,44
28,豐原,10,風速,WIND_SPEED,m/sec,1996-05-18,2.1,1.8,0.5,1,1.6,1.5,1.8,2.1,1.9,2.2,2,3,3.2,3.6,3.6,3.6,3.7,3.6,2.8,2.9,2.2,1,0.7,0.3
28,豐原,11,風向,WIND_DIREC,degrees,1996-05-18,348,2,4,337,348,345,345,360,358,335,337,344,348,338,338,339,343,354,351,351,347,346,340,888
28,豐原,14,溫度,AMB_TEMP,℃,1996-05-18,19.4,20,20.9,19.8,18.8,18.6,19.6,21.5,23.1,25,26.7,27.3,27.9,27.5,27.2,26.8,25.8,24.7,22.9,21.8,21,20.8,20.5,20.4
29,沙鹿,1,二氧化硫,SO2,ppb,1996-05-18,3.1,3.3,1.1,1.8,1.4,1.4,2.2,5.4,11,8.1,6.9,6,3.5,2.9,2,2.1,1.3,2.6,2.8,5,5.8,5.4,6.9,5.5
29,沙鹿,2,一氧化碳,CO,ppm,1996-05-18,0.48,0.44,0.39,0.41,0.39,0.39,0.43,0.59,0.53,0.46,0.46,0.45,0.42,0.4,0.39,0.4,0.41,0.46,0.5,0.61,0.72,0.73,0.85,0.8
29,沙鹿,3,臭氧,O3,ppb,1996-05-18,x,x,x,x,x,x,x,x,x,x,66,80,71,70,65,61,57,52,47,39,30,22,8.6,6.6
29,沙鹿,4,懸浮微粒,PM10,μg/m3,1996-05-18,64,58,56,50,43,38,39,43,45,45,53,58,74,70,70,65,62,58,58,63,64,56,69,76
29,沙鹿,5,氮氧化物,NOx,ppb,1996-05-18,20,20,16,19,18,19,x,27,28,25,18,13,10,8.8,8.7,8.8,8.4,11,13,18,24,26,38,40
29,沙鹿,6,一氧化氮,NO,ppb,1996-05-18,0.2,0.1,0.1,0.1,0.1,0.2,x,2.6,4.8,4,1.7,0.8,0.7,0.6,0.6,0.7,0.6,0.6,0.3,0.3,0.3,0.3,1.3,2.3
29,沙鹿,7,二氧化氮,NO2,ppb,1996-05-18,20,20,16,19,18,19,x,24,24,21,16,13,9.6,8.3,8.1,8.1,7.7,11,13,18,24,26,36,38
29,沙鹿,10,風速,WIND_SPEED,m/sec,1996-05-18,3.9,2.6,2.5,2.2,2.4,3.2,3.4,3.7,4.7,4.8,4.7,5.9,5.5,6,6.3,6.4,6.7,5.3,4.4,3.7,2.6,2.2,1.6,1.2
29,沙鹿,11,風向,WIND_DIREC,degrees,1996-05-18,18,10,19,5,17,17,20,14,8,12,358,1,1,3,360,360,1,2,360,3,4,358,28,26
29,沙鹿,14,溫度,AMB_TEMP,℃,1996-05-18,20.6,20.1,20,19.7,19.4,19.3,19.9,21.1,22.9,25,25.9,26,26.1,25.9,25.8,25.6,24.7,23.9,22.7,22.1,21.8,21.3,21,20.8
30,大里,1,二氧化硫,SO2,ppb,1996-05-18,4.1,4.1,4.3,2.3,2.9,2,3.6,5.1,4.8,5.1,4.6,3.4,2.6,2.8,2.4,1.9,2.3,2.4,2.9,3.4,3.6,3.3,2.7,3.4
30,大里,2,一氧化碳,CO,ppm,1996-05-18,0.87,0.79,0.67,0.56,0.51,0.49,0.58,1,1.42,1.18,0.59,0.46,0.51,0.49,0.52,0.43,0.47,0.58,0.79,0.97,1.03,1.25,1.09,0.94
30,大里,3,臭氧,O3,ppb,1996-05-18,2.9,2,1.1,x,2.3,1,2.7,7.7,29,63,63,78,97,97,90,92,79,65,45,27,17,6.9,5.3,4
30,大里,4,懸浮微粒,PM10,μg/m3,1996-05-18,71,74,77,64,75,77,75,73,78,99,99,87,87,77,71,69,77,76,76,70,82,91,96,97
30,大里,5,氮氧化物,NOx,ppb,1996-05-18,40,41,36,30,31,37,x,64,73,47,27,21,18,20,21,16,18,21,29,39,45,49,45,43
30,大里,6,一氧化氮,NO,ppb,1996-05-18,2.9,3.6,2.4,1.6,1,8.1,x,26,17,4.4,1.7,0.8,0.2,0.4,0.5,0.2,0.2,0.2,0.1,0.2,0.8,3.5,3.9,4.1
30,大里,7,二氧化氮,NO2,ppb,1996-05-18,37,37,34,29,30,29,x,37,56,43,26,21,18,20,20,16,18,21,29,39,44,45,41,39
30,大里,10,風速,WIND_SPEED,m/sec,1996-05-18,0.6,0.6,0.7,0.7,0.4,0.3,0.8,1.3,0.9,1.1,1.7,1.9,2,2.9,2.9,3.2,3.2,2.9,2.5,1.3,0.9,0.8,1,1.5
30,大里,11,風向,WIND_DIREC,degrees,1996-05-18,214,190,169,205,254,272,324,338,320,287,324,333,336,325,326,345,348,343,346,341,343,176,182,172
30,大里,14,溫度,AMB_TEMP,℃,1996-05-18,21.6,21.6,20.9,20.9,20.8,20.8,21.7,23.2,25.6,27.7,28.7,29.7,30.4,30.5,30.5,29.9,28.8,27.1,25.2,24.3,23.7,22.7,21.9,21.5
31,忠明,1,二氧化硫,SO2,ppb,1996-05-18,7.4,6.1,4.2,3.7,3.4,3,3.6,8.8,14,6.8,3.6,3.7,5.1,4.2,3.9,3.9,3.9,3.6,3.8,3.9,5.3,7.8,9.2,7.6
31,忠明,2,一氧化碳,CO,ppm,1996-05-18,0.66,0.61,0.64,0.58,0.46,0.46,0.48,0.77,0.84,0.68,0.61,0.55,0.65,0.64,0.69,0.73,0.69,0.76,0.84,0.88,0.9,1.31,1.54,1.53
31,忠明,3,臭氧,O3,ppb,1996-05-18,13,13,7,x,9.3,11,17,18,31,43,59,78,101,96,94,87,77,64,50,38,28,13,7.7,8.1
31,忠明,4,懸浮微粒,PM10,μg/m3,1996-05-18,69,65,56,44,36,27,33,32,52,57,68,64,60,59,59,53,68,75,73,75,68,74,92,88
31,忠明,5,氮氧化物,NOx,ppb,1996-05-18,28,24,25,28,28,27,x,30,33,27,24,18,14,14,14,15,14,15,17,20,23,29,42,45
31,忠明,6,一氧化氮,NO,ppb,1996-05-18,0.9,0.7,2,5.6,5.1,3.9,x,5.2,5.2,0.7,0.1,0,0,0,0,0,0,0,0,0,0.1,0.6,8.4,13
31,忠明,7,二氧化氮,NO2,ppb,1996-05-18,27,24,23,23,23,23,x,25,28,27,24,18,14,14,14,15,14,15,17,20,23,28,33,32
31,忠明,10,風速,WIND_SPEED,m/sec,1996-05-18,1.8,1.3,0.8,1.1,1.5,1.4,1.7,2.1,2.3,2.4,2.6,3,3.3,3.8,3.9,4,4.2,3.8,3,2.6,2.2,0.9,1.1,0.6
31,忠明,11,風向,WIND_DIREC,degrees,1996-05-18,1,360,350,337,352,356,353,357,359,348,355,358,347,341,350,355,356,353,1,359,360,348,341,13
31,忠明,14,溫度,AMB_TEMP,℃,1996-05-18,20.8,20.6,20.7,20.7,20.1,19.7,19.8,21.6,24,26.3,27.5,28.2,28.7,28.8,28.5,28,26.8,25.4,23.7,22.5,21.9,22,21.8,21.5
32,西屯,1,二氧化硫,SO2,ppb,1996-05-18,2.6,2.1,2.5,2.7,3,0.9,1.2,2.3,3.1,2.8,2,3.5,5.4,2.8,2.4,2.5,2.4,2.6,2.8,3.2,3.9,4.3,5.2,7
32,西屯,2,一氧化碳,CO,ppm,1996-05-18,0.4,0.41,0.41,0.38,0.34,0.33,0.39,0.66,0.78,x,x,x,x,x,x,x,x,x,x,x,x,x,x,x
32,西屯,3,臭氧,O3,ppb,1996-05-18,25,24,17,x,21,24,27,27,32,42,58,74,90,82,78,75,68,63,53,42,35,18,12,3.3
32,西屯,4,懸浮微粒,PM10,μg/m3,1996-05-18,58,47,40,49,40,39,45,45,35,36,40,37,45,63,65,69,67,61,63,61,63,66,71,75
32,西屯,5,氮氧化物,NOx,ppb,1996-05-18,17,16,19,20,17,16,x,31,31,26,16,15,16,12,12,12,13,14,15,18,21,35,39,54
32,西屯,6,一氧化氮,NO,ppb,1996-05-18,0,0,0,0,0,0.1,x,5.8,6.3,4.2,1.6,0.9,0.4,0.3,0.2,0.4,0.6,0.9,0.3,0.3,0,1.1,3.1,12
32,西屯,7,二氧化氮,NO2,ppb,1996-05-18,17,16,19,20,17,16,x,25,25,22,14,15,15,12,12,11,12,13,15,18,21,34,36,42
32,西屯,8,總碳氫化合物,THC,ppm,1996-05-18,x,x,x,x,x,x,x,x,x,x,x,x,x,x,x,x,x,x,x,x,x,x,x,x
32,西屯,9,非甲烷碳氫化合物,NMHC,ppm,1996-05-18,x,x,x,x,x,x,x,x,x,x,x,x,x,x,x,x,x,x,x,x,x,x,x,x
32,西屯,10,風速,WIND_SPEED,m/sec,1996-05-18,3.4,2.6,1.5,1.8,2.5,2.6,3.2,3.8,4.2,3.4,4.1,4,4.2,4.9,5,5.6,4.9,5.4,4.9,3.6,2.8,1.6,1.4,1.1
32,西屯,11,風向,WIND_DIREC,degrees,1996-05-18,360,359,358,3,2,360,360,3,2,360,354,356,353,344,342,346,347,342,342,343,353,359,4,17
32,西屯,14,溫度,AMB_TEMP,℃,1996-05-18,20.4,20.2,20,20.4,19.7,19.4,20,21.6,23.4,25.7,26.8,28.1,28.3,28,27.8,27.2,26.4,24.8,23.1,22.2,21.9,21.5,21.3,20.7
32,西屯,21,酸雨,PH_RAIN,pH,1996-05-18,0,0,0,0,0,0,0,0,0,0,0,0,0,0,0,0,0,0,0,0,0,0,0,0
32,西屯,22,導電度,RAIN_COND,μmho/cm,1996-05-18,0,0,0,0,0,0,0,0,0,0,0,0,0,0,0,0,0,0,0,0,0,0,0,0
32,西屯,31,甲烷,CH4,ppm,1996-05-18,x,x,x,x,x,x,x,x,x,x,x,x,x,x,x,x,x,x,x,x,x,x,x,x
32,西屯,32,降雨強度,RAIN_INT,㎜,1996-05-18,0,0,0,0,0,0,0,0,0,0,0,0,0,0,0,0,0,0,0,0,0,0,0,0
33,彰化,1,二氧化硫,SO2,ppb,1996-05-18,4,4,4.2,4.3,4.5,6,6.3,15,14,9.1,7.3,9.7,7.8,5.4,5.5,5.6,5.4,5.6,6.2,5.6,6.1,7.4,11,6.2
33,彰化,2,一氧化碳,CO,ppm,1996-05-18,0.67,0.49,0.47,0.43,0.43,0.53,0.67,1.44,1.46,1.04,0.84,0.87,0.99,0.71,0.66,0.69,0.81,0.96,1.05,0.98,1.15,1.34,1.22,0.96
33,彰化,3,臭氧,O3,ppb,1996-05-18,12,11,9,4.7,8,6.5,9.7,13,21,33,48,70,71,67,63,56,49,40,29,26,18,8.5,3.2,2.6
33,彰化,4,懸浮微粒,PM10,μg/m3,1996-05-18,68,77,91,155,131,109,95,29,50,70,71,74,89,70,90,79,78,86,69,65,71,71,88,88
33,彰化,5,氮氧化物,NOx,ppb,1996-05-18,34,32,34,37,34,38,x,75,72,53,43,41,35,30,29,31,35,39,45,40,48,60,68,51
33,彰化,6,一氧化氮,NO,ppb,1996-05-18,3.5,2,3.8,4.5,3.6,5.6,x,32,27,12,7.8,4.5,3.6,3.3,3.8,4.5,5.4,6.1,4.4,1.4,6.1,13,20,8.5
33,彰化,7,二氧化氮,NO2,ppb,1996-05-18,31,30,31,32,31,33,x,42,46,41,35,36,32,26,26,27,30,33,41,38,42,48,48,43
33,彰化,8,總碳氫化合物,THC,ppm,1996-05-18,2.7,x,2.7,3,3,3.3,3.3,3.4,3.4,3.3,3,2.9,2.8,2.5,2.5,2.6,2.7,2.4,2.6,2.6,2.9,3.2,3.2,3.6
33,彰化,9,非甲烷碳氫化合物,NMHC,ppm,1996-05-18,0.27,x,0.14,0.31,0.17,0.24,0.37,0.69,0.73,0.55,0.49,0.55,0.55,0.33,0.28,0.31,0.42,0.33,0.38,0.39,0.58,0.52,0.49,0.33
33,彰化,10,風速,WIND_SPEED,m/sec,1996-05-18,1.2,0.4,0.6,0.9,1.1,0.9,1.1,0.8,1,1.3,3.2,3,3.5,3.1,3.8,3.6,3.4,3.2,2.6,2.1,1.3,0.5,0.5,0.4
33,彰化,11,風向,WIND_DIREC,degrees,1996-05-18,19,348,19,18,352,13,343,356,333,314,337,330,328,328,327,325,345,330,326,332,334,332,343,135
33,彰化,14,溫度,AMB_TEMP,℃,1996-05-18,21,20.7,20.5,20.3,19.9,19.9,20.4,22.4,25,26.4,27.3,27.8,27.7,27.7,27.4,27.2,26.5,25.3,23.5,22.6,22.4,22,21.5,21.4
33,彰化,31,甲烷,CH4,ppm,1996-05-18,2.5,x,2.5,2.7,2.9,3,3,2.7,2.7,2.7,2.5,2.4,2.2,2.1,2.2,2.3,2.3,2.1,2.2,2.2,2.3,2.7,2.7,3.2
34,線西,1,二氧化硫,SO2,ppb,1996-05-18,10,9.7,7.3,12,10,10,7.9,6.6,7,6.4,5.8,4.7,4.1,3,2.7,2.1,1.8,1.4,1,1.6,3.9,6.8,11,11
34,線西,4,懸浮微粒,PM10,μg/m3,1996-05-18,69,64,63,58,46,35,42,55,52,46,31,30,35,32,48,52,53,44,48,54,57,58,62,66
34,線西,5,氮氧化物,NOx,ppb,1996-05-18,29,30,24,41,37,35,x,23,26,26,21,14,11,9.4,8.8,7.2,6.4,6.5,5.6,7.3,14,23,39,39
34,線西,6,一氧化氮,NO,ppb,1996-05-18,0.3,0.1,0.2,1.2,0.7,0.5,x,2.7,4.3,4.3,2,0.6,0.5,0.2,0.3,0.2,0.1,0,0,0,0,0.2,2.2,3.7
34,線西,7,二氧化氮,NO2,ppb,1996-05-18,29,29,24,40,37,35,x,21,22,22,19,13,11,9.2,8.6,7,6.3,6.5,5.6,7.3,14,23,37,35
34,線西,8,總碳氫化合物,THC,ppm,1996-05-18,2.3,x,2.3,2.2,2.2,2.3,2.3,2.3,2.3,2.2,2.2,2.2,2.1,2.1,2.2,2.1,2.1,2,2,2,2.1,2.2,2.4,2.5
34,線西,9,非甲烷碳氫化合物,NMHC,ppm,1996-05-18,0.09,x,0.07,0.09,0.1,0.06,0.09,0.11,0.1,0.06,0.05,0.03,0.01,0.05,0.04,0.02,0.02,0.01,0.02,0.02,0.06,0.09,0.22,0.28
34,線西,10,風速,WIND_SPEED,m/sec,1996-05-18,1,0.6,0.4,0.4,0.7,0.7,0.8,1,0.9,1.1,1.9,3.3,3.7,3.8,4.1,4.5,4.4,4,3.1,2.3,0.8,0.4,0.3,0.1
34,線西,11,風向,WIND_DIREC,degrees,1996-05-18,25,21,23,21,18,22,21,23,25,18,7,4,9,11,9,12,8,9,11,13,18,21,22,37
34,線西,14,溫度,AMB_TEMP,℃,1996-05-18,20.3,20,19.6,19.3,19.2,19.2,19.6,20.7,22.8,24.7,25.2,25.1,24.8,24.8,24.7,24.5,23.9,23.2,22.3,21.9,21.6,21.3,21,20.6
34,線西,31,甲烷,CH4,ppm,1996-05-18,2.3,x,2.2,2.2,2.1,2.3,2.2,2.2,2.2,2.2,2.1,2.1,2.1,2.1,2.1,2.1,2.1,2,2,2,2.1,2.2,2.2,2.2
35,二林,1,二氧化硫,SO2,ppb,1996-05-18,4.3,5.2,4.4,3.7,3.6,6.8,4.4,3.6,5.9,7.5,5.3,9.1,14,17,27,35,66,38,19,6.9,2.1,3.2,5.3,6.4
35,二林,2,一氧化碳,CO,ppm,1996-05-18,0.56,0.53,0.47,0.48,0.46,0.42,0.4,0.4,0.46,0.52,0.46,0.47,0.43,0.39,0.41,0.4,0.38,0.37,0.39,0.4,0.43,0.5,0.56,0.61
35,二林,3,臭氧,O3,ppb,1996-05-18,25,23,27,22,20,21,34,40,44,57,73,97,98,86,80,69,46,51,55,58,51,36,21,8.2
35,二林,4,懸浮微粒,PM10,μg/m3,1996-05-18,79,71,72,64,70,71,68,68,78,76,81,73,87,88,88,83,82,82,79,66,68,63,69,79
35,二林,5,氮氧化物,NOx,ppb,1996-05-18,18,18,15,16,19,25,x,14,18,21,17,13,13,14,19,23,41,26,17,8.9,9,16,25,37
35,二林,6,一氧化氮,NO,ppb,1996-05-18,x,x,0,0,0,0,x,1.3,2.3,2.6,1.2,0.2,0.1,0.5,1.3,2.1,6.7,1.3,0,0,0,0,0,0.3
35,二林,7,二氧化氮,NO2,ppb,1996-05-18,x,x,15,16,19,25,x,13,15,18,15,13,13,13,18,21,34,24,17,8.9,9,16,25,37
35,二林,10,風速,WIND_SPEED,m/sec,1996-05-18,2.4,2.6,2.1,1.7,2,2.6,3.1,3.6,3.1,2.7,3.4,3.9,4.7,5,5.5,5.6,6,5,3.5,2.9,2.7,1.9,1.4,1.3
35,二林,11,風向,WIND_DIREC,degrees,1996-05-18,27,20,25,23,20,16,20,24,20,24,15,3,9,4,4,5,9,10,14,18,23,19,21,44
35,二林,14,溫度,AMB_TEMP,℃,1996-05-18,19.9,19.6,19.6,19.2,19,19.4,19.8,21.3,23.2,25.7,27,27.4,27,26.9,26.4,26,25.2,24,22.5,21.7,21.4,21,20.5,20
36,南投,1,二氧化硫,SO2,ppb,1996-05-18,5.3,5.6,4.4,3.6,2.6,3.4,5,6.4,6.4,5,7,7.1,6.4,6.4,5.9,4.1,4,4.8,5,4.7,5.4,4.8,2.2,2.4
36,南投,2,一氧化碳,CO,ppm,1996-05-18,0.79,0.68,0.67,0.69,0.69,0.72,0.67,0.84,1.05,0.88,0.72,0.69,0.62,0.64,0.61,0.65,0.7,0.88,0.88,0.94,1.01,0.97,0.8,0.86
36,南投,3,臭氧,O3,ppb,1996-05-18,8.1,6.1,3.9,x,2,2.9,6.8,14,25,53,70,83,97,107,102,90,85,73,58,40,30,19,15,6.5
36,南投,4,懸浮微粒,PM10,μg/m3,1996-05-18,64,60,60,63,68,57,67,69,74,75,94,110,106,86,93,79,68,74,87,86,86,84,89,84
36,南投,5,氮氧化物,NOx,ppb,1996-05-18,36,36,35,36,34,40,x,42,43,27,25,25,23,21,20,20,22,25,26,31,33,37,29,34
36,南投,6,一氧化氮,NO,ppb,1996-05-18,0.7,0.6,0.2,2.7,3.6,10,x,13,10,3.1,2.3,1.9,1.1,0.8,0.6,0.5,0.5,0.3,0.2,0.5,0.5,1.5,1.2,3.8
36,南投,7,二氧化氮,NO2,ppb,1996-05-18,35,35,35,33,30,29,x,29,33,24,22,23,22,20,19,19,21,24,25,31,33,35,28,30
36,南投,10,風速,WIND_SPEED,m/sec,1996-05-18,0.6,0.6,0.1,0,0.1,0.7,1,1.2,1,1.8,2.1,2.3,2.6,2.5,2.6,2.9,2.4,2.2,1.8,1.4,0.7,0.2,0.1,0.1
36,南投,11,風向,WIND_DIREC,degrees,1996-05-18,8,35,15,165,171,32,17,24,36,17,16,13,16,13,3,19,12,7,1,25,17,888,166,167
36,南投,14,溫度,AMB_TEMP,℃,1996-05-18,21.3,21,20.9,21.1,20.7,20.9,21.6,22.8,24.6,26.6,28.1,29.3,29.8,29.7,30.2,29.4,28.8,26.8,24.9,23.8,23.1,22.6,21.7,21.4
37,斗六,1,二氧化硫,SO2,ppb,1996-05-18,6.1,6.4,6,5.2,4.5,4.8,5.2,7.9,7.9,7.8,7.7,7.2,5.3,5.2,5.1,4.9,5.9,5.5,3.6,3.4,3.8,4.2,7.1,6
37,斗六,2,一氧化碳,CO,ppm,1996-05-18,0.81,0.75,0.78,0.79,0.8,0.75,0.59,0.73,0.94,0.98,0.9,0.9,0.82,0.66,0.69,0.7,0.86,0.93,0.9,0.89,1.07,1.08,0.92,0.88
37,斗六,3,臭氧,O3,ppb,1996-05-18,2.1,0.9,1,1.5,1.5,1.7,5.1,8.9,19,44,62,81,79,81,74,77,68,54,44,35,26,19,17,5.9
37,斗六,4,懸浮微粒,PM10,μg/m3,1996-05-18,99,92,88,90,90,99,112,114,114,134,132,150,159,145,132,128,129,130,127,125,111,117,119,113
37,斗六,5,氮氧化物,NOx,ppb,1996-05-18,39,44,45,50,42,52,x,39,40,32,25,20,17,16,16,19,24,25,23,23,28,30,28,40
37,斗六,6,一氧化氮,NO,ppb,1996-05-18,4,9.2,14,22,17,25,x,15,13,4.9,2.5,1.3,1,1.2,1.2,1.2,1.4,1.4,1.3,1.5,2.3,1.4,0.8,3.2
37,斗六,7,二氧化氮,NO2,ppb,1996-05-18,35,35,31,28,25,27,x,25,27,27,22,19,16,15,15,17,23,24,21,21,26,29,27,37
37,斗六,14,溫度,AMB_TEMP,℃,1996-05-18,20.9,20.7,20.9,20.7,20.9,20.4,20.2,21.8,24.7,26.8,28.1,29.2,29.7,30.1,29.8,29.3,27.8,25.6,24,22.7,22,21.7,21.4,21.2
38,崙背,1,二氧化硫,SO2,ppb,1996-05-18,4.2,3.8,4,3.7,3.3,4,4.4,4.6,5,5.6,8.8,10,17,22,28,41,18,19,31,9.7,4.4,3.1,3.1,4.3
38,崙背,2,一氧化碳,CO,ppm,1996-05-18,0.6,0.51,0.46,0.43,0.4,0.42,0.45,0.54,0.64,0.73,0.69,0.62,0.54,0.4,0.42,0.43,0.42,0.4,0.42,0.39,0.45,0.55,0.59,0.59
38,崙背,3,臭氧,O3,ppb,1996-05-18,15,13,13,x,11,11,17,20,28,40,56,64,78,72,65,53,55,44,32,40,36,28,20,14
38,崙背,4,懸浮微粒,PM10,μg/m3,1996-05-18,69,77,94,80,72,69,69,69,66,67,76,97,112,x,x,155,156,154,140,115,93,84,58,65
38,崙背,5,氮氧化物,NOx,ppb,1996-05-18,54,54,52,50,51,59,x,65,64,x,x,65,x,x,x,x,25,24,29,14,13,14,18,23
38,崙背,6,一氧化氮,NO,ppb,1996-05-18,11,12,10,10,12,14,x,18,19,x,x,13,x,x,x,x,4.3,3.4,1.8,0.3,0.2,0.4,0.3,0.5
38,崙背,7,二氧化氮,NO2,ppb,1996-05-18,43,42,42,40,39,45,x,47,45,x,x,52,x,x,x,x,21,21,28,14,12,14,18,22
38,崙背,10,風速,WIND_SPEED,m/sec,1996-05-18,2,1.7,1.9,1.6,1.4,2.5,2.6,3.1,2.7,2.4,3,3.9,4.8,5.3,6.5,6.8,6.5,6,5.2,4.3,2.3,0.8,x,0
38,崙背,11,風向,WIND_DIREC,degrees,1996-05-18,12,21,31,28,21,9,18,23,10,11,8,9,359,3,2,14,17,10,10,6,12,9,25,31
38,崙背,14,溫度,AMB_TEMP,℃,1996-05-18,19.9,19.6,19.7,19.5,18.9,18.9,19.7,21.1,23.5,25.9,27.4,27.9,27.8,27.5,26.9,26.3,25.4,24.1,22.6,21.7,21.2,21,20.8,20.5
39,新港,1,二氧化硫,SO2,ppb,1996-05-18,5,4.3,3.7,4,3.3,3,3.8,5.5,5.7,5.6,5.9,6.5,7.1,7.7,10,25,35,37,45,25,11,5.9,4.8,5.2
39,新港,2,一氧化碳,CO,ppm,1996-05-18,0.48,0.61,0.61,0.64,0.63,0.53,0.58,0.67,0.67,0.62,0.56,0.46,0.46,0.42,0.42,0.43,0.44,0.45,0.47,0.46,0.47,0.5,0.57,0.57
39,新港,3,臭氧,O3,ppb,1996-05-18,16,14,13,x,4.2,8.4,13,18,30,50,78,88,93,100,88,78,66,54,37,36,41,40,25,24
39,新港,4,懸浮微粒,PM10,μg/m3,1996-05-18,49,58,59,59,84,60,58,87,72,89,96,115,129,126,124,129,140,159,161,145,117,86,75,91
39,新港,5,氮氧化物,NOx,ppb,1996-05-18,x,x,20,25,25,20,x,28,24,18,11,9.9,10,8.6,10,19,28,29,36,25,15,13,20,21
39,新港,6,一氧化氮,NO,ppb,1996-05-18,x,x,0,0.7,1,0.3,x,7.6,5.2,2.1,0,0,0,0,0,0.4,0.3,0.2,0.1,0,0,0,0.1,0
39,新港,7,二氧化氮,NO2,ppb,1996-05-18,x,x,20,24,24,20,x,21,19,16,11,9.9,10,8.6,10,19,27,29,36,25,15,13,20,21
39,新港,10,風速,WIND_SPEED,m/sec,1996-05-18,1.4,1.1,1.6,1.1,1,2,2.2,2.4,2,2.2,2.4,1.9,3.3,3.8,4.4,4.3,4,3.9,3.5,2,1.6,0.8,0.1,0.2
39,新港,11,風向,WIND_DIREC,degrees,1996-05-18,348,9,15,43,346,355,360,25,4,340,353,327,324,336,351,353,347,351,2,356,4,354,275,303
39,新港,14,溫度,AMB_TEMP,℃,1996-05-18,20.4,20.2,20,20,19.6,19.1,19.8,21.7,24.1,25.8,27.1,28.2,28.5,28.6,28.1,27.6,26,25.2,23.4,22.1,21.5,21.3,20.8,20.8
40,朴子,1,二氧化硫,SO2,ppb,1996-05-18,5.6,4.6,5.5,5,3.8,3,4,6.5,23,9.7,7.6,9.8,9.6,9.6,18,13,11,3.4,1.8,4.9,6.9,5.1,4.6,4.6
40,朴子,2,一氧化碳,CO,ppm,1996-05-18,0.4,0.43,0.44,0.46,0.49,0.46,0.45,0.47,0.59,0.52,0.51,0.51,0.43,0.36,0.37,0.35,0.51,0.42,0.46,0.41,0.4,0.41,0.39,0.39
40,朴子,3,臭氧,O3,ppb,1996-05-18,15,12,6.9,x,3.1,4.1,8.9,17,21,46,70,73,84,89,74,70,73,68,55,47,38,35,36,34
40,朴子,4,懸浮微粒,PM10,μg/m3,1996-05-18,78,76,78,89,95,98,99,88,81,80,97,110,124,126,131,123,121,113,106,106,98,87,77,73
40,朴子,5,氮氧化物,NOx,ppb,1996-05-18,20,20,23,25,26,26,x,26,40,21,14,14,11,10,18,19,19,11,9.5,12,14,14,12,12
40,朴子,6,一氧化氮,NO,ppb,1996-05-18,0.2,0.1,0.4,0.9,2.3,4.1,x,6.1,12,2.1,0.3,0.2,0,0,1.2,1.6,0.6,0.2,0,0,0,0,0,0
40,朴子,7,二氧化氮,NO2,ppb,1996-05-18,20,20,23,24,24,22,x,20,28,19,14,14,11,10,16,18,18,11,9.5,12,14,14,12,12
40,朴子,10,風速,WIND_SPEED,m/sec,1996-05-18,0.8,1,1,0.9,0.9,1,1.6,2.1,1.7,2,1.6,1.9,2.6,3,3,2.8,3.1,2.9,1.9,2.1,1.5,0.9,0.7,0.4
40,朴子,11,風向,WIND_DIREC,degrees,1996-05-18,13,27,29,32,24,13,26,29,34,32,337,328,5,354,354,10,19,13,13,28,27,30,358,2
40,朴子,14,溫度,AMB_TEMP,℃,1996-05-18,21.2,20.5,20.4,20,19.8,19.7,20.2,22.2,25.3,27,28.2,29.2,29.7,29.4,29.1,28.6,27,25.9,24,22.7,21.8,21.6,21.6,21.6
41,臺西,1,二氧化硫,SO2,ppb,1996-05-18,32,11,4.6,3.7,4.9,6.8,8.5,19,21,24,20,21,8.5,4.8,2.9,2.8,2,1.5,0.5,0.4,0.8,1.3,1.7,1.4
41,臺西,2,一氧化碳,CO,ppm,1996-05-18,0.48,0.4,0.37,0.34,0.37,0.35,0.32,0.33,0.37,0.35,0.33,0.34,0.33,0.29,0.29,0.32,0.3,0.27,0.26,0.26,0.28,0.32,0.33,0.38
41,臺西,3,臭氧,O3,ppb,1996-05-18,10,18,19,x,19,19,35,34,39,43,57,77,87,80,82,79,69,62,61,57,55,49,41,30
41,臺西,4,懸浮微粒,PM10,μg/m3,1996-05-18,149,96,133,89,110,95,48,93,113,117,150,101,125,118,135,88,113,90,55,73,55,47,121,76
41,臺西,5,氮氧化物,NOx,ppb,1996-05-18,31,18,15,13,15,19,x,24,24,26,22,18,9.9,7.1,6.8,6.7,5,4.7,4.1,4.3,4.4,5.2,6.9,10
41,臺西,6,一氧化氮,NO,ppb,1996-05-18,0.6,0.3,0.3,0.2,0.6,0.8,x,2.7,3.7,4,2.5,1,0.2,0.1,0.1,0.1,0.1,0.1,0.1,0.1,0.1,0.1,0,0
41,臺西,7,二氧化氮,NO2,ppb,1996-05-18,31,18,15,13,15,18,x,21,20,22,19,17,9.7,7,6.7,6.6,5,4.6,4,4.2,4.3,5.1,6.9,10
41,臺西,10,風速,WIND_SPEED,m/sec,1996-05-18,x,x,x,x,x,x,x,x,x,x,x,x,x,x,x,x,x,x,x,x,x,x,x,x
41,臺西,11,風向,WIND_DIREC,degrees,1996-05-18,x,x,x,x,x,x,x,x,x,x,x,x,x,x,x,x,x,x,x,x,x,x,x,x
41,臺西,14,溫度,AMB_TEMP,℃,1996-05-18,21.1,20.6,20,19.8,19.6,19.6,20.7,22,23.9,25.1,25.9,26.3,26.3,26.2,26,25.5,24.8,24,23,22.5,22.1,22,21.8,21.1
41,臺西,21,酸雨,PH_RAIN,pH,1996-05-18,x,x,x,x,x,x,x,x,x,x,x,x,x,x,x,x,x,x,x,x,x,x,x,x
41,臺西,22,導電度,RAIN_COND,μmho/cm,1996-05-18,x,x,x,x,x,x,x,x,x,x,x,x,x,x,x,x,x,x,x,x,x,x,x,x
41,臺西,32,降雨強度,RAIN_INT,㎜,1996-05-18,x,x,x,x,x,x,x,x,x,x,x,x,x,x,x,x,x,x,x,x,x,x,x,x
42,嘉義,1,二氧化硫,SO2,ppb,1996-05-18,6.4,5.8,8.1,9.6,7.3,5.3,6.6,12,16,12,9,6.3,6.2,6.5,12,14,16,24,27,8.3,5.7,6.1,4.8,3.9
42,嘉義,2,一氧化碳,CO,ppm,1996-05-18,0.71,0.65,0.71,0.72,0.7,0.77,0.84,1.06,1.08,0.84,0.72,0.62,0.62,0.62,0.61,0.55,0.59,0.74,0.88,0.82,0.79,0.97,0.87,0.77
42,嘉義,3,臭氧,O3,ppb,1996-05-18,7.5,8.1,5.5,x,4.8,5.6,6.1,12,29,47,69,81,86,93,91,76,71,55,36,41,35,24,16,22
42,嘉義,4,懸浮微粒,PM10,μg/m3,1996-05-18,82,84,93,96,96,84,98,100,103,109,131,134,129,118,119,129,128,98,104,105,95,85,84,81
42,嘉義,5,氮氧化物,NOx,ppb,1996-05-18,38,33,37,42,40,39,x,60,46,33,27,18,16,18,20,21,24,32,42,29,28,35,39,31
42,嘉義,6,一氧化氮,NO,ppb,1996-05-18,4.1,2.8,4.6,8.4,6.4,8.9,x,27,12,4,3.2,1,0.2,0.2,0.3,0.4,0.1,0.3,1.1,0.6,0.9,1.7,0.6,0.8
42,嘉義,7,二氧化氮,NO2,ppb,1996-05-18,34,30,33,34,33,30,x,33,34,29,23,17,16,18,19,20,24,32,41,28,27,34,38,30
42,嘉義,8,總碳氫化合物,THC,ppm,1996-05-18,2.3,2.4,2.6,2.7,2.7,2.9,3.2,3.1,3,2.7,2.4,2.3,2.2,2.3,2.2,2.2,2.2,2.2,2.2,2.3,2.3,2.6,2.6,2.4
42,嘉義,9,非甲烷碳氫化合物,NMHC,ppm,1996-05-18,0.24,0.26,0.24,0.29,0.32,0.32,0.33,0.49,0.54,0.46,0.28,0.1,0.09,0.14,0.1,0.22,0.1,0.2,0.25,0.29,0.22,0.36,0.3,0.23
42,嘉義,10,風速,WIND_SPEED,m/sec,1996-05-18,1,0.7,0.6,0.2,0.1,0.7,2,2.2,1.4,1.8,2,2.3,2.4,2.9,3.3,3.7,3.4,2.9,1.8,2.3,1.2,0.3,0.4,0
42,嘉義,11,風向,WIND_DIREC,degrees,1996-05-18,304,356,5,52,122,48,2,17,349,347,350,310,329,357,351,359,357,358,3,2,358,347,288,999
42,嘉義,14,溫度,AMB_TEMP,℃,1996-05-18,21.8,21.4,21.4,21.5,21.7,21.6,21.2,23,25.7,27.4,28.6,28.7,28.7,29.8,29.6,28.3,27,25.9,24.7,23.7,22.6,22.3,21.8,21.8
42,嘉義,31,甲烷,CH4,ppm,1996-05-18,2.1,2.1,2.3,2.4,2.4,2.6,2.9,2.6,2.4,2.2,2.1,2.2,2.1,2.1,2.1,2,2.1,2,2,2,2.1,2.2,2.3,2.2
43,新營,1,二氧化硫,SO2,ppb,1996-05-18,6.6,6,5.9,5.9,6.9,6,4.5,7.3,9.5,9.7,9.7,9,7.5,7.4,7.6,16,17,26,21,26,28,19,14,13
43,新營,2,一氧化碳,CO,ppm,1996-05-18,0.53,0.53,0.55,0.57,0.6,0.67,0.7,0.81,0.79,0.72,0.69,0.71,0.68,0.53,0.53,0.54,0.6,0.71,0.65,0.59,0.55,0.53,0.57,0.76
43,新營,3,臭氧,O3,ppb,1996-05-18,12,13,9.2,x,1.9,2.4,5.3,9.2,21,36,61,86,97,98,98,84,74,55,52,36,29,30,26,22
43,新營,4,懸浮微粒,PM10,μg/m3,1996-05-18,100,93,74,55,62,57,68,70,81,98,103,103,109,109,109,98,93,93,121,125,128,128,99,66
43,新營,5,氮氧化物,NOx,ppb,1996-05-18,24,21,24,29,39,37,x,49,46,39,26,20,15,13,13,17,20,32,27,29,29,22,25,27
43,新營,6,一氧化氮,NO,ppb,1996-05-18,0,0,0,1,9.4,8.2,x,22,15,7.6,1.9,0.2,0,0,0,0.1,0,0.1,0,0,0,0,0,0
43,新營,7,二氧化氮,NO2,ppb,1996-05-18,24,21,24,28,30,29,x,27,31,32,25,20,15,13,13,17,20,32,27,29,29,22,25,27
43,新營,10,風速,WIND_SPEED,m/sec,1996-05-18,0.9,1.1,1.1,0.7,0.7,0.6,1.6,1.8,1.7,1.4,1.3,1.6,2.9,3.3,3.6,3.3,2.5,2.3,2.2,2.3,1.8,1.2,0.9,0.1
43,新營,11,風向,WIND_DIREC,degrees,1996-05-18,324,350,339,44,75,336,347,21,25,357,334,316,318,329,329,335,335,358,359,351,2,351,321,321
43,新營,14,溫度,AMB_TEMP,℃,1996-05-18,22.4,22,21.7,21.4,21.3,21.5,21.1,22.7,25.1,27.2,28.5,29.5,29.3,29.6,29.4,29,28.3,26.9,25.6,24.3,23.2,22.7,22.5,22.6
44,善化,1,二氧化硫,SO2,ppb,1996-05-18,4.7,5.7,4.7,4.9,6.1,4,5.4,7.5,9.4,20,27,12,7.2,8.2,12,9.4,16,14,14,8.4,9.9,30,22,19
44,善化,2,一氧化碳,CO,ppm,1996-05-18,0.5,0.57,0.5,0.51,0.59,0.54,0.63,0.68,0.68,0.65,0.55,0.73,0.58,0.49,0.44,0.43,0.43,0.48,0.55,0.56,0.54,0.53,0.54,0.52
44,善化,3,臭氧,O3,ppb,1996-05-18,14,6.2,4.5,x,2,1.4,3.5,8.9,19,32,63,99,100,103,99,98,90,72,59,50,36,20,16,13
44,善化,4,懸浮微粒,PM10,μg/m3,1996-05-18,84,78,79,85,83,74,74,80,96,95,103,115,146,142,161,159,152,146,127,126,129,121,120,119
44,善化,5,氮氧化物,NOx,ppb,1996-05-18,19,27,26,24,26,32,x,34,35,38,27,22,12,11,11,11,15,18,21,18,20,30,29,27
44,善化,6,一氧化氮,NO,ppb,1996-05-18,0.1,4.3,2.7,1.2,1.4,8.5,x,11,9.4,7.5,2.2,0.4,0.1,0,0,0,0.1,0.1,0.1,0,0.1,0.3,0.3,0.2
44,善化,7,二氧化氮,NO2,ppb,1996-05-18,19,22,24,22,25,24,x,23,26,31,24,21,12,11,11,11,15,18,21,18,20,30,28,27
44,善化,10,風速,WIND_SPEED,m/sec,1996-05-18,0.7,0.5,0.8,0.7,0.5,0.3,1,1.8,1.6,0.7,1.5,3.8,3.1,2.4,2.2,2.1,2.3,1.7,2.3,1.6,1.5,1.1,0.7,0.1
44,善化,11,風向,WIND_DIREC,degrees,1996-05-18,3,315,347,348,63,48,315,1,1,888,191,256,284,319,322,308,337,332,353,357,353,352,312,341
44,善化,14,溫度,AMB_TEMP,℃,1996-05-18,21.6,21.3,21,20.8,20.5,20.3,21.7,23.4,26.1,30.5,31.6,29.9,30,29.6,29,28.2,27.7,26.7,25.5,24.2,23.3,22.6,22.1,22.1
45,安南,1,二氧化硫,SO2,ppb,1996-05-18,7.1,,,,,8.1,10,13,16,,,,,8.6,10,11,10,11,,,,,17,21
45,安南,2,一氧化碳,CO,ppm,1996-05-18,x,,,,,x,x,x,x,,,,,x,x,x,x,x,,,,,x,x
45,安南,3,臭氧,O3,ppb,1996-05-18,18,,,,,6.3,8.8,15,23,,,,,118,115,111,102,89,,,,,33,29
45,安南,4,懸浮微粒,PM10,μg/m3,1996-05-18,78,,,,,101,107,101,117,,,,,168,165,150,163,164,,,,,109,107
45,安南,5,氮氧化物,NOx,ppb,1996-05-18,29,,,,,43,x,41,50,,,,,12,10,9.8,11,14,,,,,20,21
45,安南,6,一氧化氮,NO,ppb,1996-05-18,0,,,,,15,x,13,17,,,,,0,0,0,0,0,,,,,0,0
45,安南,7,二氧化氮,NO2,ppb,1996-05-18,27,,,,,28,x,27,33,,,,,11,10,9.6,11,14,,,,,20,21
45,安南,10,風速,WIND_SPEED,m/sec,1996-05-18,0,,,,,0,0,0,0,,,,,2.3,2.4,2.4,2.1,2.2,,,,,0,0
45,安南,11,風向,WIND_DIREC,degrees,1996-05-18,30,,,,,45,308,318,38,,,,,295,294,288,294,298,,,,,312,318
45,安南,14,溫度,AMB_TEMP,℃,1996-05-18,22.6,,,,,21.4,22.2,23.3,25.1,,,,,28.5,28.4,28,27.9,27.3,,,,,23.4,23.3
46,臺南,1,二氧化硫,SO2,ppb,1996-05-18,10,13,15,8.8,9.3,12,18,20,22,14,14,8.9,18,8,5.9,4.8,7.8,11,9.6,7.4,7.4,8.5,15,14
46,臺南,2,一氧化碳,CO,ppm,1996-05-18,0.67,0.58,0.69,0.58,0.66,0.64,0.88,1.11,0.96,0.65,0.71,0.58,0.61,0.51,0.47,0.51,0.61,0.86,1.16,1.28,1.23,1.32,1.58,1.45
46,臺南,3,臭氧,O3,ppb,1996-05-18,6.2,5.8,1.4,6.2,3.4,2,5.1,13,22,45,85,91,78,92,88,80,90,90,66,43,34,24,13,9.2
46,臺南,4,懸浮微粒,PM10,μg/m3,1996-05-18,117,103,114,109,107,103,119,122,127,137,156,183,161,144,142,111,100,104,149,166,151,145,145,160
46,臺南,5,氮氧化物,NOx,ppb,1996-05-18,33,30,37,27,34,45,x,53,56,34,29,18,31,13,13,13,15,18,28,33,33,36,43,43
46,臺南,6,一氧化氮,NO,ppb,1996-05-18,2.5,1.4,3.8,1,8.9,16,x,15,12,4.4,0.9,0.2,2.1,0.1,0,0,0,0,0.1,0.2,0.2,0.7,2,2.4
46,臺南,7,二氧化氮,NO2,ppb,1996-05-18,31,29,33,26,26,28,x,38,44,30,28,17,29,13,12,13,15,18,28,33,33,35,41,41
46,臺南,8,總碳氫化合物,THC,ppm,1996-05-18,3.1,x,2.8,2.7,3.9,3.8,3.5,2.9,2.7,2.7,2.5,2.3,2.3,2.1,2.2,2.2,2.2,2.3,2.5,2.9,3,2.8,3,3.1
46,臺南,9,非甲烷碳氫化合物,NMHC,ppm,1996-05-18,0.36,x,0.23,0.3,0.9,0.51,0.47,0.37,0.31,0.43,0.21,0.08,0.11,0.04,0.05,0.08,0.11,0.12,0.29,0.54,0.68,0.49,0.67,0.7
46,臺南,14,溫度,AMB_TEMP,℃,1996-05-18,23.9,23.7,23.9,23.6,23.3,23.2,24.2,26,27.3,28.9,29.1,29.1,29.4,29.9,29.7,28.9,28.3,27.9,27.7,27,26.3,25.5,25.4,25.3
46,臺南,31,甲烷,CH4,ppm,1996-05-18,2.7,x,2.6,2.4,3,3.3,3,2.5,2.4,2.3,2.3,2.2,2.2,2.1,2.1,2.1,2.1,2.2,2.2,2.4,2.3,2.4,2.4,2.4
47,美濃,1,二氧化硫,SO2,ppb,1996-05-18,19,10,3.4,2.9,2.8,2.2,2.7,3.8,3.2,1.5,1.2,3.2,8.7,4.1,3,2,2.4,2.4,1.9,1.9,2.6,3.8,5.6,3.1
47,美濃,2,一氧化碳,CO,ppm,1996-05-18,0.49,0.56,0.49,0.46,0.46,0.51,0.61,0.53,0.39,0.33,0.38,0.47,0.53,0.38,0.38,0.36,0.38,0.42,0.45,0.46,0.48,0.48,0.47,0.47
47,美濃,3,臭氧,O3,ppb,1996-05-18,16,13,19,x,22,19,18,34,45,53,61,76,94,71,66,64,65,59,55,52,55,58,56,51
47,美濃,4,懸浮微粒,PM10,μg/m3,1996-05-18,155,144,143,124,108,106,106,112,104,85,82,74,82,100,98,96,83,73,78,79,85,85,101,102
47,美濃,5,氮氧化物,NOx,ppb,1996-05-18,23,20,10,9.3,9.4,11,x,13,9.3,6.5,7.1,9.1,14,8.2,8,7.6,8.5,9.3,8.7,10,11,10,10,9.5
47,美濃,6,一氧化氮,NO,ppb,1996-05-18,0.1,0.3,0,0.1,0,0.2,x,1,0.5,0.1,0.1,0,0,0,0.1,0,0,0,0,0,0,0,0,0
47,美濃,7,二氧化氮,NO2,ppb,1996-05-18,23,20,10,9.2,9.4,11,x,12,8.8,6.4,7,9,14,8.2,7.9,7.6,8.5,9.3,8.7,10,11,10,10,9.5
47,美濃,10,風速,WIND_SPEED,m/sec,1996-05-18,0,0.1,0.7,0.7,0.6,0.2,0,0.2,0.9,1.9,2.1,2.3,3.1,4.3,4,3.5,2.8,2,1.2,0.7,1.3,1,0.5,0
47,美濃,11,風向,WIND_DIREC,degrees,1996-05-18,999,303,6,9,3,328,999,24,888,213,216,220,244,266,271,274,242,241,226,205,213,233,218,238
47,美濃,14,溫度,AMB_TEMP,℃,1996-05-18,22.7,22.9,22.8,22.8,22.8,22.6,23.4,26,27.5,28.2,28.6,29.4,29.2,29.3,28.7,27.8,26.1,25.3,24.8,24.7,24.3,24.1,24,23.8
48,橋頭,1,二氧化硫,SO2,ppb,1996-05-18,15,14,13,9.2,8.8,6.8,8.2,18,23,10,7.3,5.1,5.8,4.1,3.1,3.2,2.7,2.9,3.4,2.6,2,2,2.6,2
48,橋頭,2,一氧化碳,CO,ppm,1996-05-18,0.57,0.69,0.86,1.17,0.66,0.67,0.71,0.66,0.73,0.59,0.44,0.4,0.43,0.42,0.38,0.41,0.41,0.49,0.62,0.58,0.46,0.53,0.56,0.49
48,橋頭,3,臭氧,O3,ppb,1996-05-18,5.5,1.4,3.1,x,1,1,x,21,27,63,61,63,74,78,77,83,75,75,76,68,67,65,62,59
48,橋頭,4,懸浮微粒,PM10,μg/m3,1996-05-18,118,113,112,101,100,107,109,115,109,107,111,105,81,78,71,59,53,53,55,64,71,77,74,72
48,橋頭,5,氮氧化物,NOx,ppb,1996-05-18,31,41,38,40,37,46,x,38,54,17,9.3,6.2,6.1,6,5.6,5.7,5.1,8,11,7.9,5,5.4,7.7,8.5
48,橋頭,6,一氧化氮,NO,ppb,1996-05-18,0.8,8.8,7.5,8.2,7.8,17,x,7.8,13,1.2,0.8,0.6,0.6,0.3,0.4,0.2,0.3,0.4,0.4,0.1,0.1,0.1,0.2,0.1
48,橋頭,7,二氧化氮,NO2,ppb,1996-05-18,31,33,31,32,30,29,x,31,41,16,8.5,5.6,5.6,5.7,5.2,5.5,4.8,7.5,10,7.8,4.9,5.4,7.5,8.4
48,橋頭,8,總碳氫化合物,THC,ppm,1996-05-18,2.5,x,x,2.9,2.9,3.3,3,2.6,2.6,2.2,2,1.9,1.9,1.9,2,x,2.1,1.9,2,2,x,2,2.1,2.1
48,橋頭,9,非甲烷碳氫化合物,NMHC,ppm,1996-05-18,0.1,x,x,0.28,0.27,0.28,0.22,0.28,0.25,0.1,0.03,0,0,0.03,0.03,x,0,0,0.03,0.03,x,0,x,0
48,橋頭,10,風速,WIND_SPEED,m/sec,1996-05-18,1,0.8,0.8,0.1,0,0.3,0.8,1.9,1.7,3.8,5.5,5.9,5.9,5.4,5.1,4.3,4.1,3.3,2.4,2,2.8,2.3,2.3,1.1
48,橋頭,11,風向,WIND_DIREC,degrees,1996-05-18,43,28,26,17,46,57,117,113,233,258,254,253,253,255,255,258,261,254,262,253,253,255,267,264
48,橋頭,14,溫度,AMB_TEMP,℃,1996-05-18,23.4,23,23.2,23.3,23,22.8,23.9,26.3,28,27,27.8,28.1,27.7,27.6,27.7,27.4,26.8,26,25.3,24.9,24.8,24.6,24.5,24.3
48,橋頭,21,酸雨,PH_RAIN,pH,1996-05-18,0,0,0,0,0,0,0,0,0,0,0,0,0,0,0,0,0,0,0,0,0,0,0,0
48,橋頭,22,導電度,RAIN_COND,μmho/cm,1996-05-18,0,0,0,0,0,0,0,0,0,0,0,0,0,0,0,0,0,0,0,0,0,0,0,0
48,橋頭,31,甲烷,CH4,ppm,1996-05-18,2.4,x,x,2.6,2.7,3,2.8,2.3,2.3,2.1,2,1.9,1.9,1.9,2,x,2.1,1.9,1.9,2,x,2,2.1,2.1
48,橋頭,32,降雨強度,RAIN_INT,㎜,1996-05-18,0,0,0,0,0,0,0,0,0,0,0,0,0,0,0,0,0,0,0,0,0,0,0,0
49,仁武,1,二氧化硫,SO2,ppb,1996-05-18,22,15,9.6,12,23,8.9,13,14,8.5,9.1,6.5,5.9,5.5,4.1,4.3,5.1,3.7,3,4.3,3.1,,x,x,x
49,仁武,2,一氧化碳,CO,ppm,1996-05-18,0.66,0.6,0.6,0.72,0.94,0.74,0.75,0.65,0.62,0.63,0.52,0.46,0.47,0.4,0.47,0.55,0.51,0.54,0.62,0.56,,x,x,x
49,仁武,3,臭氧,O3,ppb,1996-05-18,7.4,17,20,x,4.1,4.1,11,26,50,53,55,53,55,54,55,59,55,46,46,51,,x,x,x
49,仁武,4,懸浮微粒,PM10,μg/m3,1996-05-18,65,81,102,117,109,125,110,114,140,122,110,87,66,65,65,74,74,70,68,63,,x,x,x
49,仁武,5,氮氧化物,NOx,ppb,1996-05-18,47,x,39,49,58,43,x,26,15,19,17,14,13,9.8,12,16,14,17,23,16,,x,x,x
49,仁武,6,一氧化氮,NO,ppb,1996-05-18,6.7,x,8.3,12,20,14,x,4,0.9,1.1,1.3,1.2,1.1,0.7,1,0.9,0.5,0.4,0.2,0,,x,x,x
49,仁武,7,二氧化氮,NO2,ppb,1996-05-18,41,x,30,37,37,29,x,22,14,17,16,13,12,9.1,11,15,13,17,23,16,,x,x,x
49,仁武,8,總碳氫化合物,THC,ppm,1996-05-18,3.1,x,x,3.2,3.9,3.5,3.6,2.7,2.5,2.6,2.4,2.3,2.3,2.2,2.3,2.3,2.3,2.2,2.3,2.2,,x,x,x
49,仁武,9,非甲烷碳氫化合物,NMHC,ppm,1996-05-18,0.62,x,x,0.57,0.74,0.5,0.57,0.38,0.31,0.33,0.3,0.19,0.12,0.11,0.11,0.11,0.12,0.07,0.12,0.11,,x,x,x
49,仁武,10,風速,WIND_SPEED,m/sec,1996-05-18,0.4,0.1,0.4,0,0.7,0.8,0.4,1.5,1.6,2.6,3.6,3.8,4.5,4.8,4.6,4.4,4,3.4,2.7,2.8,,x,x,x
49,仁武,11,風向,WIND_DIREC,degrees,1996-05-18,54,101,298,888,343,98,129,136,160,179,223,232,244,240,233,287,269,273,274,268,,x,x,x
49,仁武,14,溫度,AMB_TEMP,℃,1996-05-18,24.4,24.3,24.7,24.3,23.8,23.2,24.6,27.5,29.5,29.4,29.8,29.7,29.4,29.1,28.9,28.3,27.2,26.2,25.5,25.2,,x,x,x
49,仁武,31,甲烷,CH4,ppm,1996-05-18,2.5,x,x,2.6,3.1,3,3,2.3,2.2,2.2,2.1,2.1,2.2,2.1,2.1,2.2,2.2,2.2,2.1,2.1,,x,x,x
50,鳳山,1,二氧化硫,SO2,ppb,1996-05-18,7.6,5.1,6.8,7.7,10,14,24,13,11,15,8.3,7.9,7.4,7,10,9,7.4,6.2,5.3,6,5.4,4.4,4.3,3.6
50,鳳山,2,一氧化碳,CO,ppm,1996-05-18,0.48,0.38,0.39,0.5,0.6,0.65,0.69,0.77,0.97,1.09,0.88,0.89,0.77,0.66,0.69,0.7,0.96,1.03,1.1,1.11,0.96,1.08,1.03,0.77
50,鳳山,3,臭氧,O3,ppb,1996-05-18,50,47,43,29,16,7.3,15,33,47,45,45,53,64,68,74,75,73,62,54,57,60,60,58,57
50,鳳山,4,懸浮微粒,PM10,μg/m3,1996-05-18,82,85,86,84,96,121,146,162,164,156,124,104,87,84,85,88,91,100,101,91,83,80,85,89
50,鳳山,5,氮氧化物,NOx,ppb,1996-05-18,14,9.9,13,18,29,34,x,25,27,34,30,28,20,17,23,22,24,25,26,27,24,25,25,20
50,鳳山,6,一氧化氮,NO,ppb,1996-05-18,0.1,0.1,0,0,1.1,1.9,x,2.7,3,4.2,4.6,3.5,1.6,1.4,1.5,1.1,0.9,0.8,0.5,0.4,0.3,0.3,0.2,0.2
50,鳳山,7,二氧化氮,NO2,ppb,1996-05-18,14,9.8,13,18,28,33,x,23,24,30,25,25,18,16,21,21,23,24,26,26,24,25,24,20
50,鳳山,10,風速,WIND_SPEED,m/sec,1996-05-18,1.9,2.1,1.7,0.6,0.3,0.5,0.5,1,0.6,1.5,2.1,2.5,3.7,3.9,4.1,3.4,2.7,2.5,2,2,1.9,2.1,1.6,0.7
50,鳳山,11,風向,WIND_DIREC,degrees,1996-05-18,243,244,242,258,359,27,88,105,135,205,203,218,242,242,241,242,242,243,242,241,242,244,243,300
50,鳳山,14,溫度,AMB_TEMP,℃,1996-05-18,25.3,25.2,25.2,25.1,24.6,24,25,27,29.6,30,30.5,29.9,29.6,29,28.6,27.9,27.5,26.7,25.9,25.6,25.5,25.4,25.2,24.9
51,大寮,1,二氧化硫,SO2,ppb,1996-05-18,8.9,6.9,12,6.2,4.9,8.2,15,6.5,7,11,3.8,3.7,5.3,6.7,12,13,32,28,26,10,12,8.3,4.7,4
51,大寮,2,一氧化碳,CO,ppm,1996-05-18,0.38,0.36,0.58,0.52,0.51,0.65,0.72,0.65,0.55,0.49,0.4,0.33,0.29,0.31,0.41,0.5,0.82,0.89,0.9,0.63,0.71,0.7,0.66,0.57
51,大寮,3,臭氧,O3,ppb,1996-05-18,50,47,35,x,12,6.9,14,29,47,77,63,59,64,74,73,72,60,63,53,66,64,69,66,62
51,大寮,4,懸浮微粒,PM10,μg/m3,1996-05-18,29,53,57,52,75,100,131,147,135,118,102,83,79,64,61,61,66,62,79,96,93,97,98,98
51,大寮,5,氮氧化物,NOx,ppb,1996-05-18,13,9.2,17,19,18,23,x,17,12,13,5.8,5.5,5.6,6.3,11,13,38,38,40,18,21,18,16,13
51,大寮,6,一氧化氮,NO,ppb,1996-05-18,0,0,0,0.1,0.3,1.8,x,1.9,1,0.4,0.1,0.3,0.3,0.3,0.7,0.8,1.9,0.6,0.2,0.1,0.1,0,0.1,0.1
51,大寮,7,二氧化氮,NO2,ppb,1996-05-18,13,9.2,17,19,17,21,x,15,11,13,5.7,5.2,5.3,6,11,13,36,37,40,18,21,18,16,13
51,大寮,10,風速,WIND_SPEED,m/sec,1996-05-18,0.9,0.5,0.4,1.3,0.9,0,0.5,0.8,0.9,1.5,2.7,3.2,3.6,4.2,3.7,3.3,2.4,2.1,1.3,1.1,0.9,1.3,0.5,0
51,大寮,11,風向,WIND_DIREC,degrees,1996-05-18,255,302,257,66,81,46,50,92,102,188,205,204,204,228,228,235,269,280,276,273,283,290,288,888
51,大寮,14,溫度,AMB_TEMP,℃,1996-05-18,24.9,24.7,24.8,23.8,23.4,23.4,24.5,25.5,26.9,28.2,29,29,29,28.5,28.3,27.7,27.2,26.2,25.3,25.1,25.1,24.9,24.5,24.2
52,林園,1,二氧化硫,SO2,ppb,1996-05-18,0.7,0.1,0.1,1.4,4.5,9.5,7.3,8,9.9,5.8,3.3,2.6,1.9,5.1,4.7,4.6,4.9,4.6,3.1,1.6,2.1,2.4,1.9,0.3
52,林園,2,一氧化碳,CO,ppm,1996-05-18,0.26,0.24,0.23,0.27,0.39,0.43,0.46,0.46,0.48,0.42,0.37,0.34,0.33,0.4,0.38,0.36,0.4,0.47,0.35,0.2,0.19,0.17,0.15,0.06
52,林園,3,臭氧,O3,ppb,1996-05-18,56,48,48,x,36,27,24,30,49,62,65,60,62,86,86,77,86,101,100,95,x,x,x,54
52,林園,4,懸浮微粒,PM10,μg/m3,1996-05-18,40,46,26,32,59,74,99,131,134,138,113,110,97,79,77,78,78,89,91,110,102,106,111,96
52,林園,5,氮氧化物,NOx,ppb,1996-05-18,2.3,1.9,2.2,2.9,8.9,14,x,17,14,9.2,6,4.7,4.1,5.3,5.7,5.5,7.3,7.6,22,5.4,5.1,5,4,4.2
52,林園,6,一氧化氮,NO,ppb,1996-05-18,0.1,0.1,0.1,0.1,0.1,x,x,x,x,x,x,x,0.1,0.1,0.1,0.1,0.2,0.1,14,0.1,x,x,x,x
52,林園,7,二氧化氮,NO2,ppb,1996-05-18,2.2,1.8,2.1,2.8,8.7,13,x,15,13,8.8,5.8,4.6,4,5.2,5.6,5.3,7.1,7.5,8.1,5.4,5,4.9,4,4.2
52,林園,8,總碳氫化合物,THC,ppm,1996-05-18,1.9,x,2.9,1.7,1.9,2.2,2.3,2.4,2.1,2,1.9,1.8,1.7,1.7,2.9,3.7,3.1,2.1,2,1.9,1.9,1.9,1.7,1.8
52,林園,9,非甲烷碳氫化合物,NMHC,ppm,1996-05-18,0,x,1.21,0.01,0.04,0.12,0.1,0.14,0.08,0.06,0.05,0.03,0.02,0.02,1,1.71,1.06,0.13,0.07,0.03,0.06,0.08,0.04,0.02
52,林園,10,風速,WIND_SPEED,m/sec,1996-05-18,2,2,2.8,1.7,1.2,0.7,0.9,0.3,0.3,0.7,0.7,1.3,2.2,3,2.9,3.2,3,2.4,1.8,1.6,1.5,1.6,1.3,0.3
52,林園,11,風向,WIND_DIREC,degrees,1996-05-18,256,249,247,255,289,296,70,93,164,164,176,203,229,238,240,242,254,268,267,265,269,271,270,147
52,林園,14,溫度,AMB_TEMP,℃,1996-05-18,25.4,25.5,25.6,25.3,25,24.8,24.6,25.4,26.5,27.9,28.2,28.2,27.8,27.4,27.5,27.2,26.9,26,25.3,25.4,25.4,25.3,25.1,25.3
52,林園,31,甲烷,CH4,ppm,1996-05-18,1.9,x,1.6,1.7,1.9,2.1,2.3,2.3,2,1.9,1.8,1.7,1.7,1.7,1.9,2,2,2,1.9,1.9,1.8,1.8,1.7,1.8
53,楠梓,1,二氧化硫,SO2,ppb,1996-05-18,13,8.8,8,8.1,7,7.6,12,26,23,15,9.2,9.1,7.5,7.2,7.7,3.7,2.6,3.3,3,2.9,3.7,2.8,2.6,2.2
53,楠梓,2,一氧化碳,CO,ppm,1996-05-18,0.5,0.49,0.5,0.56,0.68,0.63,0.73,0.68,0.72,0.74,0.56,0.44,0.38,0.38,0.36,0.36,0.38,0.45,0.47,0.44,0.43,0.44,0.4,0.36
53,楠梓,3,臭氧,O3,ppb,1996-05-18,3.4,2.6,1.8,x,1.4,2,6,17,28,54,56,53,62,72,74,73,62,62,69,69,68,66,67,65
53,楠梓,4,懸浮微粒,PM10,μg/m3,1996-05-18,128,128,116,112,121,117,122,126,131,114,125,113,90,79,78,78,81,76,71,73,67,53,65,62
53,楠梓,5,氮氧化物,NOx,ppb,1996-05-18,38,36,37,41,45,63,x,53,55,40,36,23,14,12,13,11,11,13,14,11,9.4,12,11,9.3
53,楠梓,6,一氧化氮,NO,ppb,1996-05-18,3.2,4.5,6.7,10,15,32,x,13,10,1.9,4.4,3,1.2,0.8,0.9,0.7,0.6,0.5,x,x,x,x,x,x
53,楠梓,7,二氧化氮,NO2,ppb,1996-05-18,35,31,30,31,30,31,x,40,45,38,32,20,13,12,13,11,11,13,14,11,9.3,12,11,9.3
53,楠梓,8,總碳氫化合物,THC,ppm,1996-05-18,2.6,2.7,2.6,2.6,2.8,2.7,2.9,2.7,2.6,4.9,2.4,2.2,2.2,2.1,2.1,2.5,2.4,2.5,3.2,2.9,x,2.4,3.3,x
53,楠梓,9,非甲烷碳氫化合物,NMHC,ppm,1996-05-18,0.24,0.29,0.05,0.16,0.31,0.17,0.32,0.28,0.4,0.49,0.2,0.08,0.1,0.02,0.03,0.13,0.17,0.22,0.3,0.17,x,0.14,0.63,0.8
53,楠梓,10,風速,WIND_SPEED,m/sec,1996-05-18,0.5,0.5,0.3,0.1,0,0.1,0.4,1,1.3,1.5,2.3,3.1,4,3.8,3.9,3.5,3.2,2.8,1.9,2,2.3,1.6,1.9,1.1
53,楠梓,11,風向,WIND_DIREC,degrees,1996-05-18,30,27,17,347,46,67,105,96,195,240,219,229,245,244,238,244,246,242,247,249,237,243,248,256
53,楠梓,14,溫度,AMB_TEMP,℃,1996-05-18,23.6,22.9,23.1,23.3,22.9,23.2,24.6,26.6,27.7,27.4,30,30.2,29.3,28.8,28.7,28,27.3,26.4,25.8,25.7,25.6,25.3,25.1,24.6
53,楠梓,31,甲烷,CH4,ppm,1996-05-18,2.3,2.4,2.6,2.5,2.5,2.6,2.6,2.4,2.2,4.4,2.2,2.1,2.1,2.1,2.1,2.4,2.2,2.3,2.9,2.7,x,2.3,2.7,x
54,左營,1,二氧化硫,SO2,ppb,1996-05-18,17,6.2,17,27,23,14,26,21,14,10,5.6,6.3,4.2,4,6.1,5.1,4,3.7,3.9,3.7,2.9,2.9,3.1,2.3
54,左營,2,一氧化碳,CO,ppm,1996-05-18,0.59,0.48,0.64,0.67,0.69,0.82,0.91,0.99,1.14,0.53,0.44,0.48,0.45,0.41,0.45,0.47,0.43,0.5,0.55,0.49,0.42,0.47,0.43,0.38
54,左營,3,臭氧,O3,ppb,1996-05-18,25,41,13,x,6.2,8.8,12,28,57,65,64,70,70,76,100,102,91,84,88,88,83,79,79,77
54,左營,4,懸浮微粒,PM10,μg/m3,1996-05-18,44,76,70,92,107,107,107,104,107,115,90,78,68,61,55,69,67,59,61,61,61,61,51,46
54,左營,5,氮氧化物,NOx,ppb,1996-05-18,29,14,29,45,37,34,x,46,40,21,12,13,10,8.3,7.7,7.1,6.4,7.4,8.5,7.4,6.3,8.4,7,5.9
54,左營,6,一氧化氮,NO,ppb,1996-05-18,0.5,0,0.3,10,5.7,6.1,x,9.8,3.9,1.7,0.8,0.9,0.6,0.3,0.1,0,0,0,0,0,0,0,0,0
54,左營,7,二氧化氮,NO2,ppb,1996-05-18,28,14,29,35,31,28,x,36,36,19,12,13,9.8,8,7.7,7.1,6.3,7.4,8.4,7.4,6.3,8.4,7,5.9
54,左營,8,總碳氫化合物,THC,ppm,1996-05-18,2.6,2.2,2.8,2.8,2.9,2.9,3.5,2.8,2.9,2.4,2.2,2.2,2.2,2.2,2.2,2.2,2.2,2.2,2.3,2.2,2.2,2.2,2.2,2.1
54,左營,9,非甲烷碳氫化合物,NMHC,ppm,1996-05-18,0.25,0.06,0.16,0.36,0.35,0.36,0.85,0.53,0.61,0.21,0.13,0.11,0.11,0.12,0.1,0.1,0.11,0.09,0.14,0.1,0.05,0.08,0.14,0.09
54,左營,10,風速,WIND_SPEED,m/sec,1996-05-18,0.5,0.4,0.4,0.6,0.9,x,0.7,1,0.9,3,3.2,3.4,4.1,3.8,3.4,3.3,2.9,2.2,1.8,1.6,1.7,1.2,1.7,1.3
54,左營,11,風向,WIND_DIREC,degrees,1996-05-18,315,275,308,312,347,75,99,112,888,213,206,202,210,220,264,273,262,260,263,252,236,242,263,264
54,左營,14,溫度,AMB_TEMP,℃,1996-05-18,24.8,24.8,24.4,24.1,23.7,23.8,24.7,26.6,27.7,28.6,28.5,28.7,28.5,28.5,28,27.1,27,26.5,25.7,25.5,25.2,25.1,24.9,24.7
54,左營,31,甲烷,CH4,ppm,1996-05-18,2.4,2.1,2.6,2.5,2.5,2.5,2.6,2.3,2.3,2.2,2.1,2.1,2.1,2,2.1,2.1,2.1,2.1,2.1,2.2,2.1,2.1,2.1,2
56,前金,1,二氧化硫,SO2,ppb,1996-05-18,4.3,4,19,11,13,22,21,15,19,12,12,11,8.6,7.1,7.2,6.6,5.4,5,4.9,4.7,3.7,3.6,3.1,2.8
56,前金,2,一氧化碳,CO,ppm,1996-05-18,0.51,0.46,0.62,0.63,0.7,0.74,0.89,1.27,0.89,0.66,0.67,0.69,0.66,0.61,0.58,0.62,0.63,0.71,0.65,0.67,0.63,0.68,0.6,0.53
56,前金,3,臭氧,O3,ppb,1996-05-18,54,48,20,x,4,4.1,10,28,43,57,65,73,75,84,91,93,86,73,73,74,73,72,71,69
56,前金,4,懸浮微粒,PM10,μg/m3,1996-05-18,85,80,74,95,130,134,142,127,147,134,123,120,119,102,83,70,80,86,87,79,82,68,69,69
56,前金,5,氮氧化物,NOx,ppb,1996-05-18,8.8,8.1,26,24,32,33,x,42,38,18,14,14,11,9.2,10,11,10,12,12,12,8.1,9.3,7.5,6.7
56,前金,6,一氧化氮,NO,ppb,1996-05-18,0,0,0.1,0.2,2.1,2.9,x,6.2,4.7,1.1,0.3,0.2,0.1,0,0.1,0.2,0.3,0.3,0.2,0.2,x,x,x,x
56,前金,7,二氧化氮,NO2,ppb,1996-05-18,8.8,8.1,26,24,30,30,x,36,33,17,13,14,11,9.1,9.9,10,10,12,11,12,8.1,9.3,7.4,6.6
56,前金,10,風速,WIND_SPEED,m/sec,1996-05-18,1.3,1.4,0.7,0.8,0.8,0.1,0.4,0.2,1.7,2.3,2.6,3,3,3.4,3.1,2.8,2.5,2.1,2.1,1.6,1.7,1.9,1.7,1.5
56,前金,11,風向,WIND_DIREC,degrees,1996-05-18,209,218,327,322,350,7,301,888,197,206,209,206,216,235,232,248,252,254,258,239,235,238,253,274
56,前金,14,溫度,AMB_TEMP,℃,1996-05-18,25.2,25.2,24.5,24.1,23.7,23.5,24.5,26.8,28.1,28.6,28.2,28.5,28.8,28.4,28.3,28,27.2,26.5,25.4,25.2,25.2,25.1,24.7,24.4
57,前鎮,1,二氧化硫,SO2,ppb,1996-05-18,6.3,4.2,7.4,11,9.1,15,13,16,57,37,27,27,18,11,11,11,10,8.7,8.4,6.8,6,7.1,6.6,5
57,前鎮,4,懸浮微粒,PM10,μg/m3,1996-05-18,78,71,68,78,95,108,121,113,131,122,115,115,127,118,108,110,108,108,117,104,102,89,88,73
57,前鎮,5,氮氧化物,NOx,ppb,1996-05-18,14,10,21,19,23,31,x,44,54,43,55,54,43,31,51,46,45,53,40,37,38,29,26,13
57,前鎮,6,一氧化氮,NO,ppb,1996-05-18,0.9,0.3,2.5,0.5,0.4,1.9,x,6.3,15,8.5,14,10,7.8,4.2,9.4,7.3,6,9.5,5.8,4.1,5.4,2.4,2.1,0.2
57,前鎮,7,二氧化氮,NO2,ppb,1996-05-18,13,9.7,19,19,23,29,x,38,38,35,41,43,35,26,41,39,39,43,34,33,32,27,24,12
57,前鎮,8,總碳氫化合物,THC,ppm,1996-05-18,1.9,x,2.3,2.2,2.5,2.7,2.7,3.1,3.6,2.7,2.3,2.3,x,2.3,2.2,2.3,2.3,2.1,2.1,2,2.1,2.2,2.2,2
57,前鎮,9,非甲烷碳氫化合物,NMHC,ppm,1996-05-18,0.01,x,0.09,0.07,0.18,0.14,0.34,0.5,1.38,0.43,0.2,0.16,x,0.15,0.05,0.08,0.12,0.07,0.06,0.04,0.01,0.02,0.02,0
57,前鎮,14,溫度,AMB_TEMP,℃,1996-05-18,24.8,24.6,24.4,24.1,23.8,23.5,24.4,25.7,27.1,27.5,27.2,27.1,27.1,27,26.8,26.8,26.4,25.8,25,24.7,24.7,24.7,24.4,24.1
57,前鎮,31,甲烷,CH4,ppm,1996-05-18,1.9,x,2.2,2.2,2.3,2.5,2.3,2.6,2.3,2.3,2.1,2.2,x,2.1,2.1,2.2,2.2,2.1,2,2,2.1,2.2,2.1,2
58,小港,1,二氧化硫,SO2,ppb,1996-05-18,5,6.5,6.3,9.2,14,10,13,18,25,32,16,18,12,7.9,6.4,6.5,6.1,5.2,4.2,4.6,4.5,3.7,3.2,4.3
58,小港,2,一氧化碳,CO,ppm,1996-05-18,0.39,0.31,0.32,0.44,0.55,0.62,0.84,0.86,0.77,0.42,0.4,0.44,0.43,0.39,0.4,0.44,0.49,0.49,0.46,0.44,0.47,0.43,0.37,0.38
58,小港,3,臭氧,O3,ppb,1996-05-18,56,44,46,25,14,8.8,11,29,44,47,54,59,78,79,84,90,98,88,77,x,x,x,x,67
58,小港,4,懸浮微粒,PM10,μg/m3,1996-05-18,81,91,77,66,77,97,115,118,135,134,125,112,114,113,102,95,91,92,89,82,81,81,78,65
58,小港,5,氮氧化物,NOx,ppb,1996-05-18,7.9,16,12,21,34,35,x,37,37,38,20,21,11,11,11,13,12,11,12,11,11,9.5,8.4,11
58,小港,6,一氧化氮,NO,ppb,1996-05-18,0.1,0.1,0.1,0.2,1.3,2.9,x,4.9,5.4,6.7,2.8,3.7,0.4,0.5,0.4,0.4,0.1,0,0,0,0,0,0.1,0.1
58,小港,7,二氧化氮,NO2,ppb,1996-05-18,7.9,16,11,20,33,32,x,32,32,32,17,17,11,10,11,13,12,11,12,11,11,9.4,8.3,11
58,小港,8,總碳氫化合物,THC,ppm,1996-05-18,1.9,1.8,1.9,2.2,2.5,3,3.2,2.6,2.8,2.7,2.2,2.1,2.1,2,2,2.1,2.2,2.1,2.1,2.1,2.1,2,2,2
58,小港,9,非甲烷碳氫化合物,NMHC,ppm,1996-05-18,0,0,0,0.09,0.22,0.2,0.37,0.23,0.51,0.59,0.14,0.04,0.04,0.02,0,0,0.02,0.02,0.02,0,0,0.01,0.01,0.02
58,小港,10,風速,WIND_SPEED,m/sec,1996-05-18,2.5,2.8,2.4,1.7,1.1,1,1.3,0.7,1.9,2.4,3.1,3.3,3.6,4.3,4.1,3.5,3.2,3.2,2.6,2.6,2.3,2.7,2.3,2.2
58,小港,11,風向,WIND_DIREC,degrees,1996-05-18,244,247,250,289,321,47,47,888,192,190,220,218,215,243,243,259,267,269,265,257,261,266,264,284
58,小港,14,溫度,AMB_TEMP,℃,1996-05-18,24.8,24.8,24.7,24.6,24.3,24.1,24.6,26.7,27.4,28.8,29,28.9,28.7,28.6,28.2,27.7,26.8,25.8,25.1,24.9,25,24.9,24.7,24.6
58,小港,21,酸雨,PH_RAIN,pH,1996-05-18,0,0,0,0,0,0,0,0,0,0,0,0,0,0,0,0,0,0,0,0,0,0,0,0
58,小港,22,導電度,RAIN_COND,μmho/cm,1996-05-18,0,0,0,0,0,0,0,0,0,0,0,0,0,0,0,0,0,0,0,0,0,0,0,0
58,小港,31,甲烷,CH4,ppm,1996-05-18,1.9,1.9,1.9,2.1,2.3,2.8,2.9,2.4,2.3,2.1,2.1,2.1,2,2,2,2.1,2.2,2.1,2.1,2.1,2.1,2,2,2
58,小港,32,降雨強度,RAIN_INT,㎜,1996-05-18,0,0,0,0,0,0,0,0,0,0,0,0,0,0,0,0,0,0,0,0,0,0,0,0
59,屏東,1,二氧化硫,SO2,ppb,1996-05-18,4.8,2.9,2.2,1.4,1.9,1.2,2.1,2.7,1,0.8,1.4,0.8,2.8,1.7,0.9,0.9,1.6,1.5,1.8,1.9,1.7,1.2,1.4,1.4
59,屏東,2,一氧化碳,CO,ppm,1996-05-18,0.5,0.59,0.54,0.53,0.58,0.62,0.76,0.77,0.56,0.57,0.75,0.73,0.82,0.55,0.43,0.49,0.56,0.7,0.8,0.86,0.8,0.86,0.77,0.63
59,屏東,3,臭氧,O3,ppb,1996-05-18,5.8,4.5,5.8,x,4.5,1.6,2.1,7.5,19,20,33,30,26,29,37,42,41,36,31,25,26,24,31,30
59,屏東,4,懸浮微粒,PM10,μg/m3,1996-05-18,116,150,158,157,145,142,139,143,127,113,110,110,93,91,92,88,85,95,103,104,101,107,112,112
59,屏東,5,氮氧化物,NOx,ppb,1996-05-18,31,25,21,22,25,26,x,24,7.2,8.6,14,12,14,11,8.2,8.8,10,12,14,14,14,14,11,11
59,屏東,6,一氧化氮,NO,ppb,1996-05-18,3.7,3.1,2.5,3.1,5.4,6.8,x,3.9,0.9,0.9,1,0.8,1.7,1.6,1.6,1.4,1.5,1.6,1.6,1.7,1.2,1.3,1.7,2
59,屏東,7,二氧化氮,NO2,ppb,1996-05-18,27,22,19,19,20,19,x,20,6.4,7.7,13,11,12,9.8,6.6,7.4,8.7,10,12,13,12,13,9.6,8.7
59,屏東,8,總碳氫化合物,THC,ppm,1996-05-18,2.7,x,x,3,3.2,3.5,3.6,3.1,2.5,2.4,2.5,2.5,2.5,2.3,2.2,2.4,2.5,2.6,2.8,2.9,2.7,2.7,2.8,2.8
59,屏東,9,非甲烷碳氫化合物,NMHC,ppm,1996-05-18,0.22,x,x,0.25,0.29,0.29,0.36,0.37,0.19,0.14,0.25,0.33,0.3,0.11,0.07,0.18,0.24,0.32,0.36,0.45,0.33,0.34,0.25,0.18
59,屏東,10,風速,WIND_SPEED,m/sec,1996-05-18,0.7,0.4,0.3,0.2,0,0.1,0,0.4,1.1,1.4,2.1,3,3.6,4.2,4,3.7,3,2.1,1.6,1.6,1.6,0.8,0.8,0.9
59,屏東,11,風向,WIND_DIREC,degrees,1996-05-18,345,50,46,58,49,331,999,58,157,197,201,210,240,246,243,244,246,251,245,250,251,268,288,304
59,屏東,14,溫度,AMB_TEMP,℃,1996-05-18,24.7,24.3,24.4,24.2,24.2,23.7,24.6,26.9,28,29,29.2,30,29.2,29.1,28.8,28.2,27.2,26.6,26.2,25.8,25.5,25.5,25.2,25
59,屏東,31,甲烷,CH4,ppm,1996-05-18,2.5,x,x,2.8,2.9,3.2,3.3,2.8,2.4,2.3,2.2,2.2,2.2,2.2,2.2,2.2,2.3,2.3,2.4,2.4,2.3,2.4,2.5,2.6
60,潮州,1,二氧化硫,SO2,ppb,1996-05-18,1.3,2.8,6.5,6.2,5.1,4.6,5.2,5.5,9.4,7,2.6,1.7,1.2,1.3,2.8,3.1,2.3,3.9,8.6,5.9,3.7,4.5,1.6,1.7
60,潮州,2,一氧化碳,CO,ppm,1996-05-18,0.35,0.35,0.48,0.45,0.43,0.41,0.46,0.38,0.44,x,0.34,0.32,0.3,0.32,0.35,0.37,0.37,0.42,0.55,0.51,0.48,0.49,0.43,0.42
60,潮州,3,臭氧,O3,ppb,1996-05-18,33,41,27,x,17,22,26,45,51,64,60,57,53,56,69,77,72,72,79,79,77,69,43,33
60,潮州,4,懸浮微粒,PM10,μg/m3,1996-05-18,33,22,47,85,107,109,118,114,111,103,106,79,77,66,65,61,74,74,77,104,106,100,100,82
60,潮州,5,氮氧化物,NOx,ppb,1996-05-18,15,13,22,21,22,17,x,7.3,12,7.9,4.9,4.4,4.2,4.2,4.9,5.8,5.2,9.3,15,11,8.6,11,13,16
60,潮州,6,一氧化氮,NO,ppb,1996-05-18,3.9,3.7,3.9,3.9,4.1,3.7,x,0.2,0.7,0.2,0.1,0.1,0.1,0.1,0.1,0.1,0,0.1,0,0,0,0,0.1,0.3
60,潮州,7,二氧化氮,NO2,ppb,1996-05-18,11,9.6,18,17,18,13,x,7.1,11,7.6,4.8,4.3,4.1,4.1,4.9,5.7,5.1,9.2,15,11,8.6,11,13,15
60,潮州,10,風速,WIND_SPEED,m/sec,1996-05-18,0.7,0.3,0.5,0.6,0.4,0.1,0.3,0.3,0.5,0.6,1.6,2.8,3.2,3.3,3.3,2.9,2.4,1.7,1,1.2,0.8,0.4,0.5,0.7
60,潮州,11,風向,WIND_DIREC,degrees,1996-05-18,326,4,13,15,37,74,50,90,176,193,235,224,238,231,229,247,252,252,268,276,269,246,218,16
60,潮州,14,溫度,AMB_TEMP,℃,1996-05-18,25,25,24.6,24.4,24,24,25.1,26.3,27.2,28.3,29.2,29.3,29.4,29.5,28.5,28.1,27.3,26.3,25.9,25.7,25.5,25.2,24.6,24.3
61,恆春,1,二氧化硫,SO2,ppb,1996-05-18,0,0,0,0,0.1,0,0,0,0,0,0,0,0,0,0,0,0,0,0,0,0,0,0,0
61,恆春,2,一氧化碳,CO,ppm,1996-05-18,0.18,0.17,0.18,0.17,0.17,0.16,0.16,0.18,0.18,0.19,0.19,0.19,0.19,0.18,0.18,0.17,0.16,0.17,0.16,0.17,0.15,0.16,0.16,0.16
61,恆春,3,臭氧,O3,ppb,1996-05-18,58,55,55,x,51,50,51,60,60,62,61,61,62,62,60,60,61,60,60,58,58,58,56,58
61,恆春,4,懸浮微粒,PM10,μg/m3,1996-05-18,46,47,45,58,36,32,31,36,25,32,32,39,37,41,42,43,43,41,37,33,37,34,34,30
61,恆春,5,氮氧化物,NOx,ppb,1996-05-18,0,0,0,0,0,0,x,0,0,0,0.1,0,0,0,0,0,0,0,0,0,0,0,0.1,0.1
61,恆春,6,一氧化氮,NO,ppb,1996-05-18,0,0,0,0,0,0,x,0,0,0,0,0,0,0,0,0,0,0,0,0,0,0,0,0
61,恆春,7,二氧化氮,NO2,ppb,1996-05-18,x,0,0,0,0,0,x,0,0,0,0.1,0,0,0,0,0,0,0,0,0,0,0,0.1,0.1
61,恆春,10,風速,WIND_SPEED,m/sec,1996-05-18,7.9,6.5,6.2,6,5.7,6.1,6.1,7.5,7.1,7.1,7.9,8.3,6.6,6.9,7.7,7.2,7.3,7.4,7.3,6.3,6,6.5,7.1,6.3
61,恆春,11,風向,WIND_DIREC,degrees,1996-05-18,35,27,23,25,26,27,26,32,25,30,36,32,43,51,56,48,46,35,40,39,30,33,35,40
61,恆春,14,溫度,AMB_TEMP,℃,1996-05-18,22.8,22.9,22.9,22.6,22.4,22.5,22.9,23.8,24.9,25.8,25.6,26,27,26.3,26.2,25,24.1,23.3,22.9,22.3,22.3,22.3,22.3,22.3
61,恆春,21,酸雨,PH_RAIN,pH,1996-05-18,0,0,0,0,0,0,0,0,0,0,0,0,0,0,0,0,0,0,0,0,0,0,0,0
61,恆春,22,導電度,RAIN_COND,μmho/cm,1996-05-18,0,0,0,0,0,0,0,0,0,0,0,0,0,0,0,0,0,0,0,0,0,0,0,0
61,恆春,32,降雨強度,RAIN_INT,㎜,1996-05-18,0,0,0,0,0,0,0,0,0,0,0,0,0,0,0,0,0,0,0,0,0,0,0,0
62,臺東,1,二氧化硫,SO2,ppb,1996-05-18,0.2,0.1,0.1,0.2,0.1,0.2,0.4,0.6,1.3,1.5,1.6,1.3,1.1,0.8,1,1.5,1.5,1.3,0.6,0.5,0.8,0.9,0.5,0.3
62,臺東,2,一氧化碳,CO,ppm,1996-05-18,0.39,0.29,0.27,0.27,0.26,0.28,0.43,0.6,0.93,0.85,0.9,0.7,0.68,0.51,0.55,0.76,0.66,0.57,0.56,0.61,0.78,0.77,0.58,0.42
62,臺東,3,臭氧,O3,ppb,1996-05-18,39,40,40,40,40,40,34,32,32,44,45,48,47,47,48,46,44,45,42,40,34,32,35,40
62,臺東,4,懸浮微粒,PM10,μg/m3,1996-05-18,23,27,36,27,26,30,32,25,36,38,47,58,60,54,55,65,59,51,60,34,40,33,42,36
62,臺東,5,氮氧化物,NOx,ppb,1996-05-18,4.2,3.2,2.9,3.1,2.8,3.2,x,9.5,16,15,17,14,14,11,12,15,14,11,9.1,9.9,16,17,11,6.4
62,臺東,6,一氧化氮,NO,ppb,1996-05-18,0.4,0.4,0.2,0.1,0.2,0.2,x,1.1,2.7,2.7,3.6,3.8,3.5,2.1,2.3,2.8,2.3,1.6,0.8,1,2.3,3.2,1.1,0.7
62,臺東,7,二氧化氮,NO2,ppb,1996-05-18,3.8,2.8,2.7,2.9,2.6,3.1,x,8.4,13,12,14,10,11,8.4,9.5,12,12,9.4,8.3,8.9,14,14,9.5,5.7
62,臺東,8,總碳氫化合物,THC,ppm,1996-05-18,2,x,x,2.1,2.1,2.1,2.3,2.3,2.6,2.4,2.5,2.4,2.3,2.2,2.3,2.3,2.3,2.2,2.2,2.3,2.3,2.4,2.3,2.2
62,臺東,9,非甲烷碳氫化合物,NMHC,ppm,1996-05-18,0.01,x,x,0.02,0.01,0.01,0.1,0.13,0.43,0.24,0.31,0.19,0.13,0.09,0.14,0.2,0.16,0.12,0.08,0.16,0.19,0.26,0.14,0.01
62,臺東,10,風速,WIND_SPEED,m/sec,1996-05-18,0.8,1,0.9,0.7,0.9,0.9,0.9,1.1,0.6,0.8,2,2.8,2.5,2.4,2.3,2,2,2.1,1.4,1.1,0.8,0.8,0.9,1.4
62,臺東,11,風向,WIND_DIREC,degrees,1996-05-18,305,311,323,320,317,313,318,315,311,888,41,59,41,51,52,57,36,22,323,320,888,888,888,321
62,臺東,14,溫度,AMB_TEMP,℃,1996-05-18,22.3,22.2,22.2,22.2,22.1,22.1,22.2,22.6,23.8,25.3,25,25.8,25.3,24.9,24.6,24.5,24.1,23.9,22,21.4,21.9,22,22,21.7
62,臺東,21,酸雨,PH_RAIN,pH,1996-05-18,0,0,0,0,0,0,0,0,0,0,0,0,0,0,0,0,0,0,0,0,0,0,0,0
62,臺東,22,導電度,RAIN_COND,μmho/cm,1996-05-18,0,0,0,0,0,0,0,0,0,0,0,0,0,0,0,0,0,0,0,0,0,0,0,0
62,臺東,31,甲烷,CH4,ppm,1996-05-18,2,x,x,2.1,2,2.1,2.2,2.2,2.2,2.2,2.1,2.2,2.1,2.1,2.1,2.1,2.1,2.1,2.1,2.1,2.2,2.2,2.1,2.2
62,臺東,32,降雨強度,RAIN_INT,㎜,1996-05-18,0,0,0,0,0,0,0,0,0,0,0,0,0,0,0,0,0,0,0,0,0,0,0,0
63,花蓮,1,二氧化硫,SO2,ppb,1996-05-18,0.7,0.4,0.5,0.3,0.3,0.1,0.1,0.1,0.3,1,0.9,1.1,0.9,1.2,1,1.3,1.9,2.2,1.9,2,1.9,1.4,0.5,0.2
63,花蓮,2,一氧化碳,CO,ppm,1996-05-18,0.52,0.44,0.38,0.32,0.29,0.33,0.44,0.39,0.56,0.81,0.76,0.69,0.65,0.67,0.67,0.73,0.98,1.29,1.32,1.32,1.16,0.66,0.52,0.39
63,花蓮,3,臭氧,O3,ppb,1996-05-18,26,21,22,x,15,17,14,24,36,38,52,57,57,55,54,52,43,32,28,25,23,34,38,41
63,花蓮,4,懸浮微粒,PM10,μg/m3,1996-05-18,48,48,43,41,40,40,33,41,52,52,62,55,56,62,47,51,56,68,68,65,81,81,77,65
63,花蓮,5,氮氧化物,NOx,ppb,1996-05-18,11,9.1,7.5,6.8,5.9,6.4,x,6.3,15,24,20,16,15,17,17,16,27,41,43,39,35,16,11,6.1
63,花蓮,6,一氧化氮,NO,ppb,1996-05-18,0.5,0.4,0.3,0.3,0.1,0.4,x,0.9,3.1,3.8,2.8,2.3,1.9,1.5,1.4,0.7,2.8,6.7,7.1,6.5,4.9,1,0.6,0.2
63,花蓮,7,二氧化氮,NO2,ppb,1996-05-18,10,8.7,7.1,6.4,5.7,6,x,5.5,12,20,17,14,13,15,15,16,24,35,36,33,30,15,10,5.9
63,花蓮,8,總碳氫化合物,THC,ppm,1996-05-18,2.2,2.1,2.2,2.2,2.2,2.2,2.3,2.2,2.3,2.5,2.6,2.4,2.4,2.4,2.3,2.3,2.6,2.8,2.8,2.8,2.8,2.5,2.4,2.2
63,花蓮,9,非甲烷碳氫化合物,NMHC,ppm,1996-05-18,0.08,0.06,0.02,0.02,0.04,0.02,0.11,0.05,0.1,0.28,0.3,0.22,0.12,0.2,0.14,0.18,0.39,0.56,0.54,0.55,0.55,0.18,0.13,0.02
63,花蓮,14,溫度,AMB_TEMP,℃,1996-05-18,20.6,20.2,19.7,19.3,18.9,19,20.2,22,24,24.1,25.4,25.7,25.9,25.4,25.1,24.4,23.9,23.7,23.5,23,22.7,21.8,21.1,20.7
63,花蓮,21,酸雨,PH_RAIN,pH,1996-05-18,0,0,0,0,0,0,0,0,0,0,0,0,0,0,0,0,0,0,0,0,0,0,0,0
63,花蓮,22,導電度,RAIN_COND,μmho/cm,1996-05-18,0,0,0,0,0,0,0,0,0,0,0,0,0,0,0,0,0,0,0,0,0,0,0,0
63,花蓮,31,甲烷,CH4,ppm,1996-05-18,2.1,2.1,2.2,2.1,2.1,2.2,2.2,2.2,2.2,2.3,2.3,2.2,2.2,2.2,2.2,2.2,2.2,2.2,2.3,2.3,2.3,2.3,2.3,2.2
63,花蓮,32,降雨強度,RAIN_INT,㎜,1996-05-18,0,0,0,0,0,0,0,0,0,0,0,0,0,0,0,0,0,0,0,0,0,0,0,0
64,陽明,1,二氧化硫,SO2,ppb,1996-05-18,0.1,0.1,0.1,0.1,,x,x,1.4,1.3,1.5,1.3,1.4,1.2,1.3,1.2,1.3,1.2,1.2,1.1,1.2,1.2,6.6,2.8,5.4
64,陽明,2,一氧化碳,CO,ppm,1996-05-18,0.21,0.16,0.18,0.16,,x,x,0.18,0.22,0.23,0.23,0.23,0.22,0.22,0.21,0.23,0.24,0.24,0.25,0.24,0.24,0.23,0.23,0.22
64,陽明,3,臭氧,O3,ppb,1996-05-18,64,65,64,x,,x,x,65,63,64,63,62,62,63,63,63,60,59,60,61,60,56,59,61
64,陽明,4,懸浮微粒,PM10,μg/m3,1996-05-18,25,26,25,35,,x,1,10,22,23,23,23,29,27,35,33,37,52,54,47,47,41,32,25
64,陽明,5,氮氧化物,NOx,ppb,1996-05-18,0.6,0.7,0.8,0.5,,x,x,1.5,1.6,1.7,1.7,1.9,1.8,1.7,1.8,1.9,2.1,2.1,1.9,1.6,1.7,4.5,2.5,3.6
64,陽明,6,一氧化氮,NO,ppb,1996-05-18,0,0,0,0,,x,x,0.5,0.4,0.5,0.4,0.5,0.5,0.5,0.5,0.5,0.5,0.5,0.5,0.4,0.4,0.5,0.5,0.4
64,陽明,7,二氧化氮,NO2,ppb,1996-05-18,0.5,0.7,0.8,0.4,,x,x,1,1.1,1.2,1.2,1.4,1.4,1.2,1.4,1.4,1.5,1.7,1.4,1.2,1.3,4.1,2,3.2
64,陽明,10,風速,WIND_SPEED,m/sec,1996-05-18,1.3,1,0.9,1.7,1.6,1,3.4,0.7,2.7,1.1,2.2,1.8,4.3,3.4,4.1,4.3,3.9,2.7,3.6,1.9,1.5,2.7,4,5.3
64,陽明,11,風向,WIND_DIREC,degrees,1996-05-18,1000,1000,248,248,270,248,315,338,203,180,113,203,68,90,90,68,68,90,90,1000,1000,113,180,180
64,陽明,14,溫度,AMB_TEMP,℃,1996-05-18,13.5,13.9,13,12.9,,x,15.8,18,18.1,18.1,18.3,18.3,18.3,18.5,18.4,17.8,16.9,15.7,14.7,14.6,14.5,14.5,14.6,14.6
64,陽明,21,酸雨,PH_RAIN,pH,1996-05-18,0,0,0,0,,0,0,0,0,0,0,0,0,0,0,0,0,0,0,0,0,0,0,0
64,陽明,22,導電度,RAIN_COND,μmho/cm,1996-05-18,0,0,0,0,,0,0,0,0,0,0,0,0,0,0,0,0,0,0,0,0,0,0,0
64,陽明,32,降雨強度,RAIN_INT,㎜,1996-05-18,0,0,0,0,,0,0,0,0,0,0,0,0,0,0,0,0,0,0,0,0,0,0,0
64,陽明,38,相對濕度,RH,percent,1996-05-18,79,72,77,80,65,70,55,69,78,73,73,75,74,66,73,78,83,82,84,88,88,87,88,89
65,宜蘭,1,二氧化硫,SO2,ppb,1996-05-18,1.9,1,2.8,0.4,1.2,0.8,1.1,1.5,2.2,2,1,0.8,0.7,0.9,0.6,0.9,0.9,1.8,1.8,4.4,7.5,3.3,2.6,2.3
65,宜蘭,2,一氧化碳,CO,ppm,1996-05-18,0.46,0.36,0.36,0.34,0.36,0.38,0.46,0.67,0.61,0.46,0.44,0.44,0.5,0.4,0.43,0.46,0.46,0.62,0.72,0.95,1.18,1.24,0.72,0.78
65,宜蘭,3,臭氧,O3,ppb,1996-05-18,26,32,x,38,33,28,29,38,52,61,61,60,59,60,59,55,56,46,42,27,16,13,21,16
65,宜蘭,4,懸浮微粒,PM10,μg/m3,1996-05-18,45,25,23,22,27,28,28,26,30,48,51,42,52,65,67,69,66,54,54,75,66,63,63,51
65,宜蘭,5,氮氧化物,NOx,ppb,1996-05-18,11,7.5,8.9,6.9,6.8,7.8,x,16,14,10,9,9.2,10,8.2,8,12,9.3,23,23,25,32,35,17,21
65,宜蘭,6,一氧化氮,NO,ppb,1996-05-18,0,0,0,0,0,0.1,x,1.9,1.6,1,0.8,0.9,1.1,0.6,0.4,0.8,0.3,2.6,0.6,1,2.6,4.3,0.8,0.4
65,宜蘭,7,二氧化氮,NO2,ppb,1996-05-18,11,7.5,8.9,6.9,6.8,7.8,x,14,13,9.2,8.2,8.3,8.9,7.7,7.6,11,9,20,23,24,30,30,16,20
65,宜蘭,10,風速,WIND_SPEED,m/sec,1996-05-18,0.7,0.9,1.1,1.5,1,1.1,0.9,0.5,1.4,2.1,2.7,2.9,3.6,4.4,3.9,2.9,2.7,2.1,1.6,0.9,0.8,1,1.5,0.3
65,宜蘭,11,風向,WIND_DIREC,degrees,1996-05-18,302,314,305,305,283,232,228,194,81,85,65,68,71,73,67,67,61,62,60,306,288,302,308,285
65,宜蘭,14,溫度,AMB_TEMP,℃,1996-05-18,18,17.7,17.3,17.1,17,17.2,18.7,20.8,22.5,23.5,24,24.6,24.9,24.3,23.7,23.8,23.3,22.8,22.2,21.4,21,20.9,20,19.9
66,冬山,1,二氧化硫,SO2,ppb,1996-05-18,0.3,0.2,0.2,0.2,0.2,0.4,0.7,1.1,1.5,1.4,0.7,0.7,0.9,1.1,0.9,0.7,0.6,0.6,0.8,1.5,1.2,1.7,1.9,1.2
66,冬山,4,懸浮微粒,PM10,μg/m3,1996-05-18,57,47,40,43,35,39,46,48,48,48,53,51,46,41,43,47,47,48,60,65,66,64,61,58
66,冬山,5,氮氧化物,NOx,ppb,1996-05-18,15,10,11,9.8,14,22,x,15,9.7,4.8,3.1,4.1,4.6,3.4,3.4,3.5,4.2,6.2,13,21,24,25,25,18
66,冬山,6,一氧化氮,NO,ppb,1996-05-18,3.6,1.2,1.3,1.2,4.2,9.9,x,3.8,1.1,0.1,0.1,0.2,0.4,0.1,0.2,0.2,0.1,0.2,1,2.4,4,5.1,4.8,2.5
66,冬山,7,二氧化氮,NO2,ppb,1996-05-18,11,9.1,9.5,8.6,9.8,12,x,11,8.7,4.8,3,3.8,4.2,3.3,3.2,3.3,4.1,6,12,18,20,20,20,16
66,冬山,8,總碳氫化合物,THC,ppm,1996-05-18,2.4,x,2.4,2.7,4,3.7,2.9,2.4,2,2,2,2,2,2,1.9,2,2,2,2.2,2.5,2.5,2.4,2.6,2.3
66,冬山,9,非甲烷碳氫化合物,NMHC,ppm,1996-05-18,0.12,x,0.06,0.17,0.32,0.21,0.2,0.15,0.03,0.04,0.02,0.03,0.05,0.03,0.01,0.03,0.05,0.02,0.18,0.41,0.4,0.31,0.43,0.22
66,冬山,10,風速,WIND_SPEED,m/sec,1996-05-18,0.5,0.4,0.3,0.3,0.4,0.1,0.2,0.1,0.6,1.6,2.1,2.6,2.6,3.5,3.3,2.6,2.2,1.5,0.4,0.2,0.6,0.7,0.4,0.1
66,冬山,11,風向,WIND_DIREC,degrees,1996-05-18,305,327,314,321,266,269,309,343,83,85,87,73,79,73,69,73,57,54,888,252,223,231,267,222
66,冬山,14,溫度,AMB_TEMP,℃,1996-05-18,17.6,17.2,16.9,16.4,15.9,15.8,18,20.4,22.3,23,23.5,24.1,24.6,24.4,24.6,24.1,23.1,22.5,22.1,21.4,20.7,20.2,19.7,19.5
66,冬山,31,甲烷,CH4,ppm,1996-05-18,2.3,x,2.4,2.5,3.6,3.5,2.7,2.3,2,2,2,2,1.9,1.9,1.9,1.9,1.9,2,2,2.1,2.1,2.1,2.2,2.1
67,三重,1,二氧化硫,SO2,ppb,1996-05-18,1.9,2.5,2.9,2.9,2.8,5.2,7.7,10,8.8,5.7,5.7,4.5,3.7,3.6,4.1,4.9,10,9.8,12,10,15,8.5,6.8,4.2
67,三重,2,一氧化碳,CO,ppm,1996-05-18,1,1.01,0.55,0.92,0.84,1.25,2.64,3.35,2.17,1.82,1.97,1.5,0.95,1.12,0.92,1,0.74,1.35,1.85,1.25,1.01,1.38,1.66,1.33
67,三重,4,懸浮微粒,PM10,μg/m3,1996-05-18,65,65,73,78,74,73,59,65,82,79,72,72,58,55,49,55,63,67,68,71,65,57,50,49
67,三重,5,氮氧化物,NOx,ppb,1996-05-18,35,38,36,52,46,83,x,194,134,81,72,64,55,53,46,45,52,56,74,52,73,56,59,55
67,三重,6,一氧化氮,NO,ppb,1996-05-18,6.6,6.7,5.2,17,10,44,x,134,77,41,38,31,27,25,19,19,22,24,35,13,27,17,20,19
67,三重,7,二氧化氮,NO2,ppb,1996-05-18,28,31,31,35,35,39,x,60,57,40,34,33,28,28,26,26,30,32,39,38,46,38,40,36
67,三重,14,溫度,AMB_TEMP,℃,1996-05-18,20.8,20.6,20.2,19.9,19.5,19.4,20.7,22.5,24,25.4,25.8,26.1,26.5,26.8,26.6,26.2,25.6,24.7,23.1,22.3,22.1,22.1,22.2,22.4
68,中壢,1,二氧化硫,SO2,ppb,1996-05-18,20,13,13,17,18,20,16,15,11,11,9.3,7.7,6,4.8,5.3,4.8,5.1,12,13,12,9.4,11,11,6.9
68,中壢,2,一氧化碳,CO,ppm,1996-05-18,0.78,0.6,0.56,0.64,0.64,0.74,0.9,1.67,1.42,1.51,1.65,1.25,1.16,0.86,1.05,1.06,1.14,1.56,1.42,1.39,1.24,1.44,1.28,1.15
68,中壢,4,懸浮微粒,PM10,μg/m3,1996-05-18,91,91,86,80,82,87,93,91,90,79,69,72,74,74,74,65,68,78,78,72,74,71,79,71
68,中壢,5,氮氧化物,NOx,ppb,1996-05-18,26,21,19,27,x,37,52,77,61,56,60,49,46,36,42,36,45,64,54,50,42,45,43,41
68,中壢,6,一氧化氮,NO,ppb,1996-05-18,1.8,0.5,0.5,1.1,x,5.4,17,29,20,13,11,12,14,9.9,13,10,14,18,12,11,9.2,9.6,8.4,7.5
68,中壢,7,二氧化氮,NO2,ppb,1996-05-18,24,21,19,26,x,31,35,48,41,44,48,37,32,26,29,26,30,46,42,39,33,36,35,33
68,中壢,14,溫度,AMB_TEMP,℃,1996-05-18,19.6,19.3,19,18.6,18.3,18.1,18.7,20.3,21.7,23.1,24.9,24.8,25,25.2,25.5,25.1,24.6,24.3,22.3,21.4,21,20.8,20.7,20.6
69,竹山,1,二氧化硫,SO2,ppb,1996-05-18,4.1,5.6,5.4,4.7,3,3.9,3.2,3.5,3.1,4.9,6,7.6,6,4.1,2.8,3.3,4.3,6,6.3,5.5,4,4.2,2.2,3.9
69,竹山,3,臭氧,O3,ppb,1996-05-18,2.8,1.4,1.9,0.2,0.1,0.8,4.9,13,32,56,76,94,95,85,76,78,77,58,44,37,31,25,11,8.7
69,竹山,4,懸浮微粒,PM10,μg/m3,1996-05-18,112,112,93,97,78,78,83,83,115,136,142,177,151,146,125,96,88,98,124,166,166,166,130,130
69,竹山,5,氮氧化物,NOx,ppb,1996-05-18,39,45,42,43,x,41,35,36,23,17,20,19,16,13,9.7,12,17,27,31,28,25,24,29,30
69,竹山,6,一氧化氮,NO,ppb,1996-05-18,1.1,4.3,2.2,5.4,x,9,7.6,8.3,3.1,1,0.7,0.4,0.3,0.3,0.4,0.4,0.6,0.9,1,1,1.7,0.9,1.2,0.5
69,竹山,7,二氧化氮,NO2,ppb,1996-05-18,38,41,40,38,x,32,27,28,20,16,19,19,15,12,9.3,12,16,27,30,27,23,23,28,30
69,竹山,10,風速,WIND_SPEED,m/sec,1996-05-18,0.3,0.5,0.3,0,0.1,0.1,0.1,0.4,0.8,1.3,2.3,2.2,3.1,2.7,2.5,2.2,2.4,1.8,0.8,0.4,0.4,0.3,0.7,0.1
69,竹山,11,風向,WIND_DIREC,degrees,1996-05-18,13,58,71,298,271,356,326,17,14,324,329,313,299,305,299,290,297,281,289,266,185,888,258,352
69,竹山,14,溫度,AMB_TEMP,℃,1996-05-18,21.2,20.6,20.7,20.6,20.4,20.5,21.2,23.2,25.1,26.7,27.2,28.1,28.8,28.5,28.6,28.2,27.2,25.9,24.3,23.6,22.7,22.1,21.3,20.9
