SiteId,SiteName,ItemId,ItemName,ItemEngName,ItemUnit,MonitorDate,MonitorValue00,MonitorValue01,MonitorValue02,MonitorValue03,MonitorValue04,MonitorValue05,MonitorValue06,MonitorValue07,MonitorValue08,MonitorValue09,MonitorValue10,MonitorValue11,MonitorValue12,MonitorValue13,MonitorValue14,MonitorValue15,MonitorValue16,MonitorValue17,MonitorValue18,MonitorValue19,MonitorValue20,MonitorValue21,MonitorValue22,MonitorValue23
1,基隆,1,二氧化硫,SO2,ppb,2001-09-20,0.2,0.3,0.7,0.6,0.8,0,0,0,0,0,0,x,0,7.2,5.2,0,x,x,x,12,0,0,0,0.1
1,基隆,2,一氧化碳,CO,ppm,2001-09-20,0.2,0.3,0.3,0.3,0.4,0.4,0.6,0.8,0.5,0.4,0.5,x,0.5,0.6,0.6,0.6,x,x,1.2,1.2,0.8,0.6,0.7,1
1,基隆,3,臭氧,O3,ppb,2001-09-20,44,45,42,40,33,33,x,24,36,36,32,x,x,x,x,x,x,x,x,3.4,7.7,10,8.2,3.4
1,基隆,4,懸浮微粒,PM10,μg/m3,2001-09-20,x,x,x,x,x,x,x,x,x,x,x,x,x,x,x,x,x,x,x,x,x,x,x,x
1,基隆,5,氮氧化物,NOx,ppb,2001-09-20,24,21,22,x,37,28,40,69,37,39,35,x,18,25,33,21,x,27,30,41,18,14,20,39
1,基隆,6,一氧化氮,NO,ppb,2001-09-20,11,8.5,8.7,x,18,13,19,35,22,23,19,x,6.7,11,18,11,x,11,14,24,6.6,4.8,8,22
1,基隆,7,二氧化氮,NO2,ppb,2001-09-20,13,12,13,x,19,15,20,34,15,17,16,x,11,14,15,10,x,16,16,17,12,9.3,12,17
1,基隆,8,總碳氫化合物,THC,ppm,2001-09-20,x,x,x,x,x,x,x,x,x,x,x,x,x,x,x,x,x,x,2.9,2.4,2.1,2.2,2.4,2.7
1,基隆,9,非甲烷碳氫化合物,NMHC,ppm,2001-09-20,x,x,x,x,x,x,x,x,x,x,x,x,x,x,x,x,x,x,0.1,0.3,0.1,0,0,x
1,基隆,10,風速,WIND_SPEED,m/sec,2001-09-20,1.8,2.2,1.5,1.1,0.4,0.5,0.6,1.3,1.9,2.2,3.5,x,4.4,3.3,2.3,2.8,x,1.3,1.5,0.5,0.6,0.9,1.2,x
1,基隆,11,風向,WIND_DIREC,degrees,2001-09-20,107,111,107,104,136,136,97,105,113,119,106,x,89,93,96,91,x,102,95,111,125,161,160,80
1,基隆,14,溫度,AMB_TEMP,℃,2001-09-20,27.1,27,26.8,26.8,26.2,26.2,26.8,28.8,30.6,31.4,32.1,x,30.6,30.2,30.3,29.4,x,26.7,26.7,26.7,26.6,25.2,25.3,25.6
1,基隆,31,甲烷,CH4,ppm,2001-09-20,x,x,x,x,x,x,x,x,x,x,x,x,x,x,x,x,x,x,2.8,2.1,2,2.2,2.3,2.6
2,汐止,1,二氧化硫,SO2,ppb,2001-09-20,x,x,x,x,x,x,x,x,x,x,x,x,x,x,x,x,x,x,x,x,x,x,x,x
2,汐止,2,一氧化碳,CO,ppm,2001-09-20,x,x,x,x,x,x,x,x,x,x,x,x,x,x,x,x,x,x,x,x,x,x,x,x
2,汐止,3,臭氧,O3,ppb,2001-09-20,x,x,x,x,x,x,x,x,x,x,x,x,x,x,x,x,x,x,x,x,x,x,x,x
2,汐止,4,懸浮微粒,PM10,μg/m3,2001-09-20,x,x,x,x,x,x,x,x,x,x,x,x,x,x,x,x,x,x,x,x,x,x,x,x
2,汐止,5,氮氧化物,NOx,ppb,2001-09-20,x,x,x,x,x,x,x,x,x,x,x,x,x,x,x,x,x,x,x,x,x,x,x,x
2,汐止,6,一氧化氮,NO,ppb,2001-09-20,x,x,x,x,x,x,x,x,x,x,x,x,x,x,x,x,x,x,x,x,x,x,x,x
2,汐止,7,二氧化氮,NO2,ppb,2001-09-20,x,x,x,x,x,x,x,x,x,x,x,x,x,x,x,x,x,x,x,x,x,x,x,x
2,汐止,10,風速,WIND_SPEED,m/sec,2001-09-20,x,x,x,x,x,x,x,x,x,x,x,x,x,x,x,x,x,x,x,x,x,x,x,x
2,汐止,11,風向,WIND_DIREC,degrees,2001-09-20,x,x,x,x,x,x,x,x,x,x,x,x,x,x,x,x,x,x,x,x,x,x,x,x
2,汐止,14,溫度,AMB_TEMP,℃,2001-09-20,x,x,x,x,x,x,x,x,x,x,x,x,x,x,x,x,x,x,x,x,x,x,x,x
3,萬里,1,二氧化硫,SO2,ppb,2001-09-20,0.1,0,0.3,2.1,1.4,1.4,2.1,7,5,7.1,2,2.3,1.7,1.4,0.9,4,3.7,4,2.6,3.3,2.5,2.6,5.4,4.1
3,萬里,2,一氧化碳,CO,ppm,2001-09-20,0.3,0.2,0.2,0.3,0.3,0.4,0.4,0.4,0.3,0.3,0.3,0.3,0.3,0.2,0.2,0.3,0.3,0.4,0.3,0.3,0.5,0.4,0.3,0.2
3,萬里,3,臭氧,O3,ppb,2001-09-20,50,52,51,46,49,39,x,41,45,43,44,41,47,39,25,22,22,20,19,17,7.3,8.9,7.7,11
3,萬里,4,懸浮微粒,PM10,μg/m3,2001-09-20,26,25,11,27,16,12,28,28,19,20,20,x,x,21,25,15,11,12,12,12,19,18,26,32
3,萬里,5,氮氧化物,NOx,ppb,2001-09-20,2.3,1.1,1.6,x,3.3,8.4,10,11,8.9,9.7,4.3,7.6,5.2,3.9,4.7,11,6.1,5.9,6.3,9.7,19,13,15,8.4
3,萬里,6,一氧化氮,NO,ppb,2001-09-20,0,0,0,x,0.1,0.3,1.4,1.9,1.8,2.3,1,2,1.4,0.9,1.4,3.5,1.3,1.4,1.3,2.3,7.1,2.5,2.6,1.1
3,萬里,7,二氧化氮,NO2,ppb,2001-09-20,2.3,1.1,1.6,x,3.2,8,8.9,9.1,7.2,7.5,3.3,5.6,3.8,3,3.2,7.2,4.8,4.5,5,7.4,12,10,12,7.4
3,萬里,8,總碳氫化合物,THC,ppm,2001-09-20,2.2,2.2,2.2,2.3,2.2,2.2,2.2,2.2,2.2,2.1,2.2,2.1,2.1,2.3,2.2,4.6,4,6,4.3,6.8,4.7,3.3,3.2,2.3
3,萬里,9,非甲烷碳氫化合物,NMHC,ppm,2001-09-20,0,0,0,0,0,0.1,0.1,0.1,0,0.1,0.1,0.3,0.2,0.5,0.2,2.4,1.9,3.9,2.3,4.8,2.7,1.3,1.2,x
3,萬里,10,風速,WIND_SPEED,m/sec,2001-09-20,1.8,1.9,1.5,1.3,1.8,0.3,1.2,2.1,3.6,3.5,3.5,3.8,3.6,3.3,1.8,1.5,1.5,0.1,0.2,0.3,0.4,1.2,0.7,1.2
3,萬里,11,風向,WIND_DIREC,degrees,2001-09-20,210,193,177,195,197,228,209,130,111,107,82,65,45,47,49,48,888,888,888,888,257,245,888,112
3,萬里,14,溫度,AMB_TEMP,℃,2001-09-20,27.1,27.2,27,26.8,26.9,26.1,26.9,28.8,29.6,29.9,28.6,28.9,28.6,28.6,28.2,27.9,26.8,26.7,26.4,26.2,25.7,25.8,26.2,26.3
3,萬里,21,酸雨,PH_RAIN,pH,2001-09-20,0,0,0,0,0,0,0,0,0,0,0,0,0,0,0,0,5.6,0,0,0,0,0,5.7,5.4
3,萬里,22,導電度,RAIN_COND,μmho/cm,2001-09-20,0,0,0,0,0,0,0,0,0,0,0,0,0,0,0,0,45,0,0,0,0,0,40,35
3,萬里,31,甲烷,CH4,ppm,2001-09-20,2.2,2.2,2.2,2.3,2.2,2.1,2.2,2.1,2.1,2.1,2,1.8,1.9,1.8,2.1,2.2,2.1,2.1,2,2,2.1,2,2,2
3,萬里,32,降雨強度,RAIN_INT,㎜,2001-09-20,0,0,0,0,0,0,0,0,0,0,0,0,0,0,0,0,1,0,0,0,0,0,0.5,1
4,新店,1,二氧化硫,SO2,ppb,2001-09-20,0,0,0,0.1,0.1,0.1,0.1,0.2,0.1,0.1,0.2,0.1,0.1,0.1,0.1,0.1,0.2,0.3,0.3,0.4,0.4,0.4,0.3,0.7
4,新店,2,一氧化碳,CO,ppm,2001-09-20,0.3,0.3,0.2,0.3,0.3,0.3,0.3,0.4,0.3,0.3,0.3,0.3,0.3,0.3,0.2,0.3,0.4,x,x,0.7,0.7,0.6,0.5,0.5
4,新店,3,臭氧,O3,ppb,2001-09-20,48,49,49,50,48,47,x,44,44,43,42,38,34,23,19,18,14,9.1,5.2,3.6,2.4,3.4,3.4,1.7
4,新店,4,懸浮微粒,PM10,μg/m3,2001-09-20,14,16,12,20,18,22,28,25,30,26,34,33,37,30,36,26,18,18,21,20,27,27,25,15
4,新店,5,氮氧化物,NOx,ppb,2001-09-20,2.5,1.4,1.4,x,1.7,3.6,5.4,8,5.7,5.2,6.1,4.8,4.2,6.2,5.6,9.8,14,x,x,23,26,22,19,24
4,新店,6,一氧化氮,NO,ppb,2001-09-20,0,0,0,x,0,0,0.1,0.5,0.4,0.4,0.5,0.5,0.5,1.3,1.7,3.8,5.5,x,x,8.2,10,7.7,5.1,8.3
4,新店,7,二氧化氮,NO2,ppb,2001-09-20,2.5,1.4,1.4,x,1.7,3.6,5.3,7.5,5.3,4.9,5.6,4.3,3.7,4.9,3.9,5.9,8,x,x,15,15,15,14,16
4,新店,10,風速,WIND_SPEED,m/sec,2001-09-20,2.7,2.9,3.1,2.3,1.9,1.5,3,2.7,3,4.2,3.3,2.7,2.6,3.2,4,2.5,1.8,1.9,0.8,0.4,0.3,0.6,0.6,0.1
4,新店,11,風向,WIND_DIREC,degrees,2001-09-20,114,99,102,96,109,97,108,92,105,104,91,120,115,90,106,107,94,81,78,91,106,80,101,92
4,新店,14,溫度,AMB_TEMP,℃,2001-09-20,27.2,27.3,27.3,27.3,27.1,27.1,28.3,30.3,31.3,31.4,32.5,34.1,34.8,32.8,32.4,32.8,32.6,x,x,27.3,27.1,27.1,26.7,26.5
5,土城,1,二氧化硫,SO2,ppb,2001-09-20,0.1,0.1,0.1,0.1,0.1,0.1,0.3,0.4,0.3,0.3,0.3,0.3,0.3,0.2,0.2,x,x,2.4,0.4,0.3,0.2,0.6,1.5,0.4
5,土城,2,一氧化碳,CO,ppm,2001-09-20,0.3,0.3,0.3,0.3,0.3,0.3,0.4,0.6,0.4,0.4,0.4,0.4,0.4,0.4,0.3,0.4,0.5,0.8,0.9,0.7,0.8,0.9,0.9,0.7
5,土城,3,臭氧,O3,ppb,2001-09-20,44,44,45,46,47,46,x,41,47,44,43,41,38,29,21,18,x,3.6,2.5,2.9,0.7,0.3,0.4,0.4
5,土城,4,懸浮微粒,PM10,μg/m3,2001-09-20,22,21,14,14,20,18,18,24,25,25,20,26,27,25,20,17,14,19,28,26,24,28,16,22
5,土城,5,氮氧化物,NOx,ppb,2001-09-20,6.7,5.8,5,x,3.4,5.2,13,15,8.7,9.3,11,10,6.6,9.7,9.3,11,x,26,24,20,26,34,33,25
5,土城,6,一氧化氮,NO,ppb,2001-09-20,0.1,0.1,0.1,x,0,0,0.3,1.2,0.5,0.5,0.8,1.2,0.6,1.8,2.3,2.6,x,6.8,5.4,4.2,8.2,15,13,7.3
5,土城,7,二氧化氮,NO2,ppb,2001-09-20,6.6,5.7,4.9,x,3.4,5.2,13,13,8.1,8.8,10,9,6,7.9,7,8.8,x,20,18,16,18,19,20,17
5,土城,14,溫度,AMB_TEMP,℃,2001-09-20,26.7,26.6,26.5,26.4,26.4,26.4,26.8,29.6,31.2,30.8,31.8,33.8,34.1,34.2,33.9,33.1,32,29.3,28.2,27.1,27.1,27,26.8,26.5
6,板橋,1,二氧化硫,SO2,ppb,2001-09-20,0.9,0.8,0.6,4.9,0.9,1.1,1.5,2.3,2.7,2.4,1.9,1.4,1.5,1.6,1.8,1.4,2.7,3.3,3.3,4.1,5.6,8.6,2.6,5
6,板橋,2,一氧化碳,CO,ppm,2001-09-20,x,0.3,0.3,0.4,0.3,0.4,0.6,0.9,0.8,0.6,0.6,0.5,0.5,0.4,0.5,0.5,0.7,0.8,1.2,1,1,1.3,1,0.9
6,板橋,3,臭氧,O3,ppb,2001-09-20,45,46,49,50,49,47,x,38,41,42,41,41,35,26,20,18,11,5,2.1,2.5,1,1.1,0.9,0.6
6,板橋,4,懸浮微粒,PM10,μg/m3,2001-09-20,31,29,13,24,23,23,23,23,28,26,40,46,46,46,44,33,27,22,22,22,19,30,31,31
6,板橋,5,氮氧化物,NOx,ppb,2001-09-20,8.1,6.3,4.1,x,9,13,30,32,29,26,24,19,20,19,21,21,30,34,48,43,51,61,43,45
6,板橋,6,一氧化氮,NO,ppb,2001-09-20,0,0,0,x,1,1.6,5.3,6.1,6,5.4,5.3,4.4,5.1,5.9,7.8,7.7,13,14,25,22,29,39,21,24
6,板橋,7,二氧化氮,NO2,ppb,2001-09-20,8.1,6.3,3.4,x,8.1,12,25,26,23,20,19,15,15,13,13,13,17,21,23,21,22,22,21,21
6,板橋,8,總碳氫化合物,THC,ppm,2001-09-20,2.1,2.1,x,1.9,1.9,2,2.1,2.3,2.3,2.3,2.2,2.1,2.1,2.1,2.1,2.1,2.2,2.3,2.5,2.5,2.5,2.6,2.5,2.4
6,板橋,9,非甲烷碳氫化合物,NMHC,ppm,2001-09-20,0.1,0,x,0,0.1,0,0.1,0.3,0.4,0.3,0.2,0.2,0.1,0.1,0.2,0.1,0.2,0.3,0.5,0.5,0.4,0.4,0.4,0.3
6,板橋,14,溫度,AMB_TEMP,℃,2001-09-20,27.3,27.3,27.3,27.3,27.2,27.1,27.7,29.6,30.3,31,31.8,33.2,33.4,32.9,33,32.1,31.1,28.8,28.1,27.6,27.6,27.4,26.7,26.6
6,板橋,21,酸雨,PH_RAIN,pH,2001-09-20,0,0,0,0,0,0,0,0,0,0,0,0,0,0,0,0,0,0,0,0,0,0,0,0
6,板橋,22,導電度,RAIN_COND,μmho/cm,2001-09-20,0,0,0,0,0,0,0,0,0,0,0,0,0,0,0,0,0,0,0,0,0,0,0,0
6,板橋,31,甲烷,CH4,ppm,2001-09-20,2,3,x,1.9,1.9,2,2.1,2,2,2,2,2,2,2,2,2,1.9,1.9,2,2,2.1,2.2,2.1,2.1
6,板橋,32,降雨強度,RAIN_INT,㎜,2001-09-20,0,0,0,0,0,0,0,0,0,0,0,0,0,0,0,0,0,0,0,0,0,0,0,0
7,新莊,1,二氧化硫,SO2,ppb,2001-09-20,0.8,1.4,0.3,0.4,0.3,0.3,0.5,1.3,0.8,0.3,0.3,0.2,0.2,0.3,0.2,0.5,2.4,2.9,6.6,6.2,6.5,8.3,1.3,2.7
7,新莊,2,一氧化碳,CO,ppm,2001-09-20,0.5,0.3,0.3,0.3,0.3,0.4,0.6,0.9,0.8,0.6,0.5,0.5,0.4,0.4,0.4,0.5,0.6,0.7,1.1,1.2,1.1,1,0.8,0.7
7,新莊,3,臭氧,O3,ppb,2001-09-20,46,46,48,49,50,40,x,32,43,45,44,41,38,30,23,22,14,8.5,5.1,5.1,4.6,4.7,5.1,4.3
7,新莊,4,懸浮微粒,PM10,μg/m3,2001-09-20,x,x,x,x,x,x,x,x,x,x,x,x,x,x,25,30,17,12,12,19,25,30,23,47
7,新莊,5,氮氧化物,NOx,ppb,2001-09-20,7.8,8.1,6.1,x,5.1,14,26,31,19,15,12,11,9.6,x,12,16,23,24,44,50,48,46,27,35
7,新莊,6,一氧化氮,NO,ppb,2001-09-20,0,0,0,x,0,0,1.7,4.3,2.2,1.6,1.3,1.3,1.2,x,2.7,4,7.2,6.3,22,28,27,26,8.2,16
7,新莊,7,二氧化氮,NO2,ppb,2001-09-20,7.8,8.1,6.1,x,5.1,14,24,27,17,13,11,9.8,8.3,x,9.2,12,15,18,22,22,21,20,19,19
7,新莊,8,總碳氫化合物,THC,ppm,2001-09-20,x,x,x,x,x,x,x,x,x,x,x,x,x,x,x,x,x,x,x,x,x,x,x,x
7,新莊,9,非甲烷碳氫化合物,NMHC,ppm,2001-09-20,x,x,x,x,x,x,x,x,x,x,x,x,x,x,x,x,x,x,x,x,x,x,x,x
7,新莊,10,風速,WIND_SPEED,m/sec,2001-09-20,2.6,1.9,2.4,2.7,2.7,3.6,2,1,2.3,2.9,3.9,3.4,3.9,3.7,3.6,4.7,4.7,4.7,2.9,2.2,2.4,2.9,2.2,2.2
7,新莊,11,風向,WIND_DIREC,degrees,2001-09-20,122,117,98,106,89,73,85,888,107,82,93,101,104,104,88,77,73,70,73,74,73,70,66,67
7,新莊,14,溫度,AMB_TEMP,℃,2001-09-20,29.5,29.4,29.6,29.5,29.3,28.8,29.9,31.9,33.7,34.9,35,35.5,35.8,35.9,34.4,34.9,33.4,31.1,30,29.7,29.5,29.2,28.5,28.5
7,新莊,31,甲烷,CH4,ppm,2001-09-20,x,x,x,x,x,x,x,x,x,x,x,x,x,x,x,x,x,x,x,x,x,x,x,x
8,菜寮,1,二氧化硫,SO2,ppb,2001-09-20,0.4,0.3,0.2,0.4,0.4,0.3,0.5,0.7,1,0.7,0.4,0.4,0.3,0.8,0.8,0.5,3.4,1.6,4.8,5.8,10,5.5,1.2,2.8
8,菜寮,2,一氧化碳,CO,ppm,2001-09-20,x,x,x,x,x,x,x,x,x,0.8,0.6,0.6,0.6,0.7,0.6,0.6,0.5,0.7,1,0.9,0.9,0.7,0.7,0.5
8,菜寮,3,臭氧,O3,ppb,2001-09-20,32,36,40,33,33,35,x,28,29,36,38,33,30,20,20,15,9.7,5.7,1.7,1.3,1.2,2.2,2,2.4
8,菜寮,4,懸浮微粒,PM10,μg/m3,2001-09-20,23,26,16,27,19,29,23,38,50,46,46,56,38,42,31,21,23,28,26,14,18,24,19,14
8,菜寮,5,氮氧化物,NOx,ppb,2001-09-20,20,13,9.2,x,15,13,23,30,35,24,15,18,15,23,19,18,20,21,35,38,42,29,29,25
8,菜寮,6,一氧化氮,NO,ppb,2001-09-20,0.7,0.1,0.1,x,0.1,0.2,2,5.7,7.4,4.5,2.7,3.8,3.3,8.3,5.3,6,7.1,5.8,14,17,22,11,11,7.7
8,菜寮,7,二氧化氮,NO2,ppb,2001-09-20,19,13,9.1,x,14,13,21,25,27,19,13,14,12,15,14,12,13,16,21,21,20,18,18,17
8,菜寮,10,風速,WIND_SPEED,m/sec,2001-09-20,3.4,3.1,3.8,2,2.6,3.3,3.5,3.8,3.1,3.5,4.8,3.6,3.7,3.4,4.1,4.4,4.4,4.1,2.8,2.4,2.4,2.6,1.7,1.8
8,菜寮,11,風向,WIND_DIREC,degrees,2001-09-20,122,109,114,110,107,114,115,117,112,104,104,111,111,122,102,96,97,105,107,107,109,94,94,95
8,菜寮,14,溫度,AMB_TEMP,℃,2001-09-20,27.4,27,26.7,26.5,26.3,26.3,27.1,28.7,30,31.7,32.4,33,33.1,33.7,32.2,31.5,30.1,28.1,27.5,27.3,27.2,26.8,26.2,26.4
9,林口,1,二氧化硫,SO2,ppb,2001-09-20,0.1,0.1,0.4,0.3,0.3,0.2,0.2,0.6,0.8,0.4,0.4,0.2,0.1,0.2,1.3,1,2.4,2.5,2.3,5.9,6.3,8.4,x,2.6
9,林口,2,一氧化碳,CO,ppm,2001-09-20,0.2,0.3,0.4,0.4,0.4,0.3,0.4,0.6,0.7,0.5,0.5,0.4,0.3,0.3,0.5,0.4,0.4,0.5,0.6,0.8,0.7,0.6,0.3,0.5
9,林口,3,臭氧,O3,ppb,2001-09-20,49,48,39,40,42,45,x,36,42,49,47,44,41,33,30,23,16,10,6.3,4.4,4.2,5.2,12,5.9
9,林口,4,懸浮微粒,PM10,μg/m3,2001-09-20,11,11,12,16,19,19,33,33,42,42,41,50,38,35,28,28,34,40,27,26,26,17,23,12
9,林口,5,氮氧化物,NOx,ppb,2001-09-20,6,5.9,14,x,10,8.3,14,23,22,13,14,8.5,6.4,9.2,18,18,19,20,25,34,34,31,9.8,20
9,林口,6,一氧化氮,NO,ppb,2001-09-20,0.4,0.4,0.4,x,0,0,0.8,3.6,3.1,1.6,2.1,1,0.8,2.1,4.5,5.1,6.7,5.7,6.2,14,14,13,1.2,3.4
9,林口,7,二氧化氮,NO2,ppb,2001-09-20,5.5,5.5,13,x,10,8.2,13,20,19,12,12,7.5,5.6,7.2,14,13,13,15,19,20,19,18,8.6,16
9,林口,10,風速,WIND_SPEED,m/sec,2001-09-20,5,3.9,4.4,4.1,5.2,5.4,5.4,5.8,5.5,5.6,6.5,6.2,6.2,5.7,6,6.7,6.8,6.1,5.8,4.4,3.9,5,4.1,4
9,林口,11,風向,WIND_DIREC,degrees,2001-09-20,x,x,x,x,x,x,x,x,x,x,x,x,x,x,x,x,x,x,x,x,x,x,x,x
9,林口,14,溫度,AMB_TEMP,℃,2001-09-20,24.9,24.7,24.2,24.1,24.1,24.3,25.2,26.8,28.3,29.4,30.1,29.8,30.3,31.2,30.6,29.2,28.2,26.4,25.4,25,24.9,24.7,23.2,23.7
10,淡水,1,二氧化硫,SO2,ppb,2001-09-20,0.2,0.3,0.3,0.3,0.3,0.3,0.3,0.5,0.6,0.6,0.6,0.5,2.4,5.1,2.4,2.6,3.4,0.7,5.8,7.4,6.4,1.7,0.6,1.1
10,淡水,2,一氧化碳,CO,ppm,2001-09-20,0.3,0.2,0.2,0.3,0.3,0.3,0.3,0.4,0.4,0.4,0.4,0.3,0.4,0.3,0.3,0.4,0.4,0.5,0.5,0.6,0.8,0.6,0.5,0.8
10,淡水,3,臭氧,O3,ppb,2001-09-20,49,51,51,51,51,50,48,43,41,41,38,34,35,29,26,21,15,13,7.9,5.4,3.5,9.4,12,5.8
10,淡水,4,懸浮微粒,PM10,μg/m3,2001-09-20,27,21,15,15,12,14,x,x,x,x,x,x,x,x,x,x,x,x,x,x,x,x,x,x
10,淡水,5,氮氧化物,NOx,ppb,2001-09-20,x,x,x,x,x,x,x,x,x,x,x,x,x,x,x,x,x,x,x,x,x,x,x,x
10,淡水,6,一氧化氮,NO,ppb,2001-09-20,x,x,x,x,x,x,x,x,x,x,x,x,x,x,x,x,x,x,x,x,x,x,x,x
10,淡水,7,二氧化氮,NO2,ppb,2001-09-20,x,x,x,x,x,x,x,x,x,x,x,x,x,x,x,x,x,x,x,x,x,x,x,x
10,淡水,10,風速,WIND_SPEED,m/sec,2001-09-20,4.4,3.6,5,5.6,4.5,4.1,4.4,3.3,3.6,3.4,4.6,4.4,4.7,4.6,4.1,3.7,2.6,1.4,2,1.4,0.4,1.7,1,0.2
10,淡水,11,風向,WIND_DIREC,degrees,2001-09-20,130,128,128,126,131,122,128,142,137,131,125,115,128,112,111,118,109,125,136,128,888,116,102,888
10,淡水,14,溫度,AMB_TEMP,℃,2001-09-20,28.1,28.4,28.1,27.9,27.6,27.8,29.1,30.3,30.2,31.5,32.9,33.4,33.5,33.4,32.2,32.3,32.4,29.5,27.9,27.9,27.8,26.4,24.4,24.8
10,淡水,38,相對濕度,RH,percent,2001-09-20,61,56,59,61,62,63,59,63,65,59,58,58,60,62,63,62,66,76,75,73,80,85,87,86
11,士林,1,二氧化硫,SO2,ppb,2001-09-20,0,0,0,0,0,0.6,0.6,0.6,0.6,0.5,0.5,0.4,1.5,3.8,2.9,3.1,6.8,6.9,10,8.6,15,5.9,1.5,1.4
11,士林,2,一氧化碳,CO,ppm,2001-09-20,0.3,0.3,0.3,0.3,0.3,0.3,0.4,0.6,0.6,0.5,0.5,0.4,0.4,0.4,0.4,0.4,0.4,0.5,0.6,0.6,0.5,0.4,0.5,0.4
11,士林,3,臭氧,O3,ppb,2001-09-20,45,46,46,46,45,44,x,35,35,37,36,30,29,26,21,14,8.7,4.9,2,1.9,0.9,5.5,4.3,7.4
11,士林,4,懸浮微粒,PM10,μg/m3,2001-09-20,x,x,x,x,x,x,x,x,x,x,x,x,x,x,x,x,x,x,x,x,x,x,x,x
11,士林,5,氮氧化物,NOx,ppb,2001-09-20,3.8,2.7,2.1,x,2.1,4.2,8.8,15,18,14,13,11,12,15,15,15,20,24,30,27,32,20,19,12
11,士林,6,一氧化氮,NO,ppb,2001-09-20,0.3,0.3,0.2,x,0,0.1,1.1,2.9,3.8,2.8,2.7,2.6,3,3.6,4.7,6,9.1,9,12,9.7,14,6.9,4.8,1.9
11,士林,7,二氧化氮,NO2,ppb,2001-09-20,3.5,2.4,1.9,x,2.1,4.1,7.7,12,14,11,10,8.6,9.2,12,11,9,11,15,18,17,18,13,14,10
11,士林,10,風速,WIND_SPEED,m/sec,2001-09-20,6.5,5.7,6,5.2,4.6,4.9,6.4,6.1,4.8,6.1,5.4,4.9,4.9,4.8,5.1,4.8,4.6,4.7,3.3,3,3.3,3.7,2.1,2.7
11,士林,11,風向,WIND_DIREC,degrees,2001-09-20,106,101,99,96,105,103,91,96,102,105,102,106,110,98,96,85,87,96,104,104,102,96,120,104
11,士林,14,溫度,AMB_TEMP,℃,2001-09-20,26.5,26.6,26.3,26,25.7,25.9,26.7,27.9,29.3,30,31.5,32.1,32.3,31,30.7,30.8,29.4,27,26.2,26.2,26.4,24.7,24.1,24.6
12,中山,1,二氧化硫,SO2,ppb,2001-09-20,6,5.4,5.3,6.8,7,4.2,3.5,4,3.8,4,3.1,3,2.8,3.7,3,2.7,6.4,4.7,9.3,9.2,11,5.4,2.3,3.5
12,中山,2,一氧化碳,CO,ppm,2001-09-20,0.5,0.5,0.4,0.4,0.4,0.5,0.7,1,1.1,1.1,0.8,0.8,0.9,0.8,0.8,0.7,0.7,0.9,1.2,1.2,1,0.8,0.9,0.7
12,中山,3,臭氧,O3,ppb,2001-09-20,23,27,30,27,25,23,x,19,22,24,28,24,20,17,16,13,7.9,4.9,2.8,2.5,2.2,2.8,2.4,3
12,中山,4,懸浮微粒,PM10,μg/m3,2001-09-20,40,34,31,35,38,37,39,35,48,56,61,52,54,51,51,38,22,24,13,17,27,27,27,18
12,中山,5,氮氧化物,NOx,ppb,2001-09-20,39,32,27,x,30,31,42,55,52,53,37,38,39,39,37,32,35,41,61,68,56,43,45,36
12,中山,6,一氧化氮,NO,ppb,2001-09-20,7,5,3.6,x,2.4,3.5,11,19,18,21,12,14,17,17,18,15,18,21,39,45,36,23,25,18
12,中山,7,二氧化氮,NO2,ppb,2001-09-20,32,27,23,x,28,27,32,36,33,32,25,24,22,22,19,17,17,20,23,23,20,19,19,18
12,中山,8,總碳氫化合物,THC,ppm,2001-09-20,2.6,2.5,2.1,2.2,2.2,2.2,2.3,2.4,2.6,2.5,2.4,2.2,2.3,2.2,2.3,2.3,2.2,2.3,2.5,2.6,2.4,2.3,2.4,2.3
12,中山,9,非甲烷碳氫化合物,NMHC,ppm,2001-09-20,0.3,0.2,0.1,0.2,0.1,0.2,0.2,0.4,0.5,0.5,0.4,0.4,0.4,0.4,0.4,0.4,0.4,0.4,0.5,0.6,0.4,0.4,0.4,0.4
12,中山,14,溫度,AMB_TEMP,℃,2001-09-20,27.5,27.1,26.9,26.9,26.4,26.2,27.1,29.1,30.2,32,32.5,33,33.8,32.7,33,31.7,29.7,27.7,27.3,27.2,27.1,26.6,26.1,26.3
12,中山,31,甲烷,CH4,ppm,2001-09-20,2.3,2.3,2,2,2,2.1,2,2,2.1,2.1,2,1.9,1.9,1.8,1.9,1.9,1.9,1.9,1.9,2,2,1.9,2,1.9
13,萬華,1,二氧化硫,SO2,ppb,2001-09-20,x,x,x,x,x,x,x,x,x,x,x,0.5,0.4,0.5,0.7,0.7,1.8,2.7,4.6,5.6,8.1,8.4,1.8,4.3
13,萬華,2,一氧化碳,CO,ppm,2001-09-20,x,x,x,x,x,x,x,x,x,x,x,0.5,0.4,0.4,0.4,0.5,0.6,0.9,1.2,1.1,1.1,1.1,1,0.9
13,萬華,3,臭氧,O3,ppb,2001-09-20,x,x,x,x,x,x,x,x,x,x,x,32,31,21,19,17,11,4.5,2.3,1.9,1.8,1.8,2,1.6
13,萬華,4,懸浮微粒,PM10,μg/m3,2001-09-20,x,x,x,x,x,x,x,x,x,x,x,x,x,x,58,44,43,32,125,87,86,66,13,13
13,萬華,5,氮氧化物,NOx,ppb,2001-09-20,x,x,x,x,x,x,x,x,x,x,x,x,15,23,23,22,34,47,66,65,74,72,56,68
13,萬華,6,一氧化氮,NO,ppb,2001-09-20,x,x,x,x,x,x,x,x,x,x,x,x,1.2,6,5,4.8,11,17,33,34,43,42,27,39
13,萬華,7,二氧化氮,NO2,ppb,2001-09-20,x,x,x,x,x,x,x,x,x,x,x,x,14,17,18,17,23,30,34,31,31,30,29,29
13,萬華,10,風速,WIND_SPEED,m/sec,2001-09-20,2.7,1.7,0.8,1.7,1.4,1.3,2,2.4,2.3,3.4,3.3,3.8,3.5,3.8,3.1,3.5,3.8,3.2,1.7,1.9,1.4,1.7,0.9,0.8
13,萬華,11,風向,WIND_DIREC,degrees,2001-09-20,122,110,122,36,42,15,113,132,137,134,131,132,138,138,130,124,114,114,88,125,115,100,100,107
13,萬華,14,溫度,AMB_TEMP,℃,2001-09-20,28.4,28.5,28.4,28.4,28.2,27.9,28.6,30,31.3,32.8,33.9,34.3,34.6,34.8,35.1,33.6,32.2,29.7,28.9,28.7,28.5,28.1,27.4,27.5
14,古亭,1,二氧化硫,SO2,ppb,2001-09-20,0,0,0,0,0,0.1,0.1,0.2,0.4,0.3,0.3,0.1,0.4,0.1,0.2,0.2,1.6,2.1,1.6,5.3,7,6.1,1,3.7
14,古亭,2,一氧化碳,CO,ppm,2001-09-20,0.4,0.2,0.2,0.2,0.2,0.3,0.5,0.8,0.9,0.6,0.5,0.5,0.6,0.4,0.4,0.5,0.6,0.9,1,1,1.1,0.9,0.8,0.7
14,古亭,3,臭氧,O3,ppb,2001-09-20,42,45,45,48,48,44,x,30,31,35,37,33,24,18,17,14,8.6,2.5,1.6,0.4,0,0.1,0.4,0
14,古亭,4,懸浮微粒,PM10,μg/m3,2001-09-20,21,16,18,18,13,15,14,27,27,32,32,35,35,41,24,20,12,12,20,21,20,26,33,24
14,古亭,5,氮氧化物,NOx,ppb,2001-09-20,11,7.4,7.6,x,5.4,8.1,22,31,34,22,20,18,28,19,19,21,28,38,40,49,60,46,36,40
14,古亭,6,一氧化氮,NO,ppb,2001-09-20,1,0.3,0.1,x,0.1,0.5,4.4,11,12,7.2,6.9,6.6,14,9.3,9.5,10,14,20,23,30,39,28,19,22
14,古亭,7,二氧化氮,NO2,ppb,2001-09-20,10,7.1,7.5,x,5.2,7.6,17,21,21,15,13,11,14,9.8,9.2,11,14,19,18,19,20,18,17,18
14,古亭,8,總碳氫化合物,THC,ppm,2001-09-20,1.8,1.8,1.7,1.8,1.7,1.8,1.9,1.9,1.9,1.8,1.8,1.8,1.9,1.8,1.8,1.9,2,2.1,2.2,2.3,2.4,2.2,2.1,2.1
14,古亭,9,非甲烷碳氫化合物,NMHC,ppm,2001-09-20,0,0,0,0,0,0,0.1,0.1,0.2,0,0.1,0.1,0.1,0,0,0,0.1,0.3,0.4,0.4,0.5,0.4,0.3,0.3
14,古亭,10,風速,WIND_SPEED,m/sec,2001-09-20,2.6,2.3,1.9,2.9,2.6,2.9,3.1,3.8,2.8,4.6,4,4,3.4,4.3,4.4,4.5,4.6,3.4,2.8,2.4,2.2,2.7,1.9,1.7
14,古亭,11,風向,WIND_DIREC,degrees,2001-09-20,111,88,81,106,108,92,87,101,100,93,98,102,116,106,92,80,78,63,70,65,65,68,60,64
14,古亭,14,溫度,AMB_TEMP,℃,2001-09-20,28.4,28.4,28.4,28.3,28.1,27.8,28.7,30.8,32.8,33,34.1,34.3,34.7,34,34.1,32.9,31.9,29.4,28.8,28.4,28.2,28.1,27.1,27.3
14,古亭,31,甲烷,CH4,ppm,2001-09-20,1.7,1.8,1.7,1.8,1.7,1.8,1.8,1.8,1.8,1.7,1.7,1.8,1.8,1.7,1.8,1.8,1.9,1.8,1.8,1.9,1.9,1.9,1.7,1.8
14,古亭,33,細懸浮微粒,PM2.5,μg/m3,2001-09-20,11,11,12,9.6,11,18,21,20,24,34,38,33,24,22,19,12,11,12,12,8.2,8.2,11,12,11
15,松山,1,二氧化硫,SO2,ppb,2001-09-20,x,x,x,x,x,x,x,x,x,x,x,x,x,x,x,x,x,x,x,x,x,x,x,x
15,松山,2,一氧化碳,CO,ppm,2001-09-20,x,x,x,x,x,x,x,x,x,x,x,x,x,x,x,x,x,x,x,x,x,x,x,x
15,松山,3,臭氧,O3,ppb,2001-09-20,x,x,x,x,x,x,x,x,x,x,x,x,x,x,x,x,x,x,x,x,x,x,x,x
15,松山,4,懸浮微粒,PM10,μg/m3,2001-09-20,x,x,x,x,x,x,x,x,x,x,x,x,x,x,x,x,x,x,x,x,x,x,x,x
15,松山,5,氮氧化物,NOx,ppb,2001-09-20,x,x,x,x,x,x,x,x,x,x,x,x,x,x,x,x,x,x,x,x,x,x,x,x
15,松山,6,一氧化氮,NO,ppb,2001-09-20,x,x,x,x,x,x,x,x,x,x,x,x,x,x,x,x,x,x,x,x,x,x,x,x
15,松山,7,二氧化氮,NO2,ppb,2001-09-20,x,x,x,x,x,x,x,x,x,x,x,x,x,x,x,x,x,x,x,x,x,x,x,x
15,松山,10,風速,WIND_SPEED,m/sec,2001-09-20,x,x,x,x,x,x,x,x,x,x,x,x,x,x,x,x,x,x,x,x,x,x,x,x
15,松山,11,風向,WIND_DIREC,degrees,2001-09-20,x,x,x,x,x,x,x,x,x,x,x,x,x,x,x,x,x,x,x,x,x,x,x,x
15,松山,14,溫度,AMB_TEMP,℃,2001-09-20,x,x,x,x,x,x,x,x,x,x,x,x,x,x,x,x,x,x,x,x,x,x,x,x
16,大同,1,二氧化硫,SO2,ppb,2001-09-20,3.6,2.2,1.5,1.8,2.4,3.9,6.1,9.1,10,8.1,6.7,6.8,8.5,7.2,7.1,6.4,11,9.7,16,15,18,11,8,7.2
16,大同,2,一氧化碳,CO,ppm,2001-09-20,2.2,1.3,1.1,1,0.9,1.4,2.6,5.5,6.1,3.6,3.1,3.1,3.4,3.3,3.5,3.3,3.3,4.1,6.4,5.5,4.3,3.6,3.4,2.2
16,大同,4,懸浮微粒,PM10,μg/m3,2001-09-20,70,53,33,46,27,25,33,41,71,100,97,96,87,78,89,82,82,79,70,57,65,68,53,68
16,大同,5,氮氧化物,NOx,ppb,2001-09-20,90,64,55,x,53,69,177,241,229,207,174,x,178,183,172,164,168,177,247,252,240,187,198,132
16,大同,6,一氧化氮,NO,ppb,2001-09-20,44,28,24,x,19,32,129,179,165,151,126,x,135,134,130,129,139,144,211,219,206,158,167,109
16,大同,7,二氧化氮,NO2,ppb,2001-09-20,47,36,31,x,34,37,48,62,65,56,47,x,43,49,42,35,29,34,36,33,35,29,31,23
16,大同,8,總碳氫化合物,THC,ppm,2001-09-20,x,x,x,x,x,x,x,x,x,x,x,x,x,x,4.1,3.6,3.6,4.8,6.8,5.4,4.7,3.9,4.3,3.4
16,大同,9,非甲烷碳氫化合物,NMHC,ppm,2001-09-20,x,x,x,x,x,x,x,x,x,x,x,x,x,x,1.9,1.5,1.4,2.5,4.4,3.1,2.4,1.7,2.1,1.3
16,大同,14,溫度,AMB_TEMP,℃,2001-09-20,28,27.5,27.2,27.1,26.8,26.7,27.7,29.9,31.1,32.9,33.6,34,34.9,33.9,34.1,33,31.2,28.9,28.4,28.2,28.1,27.4,26.8,26.9
16,大同,31,甲烷,CH4,ppm,2001-09-20,x,x,x,x,x,x,x,x,x,x,x,x,x,x,2.2,2.1,2.2,2.2,2.3,2.3,2.2,2.2,2.3,2.1
17,桃園,1,二氧化硫,SO2,ppb,2001-09-20,4.8,4.5,0.2,0,0.1,0.6,4,2.5,1.4,1,0.8,x,0.4,0.3,0.4,0.7,1,4,2.6,1.1,3,10,5.1,5
17,桃園,2,一氧化碳,CO,ppm,2001-09-20,0.4,0.4,0.3,0.3,0.3,0.3,0.7,0.8,0.5,0.4,0.4,x,0.4,0.4,0.4,0.4,0.4,0.8,0.7,0.6,0.7,1.1,0.8,0.8
17,桃園,3,臭氧,O3,ppb,2001-09-20,34,26,41,45,45,46,x,30,44,46,49,x,42,39,27,23,17,4.6,4.8,5.9,2,1.5,1.4,1
17,桃園,4,懸浮微粒,PM10,μg/m3,2001-09-20,23,12,18,15,18,20,19,26,46,46,35,42,x,x,49,26,30,31,31,29,21,18,32,32
17,桃園,5,氮氧化物,NOx,ppb,2001-09-20,12,19,6.2,x,4.2,4.9,36,24,12,9,9.5,x,x,5.8,9.7,10,12,27,19,14,24,47,30,32
17,桃園,6,一氧化氮,NO,ppb,2001-09-20,0.1,1,0.1,x,0.1,0.1,8.3,4,1.6,1.2,1.2,x,x,0.9,2.4,2.6,3,8,3.8,1.5,6.8,28,12,13
17,桃園,7,二氧化氮,NO2,ppb,2001-09-20,12,18,6.1,x,4.1,4.8,28,20,11,7.8,8.3,x,x,4.9,7.3,7.7,9.2,19,15,12,17,19,18,19
17,桃園,8,總碳氫化合物,THC,ppm,2001-09-20,2,2,1.9,1.9,1.8,2,2.6,2.4,2.1,2.1,x,2,2,1.8,1.9,2,2,2.2,2.3,2.2,2.4,2.7,2.3,2.2
17,桃園,9,非甲烷碳氫化合物,NMHC,ppm,2001-09-20,0.1,0.1,0,0.1,0,0,0.4,0.4,0.2,0.2,x,0.1,0.1,0.1,0.1,0.1,0.1,0.3,0.4,0.3,0.4,0.6,0.3,0.3
17,桃園,10,風速,WIND_SPEED,m/sec,2001-09-20,1.5,0.4,2.9,3.1,2.7,2.8,0.4,1.4,2.7,3.9,5,4.9,4.8,5,5,5.6,5.6,5.9,4.9,2.9,3.1,2.4,2.5,2.4
17,桃園,11,風向,WIND_DIREC,degrees,2001-09-20,161,56,151,170,181,158,303,159,155,144,142,143,148,143,140,141,142,137,143,143,141,127,127,135
17,桃園,14,溫度,AMB_TEMP,℃,2001-09-20,26.2,25.4,25.5,25.9,25.8,25.9,26.7,29.3,31,32,32.4,33.3,33.2,33.3,32.3,31.1,30.4,28.4,27.3,27,26.6,26.3,25.9,25.6
17,桃園,31,甲烷,CH4,ppm,2001-09-20,1.9,1.9,1.9,1.8,1.8,1.9,2.2,2,1.9,1.9,x,1.9,1.9,1.8,1.8,1.9,1.9,1.9,1.9,1.9,2,2.1,2,1.9
18,大園,1,二氧化硫,SO2,ppb,2001-09-20,15,3.8,6.8,4.3,4.6,6.4,5.9,7,5.4,4.4,1.4,1.6,2.2,2,1.1,1.6,2.2,4,2,3.6,3.9,7.3,4.4,2.8
18,大園,2,一氧化碳,CO,ppm,2001-09-20,0.4,0.4,0.4,0.4,0.4,0.4,0.5,0.7,0.6,0.5,0.5,0.5,0.5,0.4,0.4,0.5,0.5,0.5,0.5,0.7,0.7,0.5,0.4,0.4
18,大園,3,臭氧,O3,ppb,2001-09-20,23,32,34,38,38,32,x,24,37,39,42,42,39,35,25,22,13,6.9,4.2,0.4,0.9,0.6,5.2,4.9
18,大園,4,懸浮微粒,PM10,μg/m3,2001-09-20,25,22,23,24,16,22,29,33,40,40,49,43,39,46,36,30,30,29,24,21,18,15,24,18
18,大園,5,氮氧化物,NOx,ppb,2001-09-20,27,14,14,x,8.7,15,22,32,28,27,18,17,20,19,19,23,22,21,23,39,30,28,19,16
18,大園,6,一氧化氮,NO,ppb,2001-09-20,0.8,0.4,0.4,x,0.3,0.6,2.8,7.6,6.3,6.6,3.9,3.9,4.7,5.1,6.1,6.3,6.4,6.4,5.6,16,9.5,8.1,5.3,3.1
18,大園,7,二氧化氮,NO2,ppb,2001-09-20,26,14,13,x,8.4,15,19,25,21,21,14,13,15,14,13,16,16,15,17,23,21,19,14,13
18,大園,10,風速,WIND_SPEED,m/sec,2001-09-20,4.1,3.1,3.4,3.1,2.9,0.9,3.5,0.9,3.7,5.3,5,5.2,5.2,5,4.8,4.4,4.4,4.9,5,3,3.1,3.2,4.2,2.6
18,大園,11,風向,WIND_DIREC,degrees,2001-09-20,111,116,128,127,111,888,122,888,128,113,107,110,111,107,105,78,67,86,97,98,95,77,72,70
18,大園,14,溫度,AMB_TEMP,℃,2001-09-20,27.3,26.7,26.7,26.9,26.7,26.3,27.1,29.4,31,31.8,32.2,33,33.9,34.1,33.4,32.4,31,29.6,28.4,28,27.7,27.5,26.5,25.7
19,觀音,1,二氧化硫,SO2,ppb,2001-09-20,5.1,5.4,3.7,4.5,4.5,3.6,2.7,3.7,3.7,3.9,1.3,3,1.5,2.5,2.8,5.6,9.3,14,13,14,14,18,16,15
19,觀音,2,一氧化碳,CO,ppm,2001-09-20,0.5,0.7,0.6,0.4,0.4,0.4,0.4,0.5,0.4,0.5,0.3,0.3,0.3,0.3,0.3,0.3,0.3,0.4,0.4,0.5,0.6,0.4,0.3,0.3
19,觀音,3,臭氧,O3,ppb,2001-09-20,13,3.7,13,19,15,18,x,25,38,55,60,65,60,48,27,14,8.1,2.5,1.3,1.4,0.8,0.6,0.8,0.7
19,觀音,4,懸浮微粒,PM10,μg/m3,2001-09-20,26,13,49,53,35,57,38,31,29,22,29,33,35,21,43,27,51,35,19,17,11,18,28,58
19,觀音,5,氮氧化物,NOx,ppb,2001-09-20,32,40,30,x,20,18,19,23,22,18,7.7,10,7.8,12,15,32,39,44,37,36,56,65,51,60
19,觀音,6,一氧化氮,NO,ppb,2001-09-20,5.2,4.5,3,x,0.3,1,3.8,6.1,5.3,3,1.2,1.7,1.6,3.5,4.4,14,19,22,15,15,35,45,32,40
19,觀音,7,二氧化氮,NO2,ppb,2001-09-20,27,36,27,x,20,17,15,16,17,15,6.5,8.6,6.2,8.6,11,18,21,23,21,21,21,20,20,20
19,觀音,8,總碳氫化合物,THC,ppm,2001-09-20,3.6,4.1,3.6,3.5,3.5,3.2,3.1,3.2,3.3,3.2,3.1,3.1,3,2.9,2.7,2.7,2.8,3.1,3.2,3.3,3.2,3,3,2.9
19,觀音,9,非甲烷碳氫化合物,NMHC,ppm,2001-09-20,0.6,0.8,0,0.1,0.2,0.1,0.1,0.1,0.1,0.1,0.1,0.1,0,0.1,0.1,0,0.1,0.2,0.2,0.2,0.2,0.2,0.2,0.1
19,觀音,10,風速,WIND_SPEED,m/sec,2001-09-20,x,x,x,x,x,x,x,x,x,x,x,x,x,x,x,2.2,3.9,4.1,3.4,4.4,3.3,4.2,5.3,4.7
19,觀音,11,風向,WIND_DIREC,degrees,2001-09-20,x,x,x,x,x,x,x,x,x,x,99,79,89,70,50,52,55,67,80,76,74,68,65,67
19,觀音,14,溫度,AMB_TEMP,℃,2001-09-20,25.5,24.9,25.1,25,24.6,24.5,26.2,28.9,30.2,31.7,33,33.7,34.4,33.9,31.1,30.1,30.3,29.1,27.9,27.5,27.2,26.9,26.3,25.8
19,觀音,21,酸雨,PH_RAIN,pH,2001-09-20,0,0,0,0,0,0,0,0,0,0,0,0,0,0,0,0,0,0,0,0,0,0,0,0
19,觀音,22,導電度,RAIN_COND,μmho/cm,2001-09-20,0,0,0,0,0,0,0,0,0,0,0,0,0,0,0,0,0,0,0,0,0,0,0,0
19,觀音,31,甲烷,CH4,ppm,2001-09-20,3.1,3.3,3.6,3.4,3.3,3,2.9,3.1,3.2,3.2,3,3,3,2.8,2.7,2.6,2.7,2.9,3,3.1,2.9,2.8,2.8,2.9
19,觀音,32,降雨強度,RAIN_INT,㎜,2001-09-20,0,0,0,0,0,0,0,0,0,0,0,0,0,0,0,0,0,0,0,0,0,0,0,0
20,平鎮,1,二氧化硫,SO2,ppb,2001-09-20,2.9,1.5,3.4,2.5,2.3,1.3,2.4,2.9,3,3.1,2.4,1.5,1.4,2.2,2.9,1.9,1.9,3.5,4.6,3.2,3.3,3.4,5.1,3
20,平鎮,2,一氧化碳,CO,ppm,2001-09-20,1.1,0.7,0.6,0.5,0.5,0.8,1.5,1.5,1.2,1,0.8,0.9,0.8,0.6,0.6,0.6,0.6,0.9,1.1,1,0.9,1,0.9,0.6
20,平鎮,3,臭氧,O3,ppb,2001-09-20,9.4,21,23,28,21,14,x,21,32,42,44,45,44,42,33,25,19,6,2.4,2.4,3.9,2.4,1.9,3.2
20,平鎮,4,懸浮微粒,PM10,μg/m3,2001-09-20,52,87,83,73,54,37,27,21,52,43,43,39,50,46,56,56,56,48,41,34,25,21,50,51
20,平鎮,5,氮氧化物,NOx,ppb,2001-09-20,33,19,19,x,19,28,53,40,34,30,23,22,22,20,22,22,23,35,41,35,24,31,36,23
20,平鎮,6,一氧化氮,NO,ppb,2001-09-20,3.1,0.1,0.1,x,0.8,3.9,22,12,6.9,4.5,3.1,2.7,3.6,3.6,5.4,7.9,9.3,15,21,17,8.1,14,17,6.8
20,平鎮,7,二氧化氮,NO2,ppb,2001-09-20,30,19,19,x,18,24,32,28,27,25,20,19,18,16,16,14,14,20,21,18,16,18,19,17
20,平鎮,8,總碳氫化合物,THC,ppm,2001-09-20,2.8,2.5,2.4,2.5,2.3,2.6,3.3,2.4,2.4,2.4,2.2,2,2,1.9,1.9,2,1.9,2.1,2.2,2.2,2.2,2.2,2.3,2
20,平鎮,9,非甲烷碳氫化合物,NMHC,ppm,2001-09-20,0.5,0.3,0.2,0.2,0.1,0.4,0.7,0.5,0.5,0.4,0.3,0.2,0.3,0.2,0.2,0.3,0.2,0.3,0.4,0.4,0.4,0.4,0.4,0.2
20,平鎮,14,溫度,AMB_TEMP,℃,2001-09-20,25.4,25.3,25.2,25,24.5,24.5,25.5,28.4,30.1,31.3,33.2,33.8,34.3,34.4,33.6,32.2,30.8,29.3,27.9,27.4,26.9,26.7,26.3,26.2
20,平鎮,31,甲烷,CH4,ppm,2001-09-20,2.3,2.2,2.3,2.3,2.2,2.3,2.7,1.9,1.9,2,1.9,1.8,1.8,1.7,1.7,1.7,1.7,1.8,1.8,1.8,1.8,1.8,1.9,1.8
21,龍潭,1,二氧化硫,SO2,ppb,2001-09-20,0.5,0.6,0.4,0.1,0.4,1,1.5,1.9,1.2,0.5,0.3,0.4,0.4,0.5,0.7,1.3,1.1,0.7,0.4,0.6,1.2,1.9,2.3,1.9
21,龍潭,2,一氧化碳,CO,ppm,2001-09-20,0.4,0.4,0.4,0.4,0.4,0.5,0.7,0.8,0.6,0.5,0.6,0.5,0.4,0.4,0.4,0.4,0.4,0.5,0.7,0.6,0.6,0.6,0.5,0.5
21,龍潭,3,臭氧,O3,ppb,2001-09-20,26,27,22,24,18,12,x,25,40,43,56,66,73,80,54,32,23,22,29,9.5,8.9,9,8,8.6
21,龍潭,4,懸浮微粒,PM10,μg/m3,2001-09-20,48,46,45,38,37,31,34,45,38,38,28,31,34,38,38,38,124,78,109,93,50,44,22,17
21,龍潭,5,氮氧化物,NOx,ppb,2001-09-20,17,13,18,x,19,27,54,30,19,16,16,14,14,11,17,23,21,29,29,28,28,27,29,25
21,龍潭,6,一氧化氮,NO,ppb,2001-09-20,0,0,1.1,x,1.2,5,32,10,3.8,3.5,2.5,1.7,1.8,1.6,3,6,5.1,8.6,4.2,11,11,11,10,7.4
21,龍潭,7,二氧化氮,NO2,ppb,2001-09-20,17,13,17,x,17,22,23,20,16,13,14,12,12,9.6,14,17,16,20,24,17,17,16,19,18
21,龍潭,10,風速,WIND_SPEED,m/sec,2001-09-20,1.6,0.9,1.6,0.9,0.9,0.2,0.4,0.2,1.2,1.3,0.8,1.4,1.2,1.2,2.8,3.8,4.6,2.4,1.5,2.7,3.1,3.1,4.9,4.3
21,龍潭,11,風向,WIND_DIREC,degrees,2001-09-20,159,93,91,888,171,44,156,123,25,61,888,358,77,888,357,16,23,100,110,34,17,34,23,27
21,龍潭,14,溫度,AMB_TEMP,℃,2001-09-20,24.7,24.3,24.1,23.8,24,23.7,24.5,27.4,28.3,30.8,31.8,33.1,33.4,34.1,33.2,31.7,30.1,27.9,26.4,26.3,25.9,25.4,25.5,25.3
22,湖口,1,二氧化硫,SO2,ppb,2001-09-20,1.4,0.9,0.4,0.1,x,0.9,1.1,1.8,2.6,4.4,3.1,1.6,1.7,2.2,1.8,0.9,1,1.5,1,2.3,5.2,4.1,5.1,3.8
22,湖口,2,一氧化碳,CO,ppm,2001-09-20,0.5,0.5,0.5,0.5,x,0.5,0.7,0.8,0.6,0.6,0.5,0.4,0.6,0.6,0.5,0.4,0.4,0.6,0.5,0.6,0.6,0.6,0.7,0.5
22,湖口,3,臭氧,O3,ppb,2001-09-20,22,20,15,18,x,5,x,16,28,38,54,68,106,120,112,89,80,15,23,12,0.5,0.5,0.5,1.4
22,湖口,4,懸浮微粒,PM10,μg/m3,2001-09-20,48,48,53,29,x,42,21,58,45,45,47,47,52,52,66,60,65,74,65,56,41,36,16,16
22,湖口,5,氮氧化物,NOx,ppb,2001-09-20,16,15,17,x,x,25,40,36,26,33,21,10,8.4,8,7.1,5.8,4.6,19,18,22,43,35,29,20
22,湖口,6,一氧化氮,NO,ppb,2001-09-20,0.7,0.7,1.7,x,x,3.1,16,14,7,6.9,2.8,0.6,0.1,0.1,0.1,0.1,0.1,4.9,3.6,5.3,26,18,11,3.9
22,湖口,7,二氧化氮,NO2,ppb,2001-09-20,15,15,15,x,x,22,24,22,20,27,18,9.6,8.3,7.9,7,5.7,4.6,14,14,17,17,17,18,16
22,湖口,10,風速,WIND_SPEED,m/sec,2001-09-20,1.4,1.2,1.1,1.3,x,1.3,0.9,0.6,1.2,1.4,1,0.6,2.8,2.5,2.3,1.6,0.7,3.8,2.6,2.8,2.8,3.4,4.1,4.9
22,湖口,11,風向,WIND_DIREC,degrees,2001-09-20,185,145,119,128,x,97,112,124,55,35,61,888,283,276,289,297,310,89,115,98,71,51,47,53
22,湖口,14,溫度,AMB_TEMP,℃,2001-09-20,25.8,25.6,25.2,25,x,24.7,26.4,28.9,30.2,32.9,35.5,37,34.8,34.2,34.5,33.4,33.9,30.2,27.9,27.3,27.5,27.2,26.7,26.6
23,竹東,1,二氧化硫,SO2,ppb,2001-09-20,0.1,0,0,0,0,0,0.1,0.2,0.1,1.1,0.8,0.5,2,2.8,1.8,1.4,2,1.4,0.2,0.3,0.1,0.1,0.1,0.1
23,竹東,2,一氧化碳,CO,ppm,2001-09-20,0.6,0.4,0.4,0.4,0.4,0.4,0.6,0.6,0.4,0.4,0.4,0.4,0.5,0.6,0.6,0.5,0.6,0.6,0.6,0.6,0.6,0.5,0.4,0.3
23,竹東,3,臭氧,O3,ppb,2001-09-20,21,26,22,25,15,11,x,x,x,x,x,x,x,x,x,x,x,x,x,x,x,x,x,x
23,竹東,4,懸浮微粒,PM10,μg/m3,2001-09-20,36,33,26,17,20,26,30,27,22,29,38,35,42,44,55,56,52,56,51,47,27,30,28,17
23,竹東,5,氮氧化物,NOx,ppb,2001-09-20,11,7.4,5.4,x,3.5,4.5,8.8,11,7.5,11,11,8.4,12,15,12,7.5,13,14,14,12,9.4,9.2,7.2,5.6
23,竹東,6,一氧化氮,NO,ppb,2001-09-20,0,0,0,x,0.1,0.3,2.3,4.8,2.3,2.6,1.9,1.2,1.4,0.7,0.4,0.2,0.3,0.2,0.1,0.2,0.1,0.4,0.6,0.4
23,竹東,7,二氧化氮,NO2,ppb,2001-09-20,11,7.4,5.4,x,3.4,4.3,6.4,6.4,5.2,8.1,8.5,7.2,11,14,12,7.3,12,14,14,12,9.3,8.9,6.6,5.2
23,竹東,10,風速,WIND_SPEED,m/sec,2001-09-20,0.5,0.2,0.5,0.7,0.9,1.1,1,1.3,1,0.7,0.5,0.9,1.2,1,1.4,1.2,0.9,2.7,1.7,1.5,1.5,1.8,1.4,1.6
23,竹東,11,風向,WIND_DIREC,degrees,2001-09-20,146,144,149,142,155,153,144,145,137,359,15,1,360,331,279,256,269,142,149,154,157,165,155,160
23,竹東,14,溫度,AMB_TEMP,℃,2001-09-20,25.5,25.3,24.9,24.9,24.4,23.8,24.2,25.4,27.8,29.4,30.3,32.2,33,33.7,32.7,31.7,30.6,26.9,23.6,24.4,24.8,24.7,24.8,24.8
24,新竹,1,二氧化硫,SO2,ppb,2001-09-20,0.5,0.4,0.5,0.5,0.7,1.7,2,4.5,3.4,2,1.6,0.9,1.3,1.6,1.2,4.5,3.6,1.8,1.9,1.3,1.6,2.4,5.3,3.6
24,新竹,2,一氧化碳,CO,ppm,2001-09-20,0.4,0.4,0.5,0.4,0.5,0.6,0.9,1.3,0.9,0.7,0.7,0.7,0.7,0.6,0.5,0.7,0.7,0.8,0.9,0.8,0.9,0.9,0.7,0.6
24,新竹,3,臭氧,O3,ppb,2001-09-20,43,39,33,25,24,14,x,5.6,19,32,48,89,102,94,88,71,60,52,24,16,6.9,1.3,0.3,0.6
24,新竹,4,懸浮微粒,PM10,μg/m3,2001-09-20,21,31,31,23,33,27,16,13,47,47,47,37,57,63,57,40,40,43,47,33,33,33,35,24
24,新竹,5,氮氧化物,NOx,ppb,2001-09-20,7.8,5.2,8.4,x,9.4,21,45,58,28,21,21,17,15,10,11,18,20,22,33,35,38,41,34,22
24,新竹,6,一氧化氮,NO,ppb,2001-09-20,0,0,0,x,0.1,2.5,18,31,11,4.2,2.8,0.7,0.4,0.5,0.5,1.2,1,1,2.4,2.7,6.5,15,16,5.7
24,新竹,7,二氧化氮,NO2,ppb,2001-09-20,7.8,5.2,8.4,x,9.3,19,27,27,17,17,18,16,14,9.7,10,17,19,21,31,32,31,26,18,17
24,新竹,8,總碳氫化合物,THC,ppm,2001-09-20,2.5,2.5,2.7,2.5,2.8,2.6,2.8,2.7,2.3,2.1,2.2,2.5,2.6,2.4,2.2,2.2,2.2,2.4,2.3,2.1,2.5,2.6,2.5,2.4
24,新竹,9,非甲烷碳氫化合物,NMHC,ppm,2001-09-20,0,0,0.1,0.1,0.1,0.1,0.2,0.4,0.2,0.1,0.1,0.3,0.2,0.1,0,0.1,0.2,0.1,0.3,0.2,0.3,0.3,0.2,0.1
24,新竹,10,風速,WIND_SPEED,m/sec,2001-09-20,1.5,1,0.6,1.2,0.5,0.5,0.6,0.9,2,1.5,1.1,1.9,2.3,2.7,2.1,1.6,1.3,0.8,2.5,1.7,1.4,1,1.6,2.1
24,新竹,11,風向,WIND_DIREC,degrees,2001-09-20,291,278,229,150,151,114,101,98,101,68,113,280,293,291,289,265,296,888,102,94,105,89,87,98
24,新竹,14,溫度,AMB_TEMP,℃,2001-09-20,27.5,27.2,27,26.4,26.2,25.9,26.7,28.9,30.2,30.9,31.6,32.8,32.9,32.1,32.6,33.2,32.6,31.6,27.3,25.9,27.1,27.3,27.4,27.3
24,新竹,31,甲烷,CH4,ppm,2001-09-20,2.5,2.5,2.6,2.4,2.6,2.4,2.5,2.2,2.1,2.1,2.1,2.2,2.4,2.4,2.2,2.1,2.1,2.3,2,1.9,2.2,2.3,2.3,2.3
25,頭份,1,二氧化硫,SO2,ppb,2001-09-20,3.7,2.5,2.9,3.5,1.6,2.1,2.1,1.3,1.6,1.5,1.5,3.6,7.5,3.3,5.7,16,21,7.6,2.4,1.8,2.5,2.4,1.8,3.2
25,頭份,4,懸浮微粒,PM10,μg/m3,2001-09-20,50,49,48,62,59,57,57,x,67,147,48,53,74,91,63,63,73,87,74,50,40,36,52,42
25,頭份,5,氮氧化物,NOx,ppb,2001-09-20,5.7,4.4,18,x,23,30,36,25,19,11,14,9.2,11,7.7,9.3,26,40,14,15,20,28,29,24,16
25,頭份,6,一氧化氮,NO,ppb,2001-09-20,0.2,0.1,1.1,x,2.6,7.6,14,9.4,5.5,1.4,1.6,0.3,0.2,0.3,0.4,3.6,4.7,0,0,0,0.2,0.3,0.8,1.2
25,頭份,7,二氧化氮,NO2,ppb,2001-09-20,5.6,4.3,17,x,20,23,22,16,13,9.2,12,8.9,11,7.4,8.9,23,35,13,15,20,28,29,23,15
25,頭份,8,總碳氫化合物,THC,ppm,2001-09-20,2.2,2.3,2.9,2.5,2.5,2.4,2.4,x,2.2,2.1,2.1,2.1,2.2,2.1,2.1,2.3,2.6,2.2,2.1,2.1,2.2,2.2,2.2,2.2
25,頭份,9,非甲烷碳氫化合物,NMHC,ppm,2001-09-20,0,0.1,0.3,0.2,0.2,0.2,0.2,x,0.2,0.1,0.1,0.1,0.2,0.1,0.2,0.3,0.5,0.1,0.2,0.1,0.2,0.1,0.1,0.1
25,頭份,10,風速,WIND_SPEED,m/sec,2001-09-20,1.7,0.9,0.6,1,1.2,1.1,1.3,1.5,1.6,1.7,1.9,2.2,2.9,2.4,1.9,1.7,1.4,1.4,1.3,1.1,1.4,1.2,1.4,1.6
25,頭份,11,風向,WIND_DIREC,degrees,2001-09-20,333,3,174,172,135,134,120,111,119,32,46,352,330,318,288,263,233,4,46,24,45,20,82,93
25,頭份,14,溫度,AMB_TEMP,℃,2001-09-20,27.3,27,26.5,26.2,25.7,25.4,26.2,28.6,30.5,31.7,32.4,32.5,32.3,32,31.8,31.7,31.5,30.1,29.2,28.3,27.4,27,26.8,26.6
25,頭份,31,甲烷,CH4,ppm,2001-09-20,2.2,2.2,2.6,2.4,2.3,2.3,2.2,x,2.1,1.9,1.9,2,2,2,2,2,2.1,2,1.9,2,2,2.1,2.1,2.1
26,苗栗,1,二氧化硫,SO2,ppb,2001-09-20,1.1,0.6,1.1,1.6,0.7,1,1.2,1.5,1.5,1.7,1.4,3.5,2.3,2.1,1.9,2.6,2.3,2.5,4.1,4.8,3.9,4.1,3.6,7.9
26,苗栗,2,一氧化碳,CO,ppm,2001-09-20,0.5,0.5,0.4,0.5,0.5,0.5,0.5,0.7,0.6,0.6,0.5,0.7,0.6,0.6,0.5,0.6,0.7,0.9,0.8,0.9,1,0.8,0.7,0.7
26,苗栗,3,臭氧,O3,ppb,2001-09-20,9.1,12,13,12,7.9,7.6,x,11,26,36,47,70,94,81,56,50,44,33,35,16,3.5,17,11,1.1
26,苗栗,4,懸浮微粒,PM10,μg/m3,2001-09-20,21,22,22,28,19,19,25,25,25,31,29,25,33,40,40,34,26,29,39,52,52,50,63,63
26,苗栗,5,氮氧化物,NOx,ppb,2001-09-20,21,17,15,x,17,16,14,23,x,x,x,x,x,x,x,x,x,x,x,x,25,x,x,25
26,苗栗,6,一氧化氮,NO,ppb,2001-09-20,0.7,1.1,0.6,x,0.5,0.5,1.7,6.7,x,x,x,x,x,x,x,x,x,x,x,x,0,x,x,x
26,苗栗,7,二氧化氮,NO2,ppb,2001-09-20,20,16,15,x,17,15,12,16,x,x,x,x,x,x,x,x,x,x,x,x,25,x,x,x
26,苗栗,10,風速,WIND_SPEED,m/sec,2001-09-20,0.4,0.2,0,0,0.3,0.9,1,0.4,0.3,0.7,1.3,1.9,1.8,2,1.6,0.6,0.3,0.4,0.5,0.3,0.6,0.3,0.4,0.1
26,苗栗,11,風向,WIND_DIREC,degrees,2001-09-20,100,67,142,175,195,202,191,169,125,91,11,21,348,345,1,316,264,888,24,196,888,300,315,888
26,苗栗,14,溫度,AMB_TEMP,℃,2001-09-20,25.7,25.5,25.5,25.5,25.1,24.8,25,26.6,28.8,30,31.2,31.5,31.9,32.2,30.6,29.8,29.6,29.1,28,28.2,27.5,27.1,26.2,25.9
27,三義,1,二氧化硫,SO2,ppb,2001-09-20,0,0,0,0,0,0,0,0,0,0,0.1,0.4,x,x,x,x,x,1.2,0,1.2,1.1,0.2,0.4,0.2
27,三義,2,一氧化碳,CO,ppm,2001-09-20,0.3,0.3,0.3,0.3,0.3,0.3,0.4,0.4,0.3,0.3,0.4,0.3,0.4,0.4,0.4,0.4,0.4,0.5,0.5,0.6,0.6,0.5,0.5,0.6
27,三義,3,臭氧,O3,ppb,2001-09-20,32,29,22,32,30,11,x,27,40,40,45,59,61,63,53,44,39,27,14,4.4,2.7,9.8,12,9.5
27,三義,4,懸浮微粒,PM10,μg/m3,2001-09-20,18,13,12,12,12,15,25,26,20,15,12,31,26,22,44,38,30,29,23,22,19,26,34,35
27,三義,5,氮氧化物,NOx,ppb,2001-09-20,7.1,7.4,16,x,3.8,17,28,14,6.5,5.4,12,11,20,24,31,18,7.2,11,15,37,46,22,12,0
27,三義,6,一氧化氮,NO,ppb,2001-09-20,0,0,0,x,0,1.4,9,3.2,1.3,0.9,1.6,1,2.5,2.8,1.7,0.5,0.1,0.3,0.3,11,16,2,0.9,0
27,三義,7,二氧化氮,NO2,ppb,2001-09-20,7.1,7.4,16,x,3.8,15,19,10,5.2,4.5,10,10,18,21,29,17,7.2,11,15,26,29,20,11,0
27,三義,8,總碳氫化合物,THC,ppm,2001-09-20,1.7,1.8,x,1.8,1.8,1.8,1.8,1.8,1.7,1.7,1.8,1.9,2,1.9,2,1.9,1.9,1.8,1.9,2.2,2.2,2,2.1,2.1
27,三義,9,非甲烷碳氫化合物,NMHC,ppm,2001-09-20,0.1,0.1,x,0,0,0,0.1,0.1,0,0,0.1,0.1,0.2,0.1,0.1,0.1,0.1,0.1,0.1,0.4,0.4,0.2,0.3,0.2
27,三義,10,風速,WIND_SPEED,m/sec,2001-09-20,1.6,1.3,1.9,1.6,1.3,0.6,0.8,0.8,0.8,0.5,0.6,1.6,1.7,2.1,1.2,0.8,0.4,0.2,0,0.3,0.8,0.4,0.6,0.7
27,三義,11,風向,WIND_DIREC,degrees,2001-09-20,29,20,28,26,21,29,23,23,27,888,888,339,318,324,15,67,45,38,999,888,200,231,28,19
27,三義,14,溫度,AMB_TEMP,℃,2001-09-20,23.1,23,22.7,22.5,22.2,21.7,22.2,24.3,26.5,29,30,29.9,30.3,30,27.7,26,24.8,24.3,23.8,23.6,23.2,22.9,22.7,22.5
27,三義,21,酸雨,PH_RAIN,pH,2001-09-20,0,0,0,0,0,0,0,0,0,0,0,0,0,0,0,0,0,0,0,0,0,0,0,0
27,三義,22,導電度,RAIN_COND,μmho/cm,2001-09-20,0,0,0,0,0,0,0,0,0,0,0,0,0,0,0,0,0,0,0,0,0,0,0,0
27,三義,31,甲烷,CH4,ppm,2001-09-20,1.7,1.8,x,1.8,1.8,1.8,1.7,1.7,1.7,1.7,1.7,1.8,1.8,1.8,1.9,1.8,1.8,1.8,1.8,1.8,1.8,1.9,1.9,1.9
27,三義,32,降雨強度,RAIN_INT,㎜,2001-09-20,0,0,0,0,0,0,0,0,0,0,0,0,0,0,0,0,0,0,0,0,0,0,0,0
28,豐原,1,二氧化硫,SO2,ppb,2001-09-20,1.2,0.3,0.2,0.1,0.3,0.7,1,1.5,1,1.5,1.5,5.1,5.3,4.2,3.6,4.9,2.2,5.4,2.4,2.4,5.4,3.7,4.9,0.8
28,豐原,2,一氧化碳,CO,ppm,2001-09-20,0.7,0.6,0.5,0.5,0.6,0.7,0.9,1.2,0.9,1.1,0.8,1.4,1.1,0.6,0.7,0.7,0.9,1.3,1.2,1.6,1.4,1.9,1.7,0.6
28,豐原,3,臭氧,O3,ppb,2001-09-20,26,29,29,29,26,17,7,14,24,54,63,65,71,74,79,71,36,32,25,23,16,17,7.1,13
28,豐原,4,懸浮微粒,PM10,μg/m3,2001-09-20,33,30,37,28,35,31,39,39,29,24,15,19,26,26,46,49,51,39,40,36,36,45,55,65
28,豐原,5,氮氧化物,NOx,ppb,2001-09-20,19,13,12,x,12,19,33,31,23,24,17,22,19,16,18,22,30,32,35,30,37,35,48,24
28,豐原,6,一氧化氮,NO,ppb,2001-09-20,0,0,0,x,0.2,2.2,14,14,7,3.6,1.7,2.5,1.9,1,1.2,0.8,2.2,1.5,1,0.5,1,0.6,8.3,2.2
28,豐原,7,二氧化氮,NO2,ppb,2001-09-20,19,13,12,x,12,17,19,18,16,21,15,19,17,15,17,21,27,30,34,30,36,34,39,21
28,豐原,10,風速,WIND_SPEED,m/sec,2001-09-20,0.4,0.3,0.6,0.6,0.5,0.5,0.3,0.9,0.4,0.2,0.4,1.3,1.4,1.3,1.2,1.2,0.6,0.3,0.3,0.7,0.8,0.2,0.2,0.6
28,豐原,11,風向,WIND_DIREC,degrees,2001-09-20,32,38,20,48,54,57,52,70,36,1,326,303,298,300,315,350,41,113,148,158,173,165,888,35
28,豐原,14,溫度,AMB_TEMP,℃,2001-09-20,24.5,24.3,23.9,23.9,23.7,23.3,24.3,26.6,29.6,32,33.1,31.9,31.1,30.4,31,29.4,28.5,28.4,27.9,27,26.1,25.9,25.6,24.9
29,沙鹿,1,二氧化硫,SO2,ppb,2001-09-20,0.8,0.9,1.1,0.9,1.2,0.7,0.9,2.2,1.9,4.1,15,19,8.7,6.6,11,2,1,3.7,8.4,4.8,2.1,0.9,2,2.1
29,沙鹿,2,一氧化碳,CO,ppm,2001-09-20,0.5,0.4,0.4,0.3,0.3,0.4,0.5,0.5,0.5,0.4,0.5,0.4,0.4,0.4,0.4,0.4,0.5,0.5,0.8,0.9,0.7,0.5,0.6,0.8
29,沙鹿,3,臭氧,O3,ppb,2001-09-20,22,24,25,26,24,18,x,21,30,44,48,45,47,51,53,57,54,48,34,18,21,30,21,6.6
29,沙鹿,4,懸浮微粒,PM10,μg/m3,2001-09-20,48,39,37,35,29,29,34,49,68,71,56,50,34,40,47,43,32,14,18,47,69,62,46,31
29,沙鹿,5,氮氧化物,NOx,ppb,2001-09-20,8.8,6,5.5,x,5.1,8,12,16,14,10,25,29,19,17,18,7.7,8.5,17,36,37,23,13,19,28
29,沙鹿,6,一氧化氮,NO,ppb,2001-09-20,0,0,0,x,0,0.1,1.1,3.1,2.5,1.2,4.3,5.6,2.6,1.5,2.4,0.2,0,0,0.1,0.3,0.1,0,0.1,0.6
29,沙鹿,7,二氧化氮,NO2,ppb,2001-09-20,8.8,5.9,5.4,x,5,7.9,11,13,12,9.1,21,24,17,15,16,7.5,8.5,17,35,36,23,13,19,27
29,沙鹿,10,風速,WIND_SPEED,m/sec,2001-09-20,1.7,2.4,2.6,2.5,1.6,1.3,2.3,2.2,1.3,1,2.3,2.5,1.9,1.7,2.1,2,1.1,0.6,0.5,1.4,1.8,2.2,1.7,1.9
29,沙鹿,11,風向,WIND_DIREC,degrees,2001-09-20,79,65,64,68,75,68,100,101,99,347,334,343,352,351,347,18,5,355,229,204,207,160,888,74
29,沙鹿,14,溫度,AMB_TEMP,℃,2001-09-20,26,26.1,26,25.6,25.3,24.7,26.4,29,31.6,33,32.6,31.6,31.7,31.6,31.7,30.4,29.5,28.7,28.3,27.8,27.2,27.4,27.3,26.5
30,大里,1,二氧化硫,SO2,ppb,2001-09-20,2.5,1.9,0.6,0.7,0.5,1,1.7,3,1.8,2.3,1.8,1.6,4.4,4.2,7.4,5.2,2.6,2.6,4,0.9,1.3,0.8,1.6,1.5
30,大里,2,一氧化碳,CO,ppm,2001-09-20,1.1,0.8,0.8,0.7,0.7,0.8,0.7,1.1,1,1.2,1.3,0.8,0.7,0.6,0.6,0.7,1,1.3,1.5,0.7,0.8,1,1.2,1.2
30,大里,3,臭氧,O3,ppb,2001-09-20,2,2.8,6.1,9.8,6.9,0.4,x,14,33,76,111,46,88,75,57,49,49,30,13,31,24,10,4.5,2
30,大里,4,懸浮微粒,PM10,μg/m3,2001-09-20,49,43,37,26,27,27,33,28,23,28,32,43,38,37,42,43,40,40,28,43,40,29,33,18
30,大里,5,氮氧化物,NOx,ppb,2001-09-20,37,27,22,x,19,30,25,33,30,37,34,24,20,21,37,37,24,32,58,20,22,32,38,40
30,大里,6,一氧化氮,NO,ppb,2001-09-20,6,2.5,0.9,x,0.9,8.6,7.6,9.7,4.9,3.7,3.2,2.9,0,0.3,2.8,4.1,0.1,0.5,4.2,0.1,0.2,0.5,2,5.4
30,大里,7,二氧化氮,NO2,ppb,2001-09-20,31,25,21,x,18,22,18,23,26,34,31,22,20,20,34,33,24,31,54,20,22,32,35,34
30,大里,10,風速,WIND_SPEED,m/sec,2001-09-20,1.2,0.9,0.8,1.1,0.4,0.6,0.7,0.9,0.8,1.4,1.5,x,3.2,2.8,3.3,2.8,1.6,0.9,1.5,2.1,0.7,0.6,0.4,0.4
30,大里,11,風向,WIND_DIREC,degrees,2001-09-20,120,134,99,104,266,157,120,132,888,272,228,x,311,299,294,339,22,108,230,203,247,273,252,269
30,大里,14,溫度,AMB_TEMP,℃,2001-09-20,25.3,25.1,25.1,25,24.5,23.9,25.2,27.3,29.8,31,32,33,33.2,33.3,33,32.1,30.6,30,28.2,27.1,26.6,26.1,26.1,25.8
31,忠明,1,二氧化硫,SO2,ppb,2001-09-20,3.2,3,1,0.9,0.4,1.1,2,1.4,2.3,3.4,2.7,2.9,2.8,1.8,1.6,1.8,3.5,4.1,3.2,2.8,1.4,2,3.6,3.7
31,忠明,2,一氧化碳,CO,ppm,2001-09-20,1.8,1.2,0.6,0.5,0.5,0.6,0.9,1.2,1.4,0.7,0.7,0.6,0.7,0.6,0.6,0.7,0.9,1.1,1.6,1.1,1,1.5,2.3,1.7
31,忠明,3,臭氧,O3,ppb,2001-09-20,0.5,1.7,13,16,11,4.8,x,18,46,50,68,65,61,61,59,52,47,33,16,18,19,6.3,1.1,0.6
31,忠明,4,懸浮微粒,PM10,μg/m3,2001-09-20,49,55,55,55,48,34,30,39,29,28,25,25,43,49,63,56,48,54,41,55,49,38,28,27
31,忠明,5,氮氧化物,NOx,ppb,2001-09-20,61,43,26,x,23,31,47,41,37,21,22,17,16,13,13,16,26,38,54,43,38,58,82,82
31,忠明,6,一氧化氮,NO,ppb,2001-09-20,22,7.6,0.8,x,1.3,1.6,16,10,4.6,2.2,1.3,0.4,0.5,0.5,0.5,0.3,0.1,0.3,2.6,3.4,2.2,8.4,28,35
31,忠明,7,二氧化氮,NO2,ppb,2001-09-20,39,35,25,x,21,29,31,30,33,19,21,17,16,12,13,16,26,37,52,40,36,50,55,47
31,忠明,10,風速,WIND_SPEED,m/sec,2001-09-20,0.8,1,1.5,1.4,1,0.8,0.4,0.7,0.5,1.1,1.2,2,2.7,2.7,2.4,2.5,1.8,1.4,0.8,2.2,1.3,0.5,0.2,1.3
31,忠明,11,風向,WIND_DIREC,degrees,2001-09-20,93,27,14,32,338,14,346,93,888,360,294,328,318,335,338,347,348,341,888,195,200,206,888,343
31,忠明,14,溫度,AMB_TEMP,℃,2001-09-20,25.8,25.7,25.8,25.6,25.2,24.9,25.6,27.5,29.5,31.3,33.1,33.4,32.2,33.2,33.3,31.5,30.6,29.9,29.8,28.1,27.6,27.6,27.5,26.9
31,忠明,33,細懸浮微粒,PM2.5,μg/m3,2001-09-20,9.2,11,17,17,13,12,13,15,13,12,13,14,16,17,15,16,19,21,26,25,18,13,12,15
32,西屯,1,二氧化硫,SO2,ppb,2001-09-20,1,1,0.5,0.6,0.9,0.5,0.6,1.6,2.5,1.3,1.4,4.2,4,3.6,x,0.7,2.6,2.9,1.7,1.3,0.8,0.8,2.1,2.5
32,西屯,2,一氧化碳,CO,ppm,2001-09-20,0.6,0.6,0.4,0.4,0.4,0.4,0.5,0.9,1,0.6,0.6,0.6,0.5,0.5,x,x,0.6,0.7,1.1,0.8,0.8,0.7,0.7,1
32,西屯,3,臭氧,O3,ppb,2001-09-20,11,12,22,22,18,20,x,8.7,25,48,58,66,60,58,x,x,46,41,27,17,15,18,16,7.3
32,西屯,4,懸浮微粒,PM10,μg/m3,2001-09-20,26,26,33,24,33,40,28,49,49,47,48,30,48,49,43,30,28,39,41,39,42,36,34,51
32,西屯,5,氮氧化物,NOx,ppb,2001-09-20,25,22,10,x,12,9.8,17,46,40,16,17,18,15,16,x,x,17,23,31,30,27,21,22,30
32,西屯,6,一氧化氮,NO,ppb,2001-09-20,1.2,1,0.1,x,0.1,0,2.8,20,11,2.1,1.7,1.1,1.5,1.7,x,x,0.4,0.3,0.2,0.4,0.3,0.1,0,0.9
32,西屯,7,二氧化氮,NO2,ppb,2001-09-20,24,21,10,x,12,9.8,14,26,29,14,15,17,14,14,x,x,17,22,31,30,27,21,22,29
32,西屯,8,總碳氫化合物,THC,ppm,2001-09-20,2.3,2.5,2,2.2,2,1.9,2,2.1,2.3,2.1,2.1,2.2,2.1,2.1,x,x,2.1,2.3,2.5,2.3,2.3,2.9,4.3,4.4
32,西屯,9,非甲烷碳氫化合物,NMHC,ppm,2001-09-20,0.3,0.4,0,0.2,0.2,0.2,0.3,0.3,0.3,0.2,0.2,0.3,0.2,0.2,x,x,0.1,0.3,0.5,0.2,0.3,0.9,1.4,1.2
32,西屯,10,風速,WIND_SPEED,m/sec,2001-09-20,1.8,2.1,3,2.3,2.4,2.3,1.6,1.3,0.9,1.5,1,3.1,3.6,3.2,2.8,3.2,1.9,1.4,0.4,2.8,1.1,1,0.9,1.2
32,西屯,11,風向,WIND_DIREC,degrees,2001-09-20,12,3,5,360,353,360,12,24,354,53,77,317,318,330,332,346,335,330,350,186,214,229,232,343
32,西屯,14,溫度,AMB_TEMP,℃,2001-09-20,24.1,23.8,23.9,23.6,23.4,23.4,25.1,28.8,32.5,33.2,35.2,32.8,31.7,32.2,33.3,30.4,28.9,27.8,27.3,25.4,24.8,24.6,24.6,24.3
32,西屯,21,酸雨,PH_RAIN,pH,2001-09-20,0,0,0,0,0,0,0,0,0,0,0,0,0,0,0,0,0,0,0,0,0,0,0,0
32,西屯,22,導電度,RAIN_COND,μmho/cm,2001-09-20,0,0,0,0,0,0,0,0,0,0,0,0,0,0,0,0,0,0,0,0,0,0,0,0
32,西屯,31,甲烷,CH4,ppm,2001-09-20,2,2.1,2,2,1.8,1.7,1.7,1.8,1.9,1.9,1.9,1.9,1.9,1.8,x,x,2,2,2,2,2,2,2.8,3.2
32,西屯,32,降雨強度,RAIN_INT,㎜,2001-09-20,0,0,0,0,0,0,0,0,0,0,0,0,0,0,0,0,0,0,0,0,0,0,0,0
33,彰化,1,二氧化硫,SO2,ppb,2001-09-20,5.3,4.7,10,13,13,3,4.3,3.7,5.8,11,2.8,6.4,3.7,11,14,5.4,5.6,8.3,9.2,2.9,4.1,1.6,1.3,6.5
33,彰化,2,一氧化碳,CO,ppm,2001-09-20,1.2,0.9,0.8,0.5,0.4,0.6,0.6,0.9,0.7,0.8,0.8,0.9,0.8,0.7,0.8,0.7,0.9,1.4,1.2,0.8,0.8,0.6,0.7,0.7
33,彰化,3,臭氧,O3,ppb,2001-09-20,1,0.5,1,3.6,8.2,14,13,16,25,42,63,68,59,30,29,52,46,33,25,29,21,27,21,7.7
33,彰化,4,懸浮微粒,PM10,μg/m3,2001-09-20,58,62,61,63,58,37,39,43,47,78,71,79,75,76,74,68,68,54,78,89,89,88,62,38
33,彰化,5,氮氧化物,NOx,ppb,2001-09-20,53,39,45,x,60,26,32,32,40,53,25,33,22,64,71,31,36,53,47,26,22,16,20,50
33,彰化,6,一氧化氮,NO,ppb,2001-09-20,16,5.6,12,x,31,1.4,7.9,9.8,17,16,2.3,3,1.9,16,20,2.8,2.9,4,2.4,0.1,1.1,0.6,0.1,18
33,彰化,7,二氧化氮,NO2,ppb,2001-09-20,37,33,33,x,29,25,25,23,23,37,23,30,20,48,50,28,33,49,45,26,21,15,20,32
33,彰化,8,總碳氫化合物,THC,ppm,2001-09-20,3,x,2.8,2.5,2.2,2.3,2.2,2.4,2.3,2.4,2.2,2.6,2.3,2.1,2.1,2.1,2.4,2.6,2.7,2.5,2.6,2.2,2.3,2.6
33,彰化,9,非甲烷碳氫化合物,NMHC,ppm,2001-09-20,0.5,x,0.3,0.2,0.1,0.2,0.1,0.3,0.1,0.3,0.2,0.4,0.2,0.1,0.2,0.1,0.4,0.6,0.7,0.4,0.5,0.2,0.3,0.4
33,彰化,10,風速,WIND_SPEED,m/sec,2001-09-20,0.4,1.2,0.7,1.3,1.5,0.8,1.8,1.9,1.1,0.5,0.6,1.1,1.4,1.2,1.3,1.3,1.8,0.5,0.2,1.2,0.9,0.5,x,0.9
33,彰化,11,風向,WIND_DIREC,degrees,2001-09-20,66,73,49,52,25,18,52,75,103,65,358,349,345,2,358,339,7,307,888,182,108,105,92,69
33,彰化,14,溫度,AMB_TEMP,℃,2001-09-20,25.5,25.3,25.4,25.4,25.7,25.5,26.2,27.5,29.8,32.3,33.3,33.2,31.9,32.1,32.8,32,30.5,29.3,28.7,27.9,27.2,26.9,26.6,26.2
33,彰化,31,甲烷,CH4,ppm,2001-09-20,2.5,x,2.5,2.3,2.1,2.2,2.1,2.1,2.1,2.1,2,2.1,2,2,2,2,2,2.1,2,2.1,2.1,2.1,2,2.2
34,線西,1,二氧化硫,SO2,ppb,2001-09-20,7.4,2.8,5.5,3.6,1.4,1.2,2.7,3.6,4.6,5.2,3,1.7,0.6,0.9,0.7,1.1,0.6,1.4,2.6,2.5,2.1,3.9,6.4,4.8
34,線西,4,懸浮微粒,PM10,μg/m3,2001-09-20,40,51,48,54,49,45,39,39,43,49,49,51,46,39,40,27,27,30,42,60,72,72,69,55
34,線西,5,氮氧化物,NOx,ppb,2001-09-20,31,11,14,x,7.2,8.1,12,24,35,23,14,7.1,4.9,5.1,5.2,4.9,9.3,12,16,16,22,36,50,30
34,線西,6,一氧化氮,NO,ppb,2001-09-20,4.2,0.1,0.2,x,0.2,0.2,0.8,5.1,7.2,2.5,0.8,0.6,0.4,0.4,0.4,0.2,0.6,0.2,0.3,0.2,0.3,2.5,11,0.6
34,線西,7,二氧化氮,NO2,ppb,2001-09-20,27,11,14,x,7,7.9,12,18,27,21,13,6.5,4.5,4.7,4.8,4.7,8.7,12,16,16,22,34,39,29
34,線西,8,總碳氫化合物,THC,ppm,2001-09-20,3.4,x,2.2,2.2,2.1,x,2.3,2.3,2.6,2.6,2.3,2,2,2,2,2,2.1,2.1,2.2,x,2.5,2.6,2.5,2.7
34,線西,9,非甲烷碳氫化合物,NMHC,ppm,2001-09-20,1.2,x,0,0,0,x,0.2,0.1,0.3,0.3,0.1,0,0,0,0,0,0.1,0,0,x,0.2,0.3,0.2,0.4
34,線西,10,風速,WIND_SPEED,m/sec,2001-09-20,0.8,2.3,2.2,2.5,1.5,1.6,1,0.2,0.4,0.2,0.8,1.7,1.3,1.5,1.4,1.7,1.4,0.6,0.2,1,0.6,0,0,1.5
34,線西,11,風向,WIND_DIREC,degrees,2001-09-20,325,30,31,34,37,34,888,888,240,251,356,305,346,25,25,26,25,1,258,214,226,301,301,31
34,線西,14,溫度,AMB_TEMP,℃,2001-09-20,25.4,25.7,25.7,25.4,25.1,24.9,25.4,27,28.5,31.4,32,30.4,30.3,30.7,31,30.7,28.9,28.1,27.8,27.5,27,26.5,26.3,26
34,線西,31,甲烷,CH4,ppm,2001-09-20,2.2,x,2.1,2.2,2.1,x,2.1,2.2,2.4,2.2,2.3,2,2,2,2,2,2,2.1,2.1,x,2.2,2.3,2.3,2.3
35,二林,1,二氧化硫,SO2,ppb,2001-09-20,0.2,0.8,0.7,0.6,0.6,0.9,0.7,1.4,1.3,0.8,0.7,0.8,1,0.9,0.9,1.2,1.2,1.2,1,1.2,1.7,1,1,1.1
35,二林,2,一氧化碳,CO,ppm,2001-09-20,0.6,0.8,0.8,0.7,0.7,0.5,0.4,0.5,0.4,0.5,0.4,0.3,0.3,0.4,0.4,0.5,0.5,0.6,0.6,0.6,0.5,0.6,0.7,0.8
35,二林,3,臭氧,O3,ppb,2001-09-20,0,0,0.1,0,0.2,10,20,16,30,47,64,66,61,60,63,65,60,75,64,36,23,22,11,5.3
35,二林,4,懸浮微粒,PM10,μg/m3,2001-09-20,52,75,86,77,67,65,65,74,69,68,49,33,21,30,40,61,60,34,62,119,109,103,123,99
35,二林,5,氮氧化物,NOx,ppb,2001-09-20,36,45,41,x,31,15,11,25,14,11,6.5,5.5,4.8,5.7,5.5,5.5,6,6.8,8.3,11,15,11,18,21
35,二林,6,一氧化氮,NO,ppb,2001-09-20,10,19,14,x,4.8,1.6,2.3,7.1,2.9,1.8,1,1,1.9,3,2.7,2.9,3.5,3.5,3,2.2,1.5,1.2,1.6,2.2
35,二林,7,二氧化氮,NO2,ppb,2001-09-20,26,26,27,x,26,13,8.6,18,11,9.2,5.5,4.4,2.8,2.7,2.7,2.6,2.5,3.4,5.3,8.8,14,9.5,16,19
35,二林,10,風速,WIND_SPEED,m/sec,2001-09-20,x,x,x,x,x,x,x,x,x,x,x,x,x,x,x,x,x,1,0.3,2.1,1.8,1.1,0.4,0.4
35,二林,11,風向,WIND_DIREC,degrees,2001-09-20,x,x,x,x,x,x,x,x,x,x,x,x,x,x,x,x,x,315,233,70,41,36,56,52
35,二林,14,溫度,AMB_TEMP,℃,2001-09-20,25,24.7,24.9,24.8,24.7,25.1,26.7,28.9,31,32.9,34,34.1,32.3,32.2,31.9,30.8,29.8,28.9,28.3,26.9,26.2,25.9,25.9,26.1
36,南投,1,二氧化硫,SO2,ppb,2001-09-20,0.1,0.1,0,0.1,0,0.3,0.6,0.6,1,1,1.5,1.1,0.9,1.4,1,1.7,3,2.2,0.5,0.5,0.5,0.6,0.5,0.5
36,南投,2,一氧化碳,CO,ppm,2001-09-20,0.4,0.8,0.8,0.8,0.7,0.7,0.7,0.6,0.5,0.7,0.6,0.6,0.7,0.6,0.5,x,1.1,0.8,0.7,0.5,0.6,0.7,0.6,0.5
36,南投,3,臭氧,O3,ppb,2001-09-20,4.8,3.5,2.8,2.3,2.5,3.5,x,11,25,48,70,68,64,82,x,54,44,34,28,27,20,7.4,9.4,8.4
36,南投,4,懸浮微粒,PM10,μg/m3,2001-09-20,46,39,45,45,37,34,29,34,25,24,31,31,34,42,30,x,x,39,38,32,28,26,29,35
36,南投,5,氮氧化物,NOx,ppb,2001-09-20,20,25,21,x,20,13,19,18,23,25,20,13,17,12,11,x,32,29,26,21,24,32,20,17
36,南投,6,一氧化氮,NO,ppb,2001-09-20,1.9,3.9,3.3,x,5.6,2.9,9.1,7.2,6.8,4.1,2,1.1,1.4,0.3,0.9,x,1.1,1.3,1,0.6,0.9,5.1,3,1.8
36,南投,7,二氧化氮,NO2,ppb,2001-09-20,18,21,17,x,15,10,10,11,16,21,18,12,16,12,9.7,x,31,28,25,21,23,27,17,16
36,南投,8,總碳氫化合物,THC,ppm,2001-09-20,2.6,x,2.9,3.4,4.3,2.7,2.5,2.3,2.2,2.3,2.5,2.4,2.3,2.3,x,2.7,2.7,2.4,2.2,2.2,2.2,2.3,2.2,2.3
36,南投,9,非甲烷碳氫化合物,NMHC,ppm,2001-09-20,0.2,x,0.2,0.4,0.5,0.2,0.2,0.2,0.2,0.3,0.5,0.3,0.3,0.2,x,0.3,0.6,0.3,0.2,0.1,0.2,0.2,0.1,0.1
36,南投,10,風速,WIND_SPEED,m/sec,2001-09-20,0.3,x,0.2,0,0.3,0.3,0.2,0.2,0.1,0.3,0.9,1,1,1.6,1.9,1.4,1.2,2.3,1.2,0.5,0.3,0.1,0.5,0.2
36,南投,11,風向,WIND_DIREC,degrees,2001-09-20,182,888,231,268,156,173,888,143,150,888,888,332,318,294,290,299,298,175,176,187,198,191,137,153
36,南投,14,溫度,AMB_TEMP,℃,2001-09-20,23.9,23.7,23.3,23.1,22.9,22.5,23.1,26.7,29,31.6,32,32.3,32.3,33.1,32.3,30.7,29.1,26.5,24.6,24.6,24.6,24.2,23.7,23.8
36,南投,21,酸雨,PH_RAIN,pH,2001-09-20,0,0,0,0,0,0,0,0,0,0,0,0,0,0,0,7.8,0,0,0,0,0,0,0,0
36,南投,22,導電度,RAIN_COND,μmho/cm,2001-09-20,0,0,0,0,0,0,0,0,0,0,0,0,0,0,0,268,0,0,0,0,0,0,0,0
36,南投,31,甲烷,CH4,ppm,2001-09-20,2.4,x,2.7,3,3.8,2.5,2.3,2.1,2,2,2,2.1,2,2.1,x,2.3,2,2.1,2,2,2,2.1,2.1,2.1
36,南投,32,降雨強度,RAIN_INT,㎜,2001-09-20,0,0,0,0,0,0,0,0,0,0,0,0,0,0,0,17,0,0,0,0,0,0,0,0
37,斗六,1,二氧化硫,SO2,ppb,2001-09-20,2.2,1.6,4,3.3,0.7,9.1,3.8,1.6,15,8.7,3.5,3.1,1.4,1.7,2.7,2.9,1.7,2.1,6.3,1.8,1.8,1.4,5.7,1.4
37,斗六,2,一氧化碳,CO,ppm,2001-09-20,0.5,0.5,0.5,0.5,0.4,0.4,0.5,0.5,0.4,0.4,0.4,0.4,0.3,0.4,0.4,0.5,0.4,0.6,0.6,0.7,0.5,0.5,0.5,0.5
37,斗六,3,臭氧,O3,ppb,2001-09-20,17,15,12,10,9.9,6.2,7.2,14,17,35,56,72,77,71,61,50,51,31,17,30,28,19,15,18
37,斗六,4,懸浮微粒,PM10,μg/m3,2001-09-20,34,46,47,47,38,41,35,34,31,19,13,12,20,39,34,41,42,55,47,82,62,42,42,42
37,斗六,5,氮氧化物,NOx,ppb,2001-09-20,13,11,13,x,8.5,15,14,11,28,17,9.5,8.7,5.3,8.5,11,14,13,28,48,18,13,16,18,13
37,斗六,6,一氧化氮,NO,ppb,2001-09-20,0.3,0.2,0.3,x,0,0.6,2.5,2.7,10,3.6,0.7,0.1,0,0.3,0.3,0.1,0.1,4.9,14,0.2,0.1,0.1,0.2,0
37,斗六,7,二氧化氮,NO2,ppb,2001-09-20,13,11,12,x,8.5,14,11,8.4,18,13,8.8,8.6,5.3,8.1,10,14,13,23,34,17,13,16,18,13
37,斗六,14,溫度,AMB_TEMP,℃,2001-09-20,24,23.6,23.7,23.4,23.1,23.4,24.4,26.5,29.9,31.8,32.4,32.3,33.2,33,31.3,28.7,27.3,25.3,24.1,23.7,24.1,23.5,23.6,23.7
38,崙背,1,二氧化硫,SO2,ppb,2001-09-20,4.3,2.8,2.5,1.3,1.7,2.1,2.3,2.6,1.6,1.5,3.1,2,0.5,0.8,0.2,0.2,0.4,0.6,1.5,2.2,2,2.6,1.3,0.6
38,崙背,2,一氧化碳,CO,ppm,2001-09-20,0.7,0.6,0.5,0.5,0.6,0.6,0.5,0.5,0.4,0.3,0.3,0.3,0.3,0.3,0.3,0.3,0.4,0.4,0.4,0.5,0.4,0.5,0.4,0.4
38,崙背,3,臭氧,O3,ppb,2001-09-20,1.1,5.1,6.5,5.1,6.6,6.3,x,20,32,49,45,60,57,58,61,74,68,69,74,25,26,17,16,15
38,崙背,4,懸浮微粒,PM10,μg/m3,2001-09-20,47,47,46,55,61,60,67,67,57,35,36,29,26,34,37,34,44,58,59,80,73,55,45,35
38,崙背,5,氮氧化物,NOx,ppb,2001-09-20,36,24,26,x,19,21,29,22,12,8.1,20,10,3,3.2,3.2,4.7,4.9,5.7,10,19,16,23,19,15
38,崙背,6,一氧化氮,NO,ppb,2001-09-20,6.9,0.5,1.4,x,0.1,0.3,5,5,1.6,0.8,3.1,1.2,0.1,0.1,0.3,0.2,0.1,0.1,0.1,0.1,0.1,0.2,0.1,0.2
38,崙背,7,二氧化氮,NO2,ppb,2001-09-20,29,24,25,x,19,21,24,17,10,7.4,17,9.1,2.9,3.2,2.9,4.5,4.8,5.6,10,19,15,23,18,15
38,崙背,8,總碳氫化合物,THC,ppm,2001-09-20,2.9,2.7,2.8,3.6,3,2.8,2.8,2.6,2.4,2.3,2.2,2.2,2.2,2.2,2.1,2.1,2.2,2.3,2.4,2.5,2.5,2.6,2.5,2.6
38,崙背,9,非甲烷碳氫化合物,NMHC,ppm,2001-09-20,0.2,0.1,0.3,0.3,0.4,0.3,0.3,0.3,0.2,0.1,0.1,0.1,0.1,0.1,0.1,0.1,0.1,0.1,0.1,0.3,0.2,0.2,0.2,0.3
38,崙背,10,風速,WIND_SPEED,m/sec,2001-09-20,1.8,1.3,x,0.8,2.1,2.1,1.5,1.8,2.1,1.7,1.8,2.4,3.6,3.9,3.5,4,3.3,1.7,0.7,1.2,1.5,1.7,1,0.7
38,崙背,11,風向,WIND_DIREC,degrees,2001-09-20,71,68,89,35,36,44,56,47,27,36,17,3,348,329,336,327,355,357,15,143,101,86,102,137
38,崙背,14,溫度,AMB_TEMP,℃,2001-09-20,25.2,25.3,25.4,24.9,24.8,24.8,25.9,27.8,28.9,31.1,32.5,33.7,32.3,31,32,31,28.7,28.3,27.9,26.3,25.9,26.3,25.8,25.5
38,崙背,21,酸雨,PH_RAIN,pH,2001-09-20,0,0,0,0,0,0,0,0,0,0,0,0,0,0,0,0,0,0,0,0,0,0,0,0
38,崙背,22,導電度,RAIN_COND,μmho/cm,2001-09-20,0,0,0,0,0,0,0,0,0,0,0,0,0,0,0,0,0,0,0,0,0,0,0,0
38,崙背,31,甲烷,CH4,ppm,2001-09-20,2.8,2.6,2.5,3.3,2.6,2.5,2.4,2.3,2.2,2.1,2.1,2.2,2.1,2.1,2,2,2.1,2.2,2.3,2.2,2.3,2.3,2.3,2.3
38,崙背,32,降雨強度,RAIN_INT,㎜,2001-09-20,0,0,0,0,0,0,0,0,0,0,0,0,0,0,0,0,0,0,0,0,0,0,0,0
39,新港,1,二氧化硫,SO2,ppb,2001-09-20,2.4,3.1,2.8,2.6,4.5,1.4,1.4,2.6,2.6,1.1,0.6,0.2,0.9,1.6,2.8,3.9,2.9,0.8,0.3,1.1,1.1,0.7,1.1,1.6
39,新港,2,一氧化碳,CO,ppm,2001-09-20,0.6,0.6,0.6,0.6,0.6,0.6,0.7,0.8,0.6,0.5,0.5,0.4,0.4,0.4,0.5,0.5,0.5,0.6,0.6,0.6,0.6,0.7,0.6,0.7
39,新港,3,臭氧,O3,ppb,2001-09-20,15,12,14,13,11,9.3,x,13,29,48,63,61,65,79,81,84,66,60,47,28,29,26,18,9.4
39,新港,4,懸浮微粒,PM10,μg/m3,2001-09-20,33,49,52,42,51,61,62,45,56,49,30,29,24,24,32,27,45,46,47,43,43,57,57,46
39,新港,5,氮氧化物,NOx,ppb,2001-09-20,23,24,23,x,21,21,25,28,17,12,12,8,11,17,20,24,17,19,20,25,23,21,23,30
39,新港,6,一氧化氮,NO,ppb,2001-09-20,3.6,4.2,4.7,x,5.7,5.8,9.6,12,6.6,4.7,4.4,3.9,3.9,5.5,7.9,9.2,8.3,7.9,7.9,5.6,5.1,4,4.9,5.5
39,新港,7,二氧化氮,NO2,ppb,2001-09-20,19,20,19,x,15,16,16,16,10,7.2,7.2,4.1,7.1,12,13,15,9,11,12,19,18,17,18,24
39,新港,10,風速,WIND_SPEED,m/sec,2001-09-20,0.9,1.1,1.9,1.6,1.6,1.2,1,0.9,0.1,0.7,1.1,1.7,2.6,3.2,3.4,3.6,2.1,1.3,1,2,1,0.7,0.9,0.4
39,新港,11,風向,WIND_DIREC,degrees,2001-09-20,106,23,46,42,33,52,26,21,888,324,316,323,318,317,314,314,314,14,46,88,91,13,11,84
39,新港,14,溫度,AMB_TEMP,℃,2001-09-20,25,24.6,24.9,24.5,24.4,24.1,24.9,26.1,28.7,30.8,31.6,32.4,32.8,32.1,31.6,30.8,28.7,28,27.4,26.5,26.1,26.2,25.8,25.5
40,朴子,1,二氧化硫,SO2,ppb,2001-09-20,0.7,3.1,2.5,2.5,1.9,2.1,1.8,2.5,3.9,3,2.1,1.7,2.1,1.9,1.2,1,1.1,1,0.9,0.7,0.5,1.2,1,1.2
40,朴子,2,一氧化碳,CO,ppm,2001-09-20,0.6,0.5,0.4,0.4,0.5,0.5,0.5,0.6,0.7,0.6,0.5,0.5,0.5,0.4,0.5,0.5,0.5,0.6,0.6,0.5,0.5,0.5,0.6,0.6
40,朴子,3,臭氧,O3,ppb,2001-09-20,18,19,17,17,12,12,x,9.3,20,47,64,64,69,59,54,59,65,68,60,50,23,26,20,21
40,朴子,4,懸浮微粒,PM10,μg/m3,2001-09-20,20,27,30,42,51,51,65,66,66,66,73,72,69,64,58,58,66,63,74,89,89,106,92,83
40,朴子,5,氮氧化物,NOx,ppb,2001-09-20,19,15,14,x,13,13,17,20,21,16,11,11,17,8.9,8,7.7,8.5,14,15,11,19,18,19,15
40,朴子,6,一氧化氮,NO,ppb,2001-09-20,0.1,0,0,x,0,0,2.3,4.5,5.3,2,0.5,1.5,1.5,0.7,0.6,0.3,0.1,0.1,0.1,0,0,0,0.2,0
40,朴子,7,二氧化氮,NO2,ppb,2001-09-20,19,15,14,x,13,13,15,15,16,14,11,9.9,15,8.1,7.4,7.3,8.4,14,15,11,19,18,18,15
40,朴子,10,風速,WIND_SPEED,m/sec,2001-09-20,1.7,1.3,2.6,2.1,1,1.1,0.8,1,0.4,0.8,0.9,1.2,1.9,2.5,2,2.5,1.9,0.9,0.5,1,0.5,0.3,0.1,0.1
40,朴子,11,風向,WIND_DIREC,degrees,2001-09-20,72,48,45,53,37,52,50,36,167,21,28,333,322,336,331,319,314,325,355,54,94,57,328,888
40,朴子,14,溫度,AMB_TEMP,℃,2001-09-20,25.7,25.4,25.1,25.1,24.6,24.5,24.6,25.4,27.7,29.9,31.5,32.5,32.5,31.9,31.3,30.2,29.3,27.8,27.4,26.8,26.1,26,26.1,26.2
41,臺西,1,二氧化硫,SO2,ppb,2001-09-20,2.2,5.1,2.7,1.8,1.7,2.4,2.2,2.1,2.9,4.9,4.3,3.4,1.9,1.4,1.3,1.4,1.6,12,6.8,1.8,2.2,1.8,1.6,2.8
41,臺西,2,一氧化碳,CO,ppm,2001-09-20,0.5,0.6,0.6,0.6,0.7,0.6,0.5,0.5,0.5,0.5,0.5,0.5,0.4,0.4,0.5,0.4,0.5,0.5,0.5,0.5,0.5,0.5,0.5,0.5
41,臺西,3,臭氧,O3,ppb,2001-09-20,12,4.3,13,13,12,9.3,x,29,35,32,44,54,61,63,67,82,83,77,51,66,31,28,28,20
41,臺西,4,懸浮微粒,PM10,μg/m3,2001-09-20,43,40,45,72,73,74,73,65,70,79,x,78,73,55,36,48,33,65,58,65,91,65,41,45
41,臺西,5,氮氧化物,NOx,ppb,2001-09-20,18,31,18,x,16,23,13,10,11,29,24,21,3.5,2.6,3,3.4,5.2,16,x,8.4,11,11,9.8,14
41,臺西,6,一氧化氮,NO,ppb,2001-09-20,0.3,2.5,0.1,x,0.1,0.5,0.7,1.3,2,8.3,6.3,6.1,0.4,0.2,0.3,0.2,0.2,0.2,x,0.1,0.1,0.3,0.2,0.1
41,臺西,7,二氧化氮,NO2,ppb,2001-09-20,18,29,18,x,16,23,12,9.1,8.9,21,18,15,3.2,2.4,2.7,3.2,5,16,31,8.3,11,10,9.7,13
41,臺西,10,風速,WIND_SPEED,m/sec,2001-09-20,1.8,1.1,1.4,2.3,2.7,2.7,2.6,2.4,2.4,2,1.7,2.5,3.5,3.7,3.8,3.8,3.6,2.5,2,1.1,1.1,0.2,0.5,0.2
41,臺西,11,風向,WIND_DIREC,degrees,2001-09-20,124,103,79,61,67,62,73,64,57,52,24,344,358,3,8,4,13,19,34,110,144,888,101,888
41,臺西,14,溫度,AMB_TEMP,℃,2001-09-20,25.7,25.7,25.8,25.5,25.5,25.5,25.8,26.6,28.1,29.8,30.7,29.9,29.4,29.2,29,29,28.7,28.3,28.2,27.9,26.8,26.4,26.8,26.8
42,嘉義,1,二氧化硫,SO2,ppb,2001-09-20,0.9,1.2,2.7,1.4,1.7,1.6,2.8,3.5,1.3,1.7,1.6,5.5,1.7,1.8,3.5,4.4,4.4,1.5,1.3,0.7,0.4,5.9,1.4,0.2
42,嘉義,2,一氧化碳,CO,ppm,2001-09-20,0.8,0.7,0.7,0.6,0.6,0.7,0.8,1,0.7,0.7,0.7,0.6,0.5,0.5,0.6,0.7,0.8,0.7,0.9,0.8,0.9,1,1,0.6
42,嘉義,3,臭氧,O3,ppb,2001-09-20,15,18,15,17,12,9.2,x,14,26,40,66,50,62,74,86,75,65,45,31,30,29,19,9.5,16
42,嘉義,4,懸浮微粒,PM10,μg/m3,2001-09-20,51,42,49,41,45,45,35,38,40,50,50,50,82,84,70,87,80,72,63,53,66,42,40,67
42,嘉義,5,氮氧化物,NOx,ppb,2001-09-20,21,18,21,x,14,15,19,27,14,15,14,39,16,13,23,27,29,18,24,22,22,35,24,13
42,嘉義,6,一氧化氮,NO,ppb,2001-09-20,0.4,0,0.2,x,0,0.3,2.6,5.3,2,1.6,0.3,6.7,1.4,0.2,0.4,0.3,0.1,0.1,0.1,0.1,0.1,0.4,0.7,0.1
42,嘉義,7,二氧化氮,NO2,ppb,2001-09-20,21,18,21,x,14,15,16,22,12,13,13,32,15,13,22,27,29,18,24,22,21,34,24,13
42,嘉義,8,總碳氫化合物,THC,ppm,2001-09-20,2.3,2.2,2.2,2.1,2.2,2.2,2.3,3,2.2,2.1,2.1,2.1,1.9,1.9,2,2,2.1,2,2,2,2.1,2.3,2.7,2
42,嘉義,9,非甲烷碳氫化合物,NMHC,ppm,2001-09-20,0.3,0.3,0.2,0.2,0.2,0.2,0.4,0.4,0.2,0.2,0.2,0.2,0.2,0.1,0.2,0.2,0.4,0.2,0.3,0.2,0.3,0.5,0.3,0.1
42,嘉義,10,風速,WIND_SPEED,m/sec,2001-09-20,1.2,0,1.9,1.3,0.9,0.7,0.2,0.5,1.3,0.3,0.8,1.8,2.6,3.4,3.8,3.4,1.8,1.2,1.5,2,2.4,0.8,0.5,1.5
42,嘉義,11,風向,WIND_DIREC,degrees,2001-09-20,888,259,57,45,41,64,888,208,220,237,260,302,326,322,321,320,317,207,123,109,45,346,131,111
42,嘉義,14,溫度,AMB_TEMP,℃,2001-09-20,26.2,25.9,26,25.6,25.3,25.1,26.1,27.2,28.4,29.7,31.6,32.5,33.1,32.5,32,31.3,29.6,27.7,26.9,25.9,27.4,27.8,25.7,25.3
42,嘉義,31,甲烷,CH4,ppm,2001-09-20,1.9,1.9,1.9,1.9,2.1,2,1.9,2.6,2.1,1.9,1.9,1.9,1.8,1.7,1.8,1.7,1.7,1.8,1.8,1.8,1.8,1.8,2.3,1.8
43,新營,1,二氧化硫,SO2,ppb,2001-09-20,0.9,1.9,2.1,2.2,1.3,1,3.2,6.2,5.9,8.8,7.4,2.3,1.1,1.9,1.9,1.7,1,0.3,0.3,0.2,0.3,0.4,1.3,0.8
43,新營,2,一氧化碳,CO,ppm,2001-09-20,0.4,0.3,0.4,0.4,0.4,0.4,0.5,0.8,0.6,0.5,0.5,0.5,0.5,0.5,0.4,0.4,0.5,0.6,0.5,0.5,0.6,0.5,0.6,0.6
43,新營,3,臭氧,O3,ppb,2001-09-20,28,24,21,20,13,5.3,x,9.9,18,29,52,67,68,73,66,51,50,41,32,29,32,28,12,12
43,新營,4,懸浮微粒,PM10,μg/m3,2001-09-20,12,12,12,15,28,23,23,34,46,36,36,39,34,34,45,37,34,25,24,32,33,24,27,39
43,新營,5,氮氧化物,NOx,ppb,2001-09-20,9.5,7.9,10,x,15,20,14,27,20,21,20,11,9.6,13,10,10,12,18,16,12,19,19,29,22
43,新營,6,一氧化氮,NO,ppb,2001-09-20,0,0,0,x,0.1,1.5,1.5,8,4.9,4.8,2.3,0.4,0.1,0.4,0.4,0.3,0.1,0.1,0,0,0,0.1,0.1,0.4
43,新營,7,二氧化氮,NO2,ppb,2001-09-20,9.5,7.9,10,x,15,18,13,18,15,16,17,11,9.4,12,9.7,9.8,12,18,16,12,19,19,29,21
43,新營,8,總碳氫化合物,THC,ppm,2001-09-20,x,x,x,x,x,x,x,x,x,x,x,x,x,x,x,x,x,x,x,x,x,x,x,x
43,新營,9,非甲烷碳氫化合物,NMHC,ppm,2001-09-20,x,x,x,x,x,x,x,x,x,x,x,x,x,x,x,x,x,x,x,x,x,x,x,x
43,新營,10,風速,WIND_SPEED,m/sec,2001-09-20,1,1.4,1.9,1.8,0.6,0.2,0.4,0.9,1.2,0.8,1.3,2.1,1.9,2.7,3.2,2.8,1.8,0.6,1.1,1.2,0.1,0.7,0.2,0.2
43,新營,11,風向,WIND_DIREC,degrees,2001-09-20,66,41,50,30,358,888,211,205,237,187,326,355,329,319,325,329,341,888,111,70,351,1,888,198
43,新營,14,溫度,AMB_TEMP,℃,2001-09-20,25.4,24.9,24.8,24.5,24.3,23.9,24,25.3,27.1,29.9,31.4,31.5,31.6,31.6,31.7,29.4,27.6,26.1,24.9,24.7,25.2,25.7,25.2,24.9
43,新營,21,酸雨,PH_RAIN,pH,2001-09-20,0,0,0,0,0,0,0,0,0,0,0,0,0,0,0,0,0,5.7,0,0,0,0,0,0
43,新營,22,導電度,RAIN_COND,μmho/cm,2001-09-20,0,0,0,0,0,0,0,0,0,0,0,0,0,0,0,0,0,38,0,0,0,0,0,0
43,新營,31,甲烷,CH4,ppm,2001-09-20,x,x,x,x,x,x,x,x,x,x,x,x,x,x,x,x,x,x,x,x,x,x,x,x
43,新營,32,降雨強度,RAIN_INT,㎜,2001-09-20,0,0,0,0,0,0,0,0,0,0,0,0,0,0,0,0,0,0.5,0,0,0,0,0,0
44,善化,1,二氧化硫,SO2,ppb,2001-09-20,3.6,2.4,4.7,7.3,8.6,8.3,4.1,12,6.6,8.5,3.9,4,1.5,1.8,4.9,3.8,2.6,1.6,2.4,4.8,5.6,4.6,2.7,4.7
44,善化,2,一氧化碳,CO,ppm,2001-09-20,0.3,0.3,0.3,0.3,0.3,0.3,0.3,0.4,0.7,0.6,0.5,0.4,0.3,0.3,0.4,0.4,0.4,0.4,0.4,0.4,0.4,0.4,0.4,0.4
44,善化,3,臭氧,O3,ppb,2001-09-20,45,36,29,23,17,19,x,14,32,54,77,80,70,64,78,60,57,52,39,35,30,23,21,19
44,善化,4,懸浮微粒,PM10,μg/m3,2001-09-20,14,11,11,17,17,17,20,20,14,29,38,110,78,66,50,48,52,50,51,35,21,16,16,25
44,善化,5,氮氧化物,NOx,ppb,2001-09-20,5.1,5.6,7.1,x,11,11,7.9,21,26,23,13,11,4.7,4.5,13,11,8.5,6.3,12,8.5,9.7,11,10,10
44,善化,6,一氧化氮,NO,ppb,2001-09-20,0,0,0,x,0.3,0.1,0.5,8,4.6,2.3,0.6,0.4,0.1,0.1,0.5,0.6,0.3,0,0.1,0.1,0.1,0.1,0.1,x
44,善化,7,二氧化氮,NO2,ppb,2001-09-20,5.1,5.5,7.1,x,11,11,7.5,13,21,21,13,11,4.6,4.4,13,10,8.2,6.2,11,8.5,9.6,11,10,10
44,善化,10,風速,WIND_SPEED,m/sec,2001-09-20,1.5,1.2,1,0.8,1.3,0.6,1.1,1.8,1,0.7,1.8,2.2,2.6,2.7,3.6,3.7,3.2,1.6,1.1,0.8,0.1,0.4,0.4,0.9
44,善化,11,風向,WIND_DIREC,degrees,2001-09-20,85,71,48,888,220,89,115,170,267,888,311,324,346,336,318,324,355,44,62,95,82,47,120,131
44,善化,14,溫度,AMB_TEMP,℃,2001-09-20,25.1,24.1,24,23.5,23.5,23.7,23.7,25.1,28,29.5,31.2,32.3,32.3,32.6,31.2,30.3,28.5,x,25.1,24.6,24.8,24.8,24.6,24.5
45,安南,1,二氧化硫,SO2,ppb,2001-09-20,x,x,x,x,x,x,x,x,x,x,x,x,x,x,x,x,x,x,x,x,x,x,x,x
45,安南,2,一氧化碳,CO,ppm,2001-09-20,x,x,x,x,x,x,x,x,x,x,x,x,x,x,x,x,x,x,x,x,x,x,x,x
45,安南,3,臭氧,O3,ppb,2001-09-20,x,x,x,x,x,x,x,x,x,x,x,x,x,x,x,x,x,x,x,x,x,x,x,x
45,安南,4,懸浮微粒,PM10,μg/m3,2001-09-20,x,x,x,x,x,x,x,x,x,x,x,x,x,x,x,x,x,x,x,x,x,x,x,x
45,安南,5,氮氧化物,NOx,ppb,2001-09-20,x,x,x,x,x,x,x,x,x,x,x,x,x,x,x,x,x,x,x,x,x,x,x,x
45,安南,6,一氧化氮,NO,ppb,2001-09-20,x,x,x,x,x,x,x,x,x,x,x,x,x,x,x,x,x,x,x,x,x,x,x,x
45,安南,7,二氧化氮,NO2,ppb,2001-09-20,x,x,x,x,x,x,x,x,x,x,x,x,x,x,x,x,x,x,x,x,x,x,x,x
45,安南,10,風速,WIND_SPEED,m/sec,2001-09-20,x,x,x,x,x,x,x,x,x,x,x,x,x,x,x,x,x,x,x,x,x,x,x,x
45,安南,11,風向,WIND_DIREC,degrees,2001-09-20,x,x,x,x,x,x,x,x,x,x,x,x,x,x,x,x,x,x,x,x,x,x,x,x
45,安南,14,溫度,AMB_TEMP,℃,2001-09-20,x,x,x,x,x,x,x,x,x,x,x,x,x,x,x,x,x,x,x,x,x,x,x,x
46,臺南,1,二氧化硫,SO2,ppb,2001-09-20,0.3,3.2,0.4,1.1,1.8,2.6,3.9,7.2,6.9,3.6,2.7,2.3,1.9,1.3,2.3,1.4,1.1,1.4,1,1.5,6.5,4.5,5.3,7.1
46,臺南,2,一氧化碳,CO,ppm,2001-09-20,0.4,0.5,0.4,0.4,0.5,0.9,1.8,2.1,1.2,0.6,0.7,0.6,0.7,0.5,0.6,0.5,0.7,1,0.9,0.9,1.1,1.3,1.4,1.3
46,臺南,3,臭氧,O3,ppb,2001-09-20,45,34,31,24,17,5.8,x,13,35,53,65,76,86,76,106,67,58,52,41,30,24,23,16,8.2
46,臺南,4,懸浮微粒,PM10,μg/m3,2001-09-20,15,14,14,12,11,18,34,34,75,76,64,73,66,65,57,61,56,58,50,43,35,37,56,57
46,臺南,5,氮氧化物,NOx,ppb,2001-09-20,6.8,13,9.6,x,12,28,62,53,33,17,16,12,12,9.1,12,10,13,17,15,22,31,32,37,40
46,臺南,6,一氧化氮,NO,ppb,2001-09-20,0,0,0,x,0,2.1,26,13,5.3,1.3,1,0.3,0.2,0.1,0.1,0.2,0.2,0.1,0.1,0,0,0.1,0,1.1
46,臺南,7,二氧化氮,NO2,ppb,2001-09-20,6.8,13,9.6,x,12,26,35,39,28,15,15,12,12,9,12,10,13,17,15,22,31,32,37,39
46,臺南,8,總碳氫化合物,THC,ppm,2001-09-20,2.3,x,x,2.3,2.5,3,3.5,3.5,2.8,2.5,2.5,2.4,2.5,2.4,2.4,2.3,2.4,2.6,2.5,2.6,2.8,3,3.1,3.1
46,臺南,9,非甲烷碳氫化合物,NMHC,ppm,2001-09-20,0,x,x,0.2,0.2,0.5,0.9,1,0.6,0.3,0.4,0.3,0.3,0.2,0.2,0.3,0.3,0.4,0.4,0.5,0.5,0.6,0.8,0.6
46,臺南,14,溫度,AMB_TEMP,℃,2001-09-20,26.2,25.3,25.1,24.9,24.6,25,25.2,26.4,28.2,29,29.7,29.8,30.6,31.7,30.6,29.2,28.8,28.2,26.7,26.4,26.3,26.4,26.5,26.4
46,臺南,31,甲烷,CH4,ppm,2001-09-20,2.2,x,x,2.1,2.3,2.5,2.6,2.5,2.2,2.2,2.2,2.1,2.2,2.1,2.2,2.1,2.1,2.1,2.1,2.2,2.3,2.4,2.4,2.4
47,美濃,1,二氧化硫,SO2,ppb,2001-09-20,1.8,1.9,1.9,1.8,2.1,0.2,0.4,0.3,0.4,0.3,1.5,1.7,1.6,1.8,0.4,0,0,0,0,0,0,0,0,0
47,美濃,2,一氧化碳,CO,ppm,2001-09-20,x,x,x,x,x,x,x,x,x,x,x,x,0.2,0.3,0.3,0.3,0.2,0.3,0.3,0.3,0.3,0.4,0.3,0.3
47,美濃,3,臭氧,O3,ppb,2001-09-20,29,25,29,21,19,18,x,17,26,34,45,56,67,86,88,78,69,55,48,46,32,21,20,17
47,美濃,4,懸浮微粒,PM10,μg/m3,2001-09-20,15,19,21,27,27,30,27,32,38,30,29,22,x,x,x,38,46,41,34,32,22,22,15,22
47,美濃,5,氮氧化物,NOx,ppb,2001-09-20,4,5,1.9,x,8.5,10,17,16,16,14,14,13,13,13,14,13,15,15,16,13,15,16,16,16
47,美濃,6,一氧化氮,NO,ppb,2001-09-20,0,0.1,0,x,0.2,1,3.4,3.2,3.1,1.5,1.7,0.1,0.2,0.1,0.1,0.2,0.2,0.4,0.6,0.2,0.3,1.3,0.1,0.1
47,美濃,7,二氧化氮,NO2,ppb,2001-09-20,3.9,4.9,1.8,x,8.4,9,14,13,12,12,13,13,13,13,14,12,14,14,15,13,15,15,15,15
47,美濃,10,風速,WIND_SPEED,m/sec,2001-09-20,1.1,1.5,1.1,1.1,1,0.9,0.4,1.4,0.9,1.3,1.4,2.2,2.8,2.6,2.9,3.1,4.4,1.5,1.7,1,1.2,0.9,0.8,0.8
47,美濃,11,風向,WIND_DIREC,degrees,2001-09-20,888,23,888,259,888,888,888,888,40,333,349,330,324,315,319,326,340,71,339,888,201,58,213,25
47,美濃,14,溫度,AMB_TEMP,℃,2001-09-20,22.1,21.9,22.6,21.8,21.6,21.6,22.5,23.6,27.3,29.8,30.6,30.6,31.4,32.4,32.2,32.6,28.3,25.7,24.4,24.7,23.6,23.2,23.2,23.2
48,橋頭,1,二氧化硫,SO2,ppb,2001-09-20,2.2,0.7,0.3,11,15,9.2,6.9,7.3,9.5,18,19,15,7.2,16,4.6,4.2,2,2,0.9,0.6,1.7,1.6,1.4,2
48,橋頭,2,一氧化碳,CO,ppm,2001-09-20,0.7,0.6,0.6,0.6,0.7,0.7,1.1,1.3,1.2,1.4,1,0.9,0.8,0.7,0.7,0.8,0.8,1,0.8,0.8,0.8,0.9,0.9,0.9
48,橋頭,3,臭氧,O3,ppb,2001-09-20,34,31,28,17,19,15,x,5.1,x,60,73,88,76,65,67,x,66,59,51,43,34,27,19,9.6
48,橋頭,4,懸浮微粒,PM10,μg/m3,2001-09-20,11,16,15,14,16,19,22,28,38,34,56,59,52,47,50,34,54,43,36,36,21,24,26,27
48,橋頭,5,氮氧化物,NOx,ppb,2001-09-20,8.6,8.4,5.9,x,21,28,54,62,47,53,32,24,17,30,15,18,16,17,13,14,20,22,24,29
48,橋頭,6,一氧化氮,NO,ppb,2001-09-20,0,0,0,x,0,2.4,24,32,14,5.7,2.5,2.2,2.1,4.2,2.7,1.4,1.5,0.3,0,0,0,0,0,0
48,橋頭,7,二氧化氮,NO2,ppb,2001-09-20,8.6,8.4,5.9,x,21,25,31,30,33,48,30,22,15,25,12,17,14,17,13,14,20,22,24,29
48,橋頭,8,總碳氫化合物,THC,ppm,2001-09-20,2.1,2.1,x,3.4,2.7,2.5,2.7,2.9,2.7,2.8,2.6,2.2,2.1,2.1,2.1,2.2,2.1,2.3,2.1,2.1,2.3,2.4,2.3,2.4
48,橋頭,9,非甲烷碳氫化合物,NMHC,ppm,2001-09-20,0,0,x,0.5,0.2,0.2,0.4,0.4,0.4,0.5,0.3,0.2,0.1,0.1,0,0.1,0.1,0.2,0.1,0.1,0.1,0.2,0.1,0.2
48,橋頭,10,風速,WIND_SPEED,m/sec,2001-09-20,3.5,2.3,2.8,1.1,1.8,0.8,0.1,0.2,0.4,0.6,1.9,3.4,4.4,4.5,4.5,4.3,4.3,2.9,2.8,1.3,1.8,0.8,0.4,0.3
48,橋頭,11,風向,WIND_DIREC,degrees,2001-09-20,133,115,98,888,107,39,100,42,358,313,319,311,297,305,305,310,321,333,35,35,14,7,53,73
48,橋頭,14,溫度,AMB_TEMP,℃,2001-09-20,25.5,25.4,25.1,25,25.6,25.1,24.7,26.1,28.8,31,31.8,31.7,31,31.6,31.6,30.5,29.4,28.4,26.6,25.3,25.6,25.6,25.2,25
48,橋頭,21,酸雨,PH_RAIN,pH,2001-09-20,0,0,0,0,0,0,0,0,0,0,0,0,0,0,0,0,0,0,0,0,0,0,0,0
48,橋頭,22,導電度,RAIN_COND,μmho/cm,2001-09-20,0,0,0,0,0,0,0,0,0,0,0,0,0,0,0,0,0,0,0,0,0,0,0,0
48,橋頭,31,甲烷,CH4,ppm,2001-09-20,2.1,2.1,x,2.9,2.4,2.3,2.3,2.4,2.3,2.3,2.3,2.1,2,2,2.1,2.1,2.1,2.1,2,2.1,2.1,2.1,2.2,2.2
48,橋頭,32,降雨強度,RAIN_INT,㎜,2001-09-20,0,0,0,0,0,0,0,0,0,0,0,0,0,0,0,0,0,0,0,0,0,0,0,0
49,仁武,1,二氧化硫,SO2,ppb,2001-09-20,0.3,1.6,0,1.1,1.7,3.4,6.9,3.9,7.7,25,41,25,19,6.1,7,10,27,27,15,3.6,25,14,7.5,6.9
49,仁武,2,一氧化碳,CO,ppm,2001-09-20,0.4,0.5,0.3,0.3,0.4,0.4,0.6,1,1.5,1.5,1,0.5,0.7,0.5,0.5,0.5,0.5,0.6,0.5,0.4,0.5,0.6,0.6,0.8
49,仁武,3,臭氧,O3,ppb,2001-09-20,38,21,34,29,27,23,x,19,28,59,97,86,81,71,57,44,34,38,32,36,12,12,20,8.1
49,仁武,4,懸浮微粒,PM10,μg/m3,2001-09-20,19,22,27,26,26,17,17,17,33,51,81,83,84,76,69,59,42,40,44,45,43,60,48,33
49,仁武,5,氮氧化物,NOx,ppb,2001-09-20,7.9,29,5.6,x,15,21,16,27,64,112,61,29,45,28,33,56,52,33,31,20,75,54,27,32
49,仁武,6,一氧化氮,NO,ppb,2001-09-20,0,7,0,x,5,4.2,0.7,4.5,16,13,3.6,2.1,5.3,3.2,5,8,5.5,1.3,1.8,0.9,28,12,4,2.6
49,仁武,7,二氧化氮,NO2,ppb,2001-09-20,7.9,22,5.6,x,10,16,15,23,48,100,57,27,40,24,28,48,46,32,30,19,46,42,23,29
49,仁武,8,總碳氫化合物,THC,ppm,2001-09-20,2.8,3,2.7,2.7,2.9,2.9,3,3.2,3.3,3.8,3.9,3,2.7,2.5,2.5,2.7,2.8,3,3.3,2.8,4.2,3.5,3.3,3.3
49,仁武,9,非甲烷碳氫化合物,NMHC,ppm,2001-09-20,0.1,0.2,0,0,0.1,0.1,0.2,0.4,0.6,1.2,0.9,0.4,0.2,0.1,0,0.1,0.3,0.4,0.7,0.2,1.5,0.7,0.6,0.3
49,仁武,10,風速,WIND_SPEED,m/sec,2001-09-20,1.7,0.9,1.6,0.7,1.6,0.7,1.2,1.2,0.8,0.9,1.5,2.8,3.3,3.9,3.8,3.6,4,4.4,2.9,2.2,2.5,1.4,1.4,0.3
49,仁武,11,風向,WIND_DIREC,degrees,2001-09-20,129,108,116,196,78,165,76,87,241,275,324,337,309,300,305,314,333,344,45,59,8,353,81,152
49,仁武,14,溫度,AMB_TEMP,℃,2001-09-20,25.1,24.6,25.1,25.2,24.9,25,24.7,25.5,27.9,29.9,31,31.6,31.5,31.2,31.1,30.9,29.6,28.8,27.3,26.4,26.8,26.6,25.8,25.4
49,仁武,31,甲烷,CH4,ppm,2001-09-20,2.7,2.8,2.7,2.7,2.7,2.8,2.8,2.9,2.7,2.7,3,2.7,2.5,2.4,2.5,2.5,2.6,2.6,2.6,2.6,2.7,2.8,2.8,3
50,鳳山,1,二氧化硫,SO2,ppb,2001-09-20,40,6.9,3.5,2.8,3.9,8,9.9,11,7.3,2.8,3.9,26,19,15,7.6,4.7,4,5.3,5.2,6.2,2.4,4.4,3.3,6
50,鳳山,2,一氧化碳,CO,ppm,2001-09-20,0.6,0.8,0.8,0.9,0.9,0.8,1.3,2.3,3,1.8,1.6,1.5,1.2,1,1.1,1,1.1,1.3,1.2,1.1,1.1,1.3,1.4,1.7
50,鳳山,3,臭氧,O3,ppb,2001-09-20,38,36,29,26,32,37,x,18,51,83,96,107,106,90,83,69,68,43,38,34,35,29,20,14
50,鳳山,4,懸浮微粒,PM10,μg/m3,2001-09-20,12,22,32,32,25,33,27,25,45,60,60,60,69,76,77,59,48,48,51,49,37,29,28,28
50,鳳山,5,氮氧化物,NOx,ppb,2001-09-20,14,13,13,x,15,13,32,54,58,30,36,61,37,27,23,22,26,37,29,24,24,29,35,43
50,鳳山,6,一氧化氮,NO,ppb,2001-09-20,1.4,1.2,1.3,x,2.1,1.9,7.5,17,11,4.2,4.8,8.4,4.9,3.9,4.7,3.4,3.7,5.9,3.9,3,3.4,4.3,4.5,6
50,鳳山,7,二氧化氮,NO2,ppb,2001-09-20,13,12,12,x,13,11,24,37,47,26,31,52,32,23,18,19,22,31,25,21,20,25,30,37
50,鳳山,10,風速,WIND_SPEED,m/sec,2001-09-20,0.6,0.2,0.3,0,0.1,0.2,0,0.1,0.3,0.2,0.4,1.3,2.2,2.2,2.8,2.9,2.7,2,0.7,0.2,0.4,0.3,0,0
50,鳳山,11,風向,WIND_DIREC,degrees,2001-09-20,110,106,87,888,98,153,148,8,888,3,888,339,323,318,312,312,317,321,44,84,17,341,61,313
50,鳳山,14,溫度,AMB_TEMP,℃,2001-09-20,23.7,23.4,22.8,22.3,22.8,23,23.2,23.7,26.9,30.7,31.6,31.7,31.6,31.6,31.3,30.2,28.3,27.2,26,24.2,23.9,24.2,24,24
50,鳳山,33,細懸浮微粒,PM2.5,μg/m3,2001-09-20,x,x,x,x,x,x,x,x,x,x,x,x,x,x,x,x,x,x,x,x,x,x,x,x
51,大寮,1,二氧化硫,SO2,ppb,2001-09-20,0.7,0.8,0.9,0.8,0.9,0.3,0.4,30,21,38,3,x,x,x,14,18,9.5,15,1.4,1.4,7.5,2.3,2.2,0.8
51,大寮,2,一氧化碳,CO,ppm,2001-09-20,0.3,0.3,0.4,0.3,0.3,0.3,0.4,0.9,0.7,0.5,0.5,x,x,x,0.6,0.7,0.6,0.7,0.7,0.6,0.6,0.7,0.9,0.8
51,大寮,3,臭氧,O3,ppb,2001-09-20,46,42,28,40,42,38,x,19,28,34,70,x,x,x,104,78,65,38,41,36,29,22,15,14
51,大寮,4,懸浮微粒,PM10,μg/m3,2001-09-20,40,31,27,21,22,24,16,17,28,43,39,68,65,72,70,25,x,x,x,x,68,14,12,40
51,大寮,5,氮氧化物,NOx,ppb,2001-09-20,5.1,5.9,9.1,x,4,4.8,9,28,27,41,12,x,x,x,x,x,34,40,18,14,23,22,26,18
51,大寮,6,一氧化氮,NO,ppb,2001-09-20,0.2,0.2,0.2,x,0,0,0.2,4.6,4.8,13,0.1,x,x,x,x,x,0.4,0.4,0.1,0,0.1,0.1,1.1,0.2
51,大寮,7,二氧化氮,NO2,ppb,2001-09-20,4.9,5.8,9,x,4,4.8,8.8,23,22,28,11,x,x,x,x,x,33,40,18,14,23,22,25,18
51,大寮,8,總碳氫化合物,THC,ppm,2001-09-20,2.3,x,2.8,2.3,2.2,2.4,2.8,x,x,x,x,x,x,x,x,x,x,x,2.5,2.5,2.7,2.8,3.1,3.1
51,大寮,9,非甲烷碳氫化合物,NMHC,ppm,2001-09-20,0,x,0.1,0.1,0,0,0.3,x,x,x,x,x,x,x,x,x,x,x,0.1,0.1,0.4,0.4,0.5,0.3
51,大寮,10,風速,WIND_SPEED,m/sec,2001-09-20,1.6,1.1,0.8,1.1,1.1,0.2,0.2,1,0.1,0.4,0.4,0.3,1.1,1.4,3.1,1.3,1.4,2.3,2.3,x,0.4,0,0.2,0
51,大寮,11,風向,WIND_DIREC,degrees,2001-09-20,144,168,98,185,129,110,888,888,888,313,297,308,341,335,325,309,317,322,64,x,38,888,291,99
51,大寮,14,溫度,AMB_TEMP,℃,2001-09-20,25.5,25.1,24,23.6,24.4,23.5,23.9,24.4,27.1,30,31,32.1,x,32.1,32.3,31.4,x,x,25,24.2,24.5,24.6,24.6,24.3
51,大寮,31,甲烷,CH4,ppm,2001-09-20,2.3,x,2.7,2.3,2.2,2.3,2.5,x,x,x,x,x,x,x,x,x,x,x,2.4,2.4,2.3,2.3,2.5,2.8
52,林園,1,二氧化硫,SO2,ppb,2001-09-20,0.3,0.2,0.3,0.2,0.2,0.5,0.8,0.7,1.9,1.9,1.6,3.4,4,8.8,5.9,12,19,23,2.6,0.5,0.7,3.7,8.7,3.3
52,林園,2,一氧化碳,CO,ppm,2001-09-20,0.3,0.3,0.3,0.3,0.2,0.2,0.3,0.4,0.5,0.5,0.3,0.4,0.5,0.4,0.4,0.5,0.7,1,0.5,0.4,0.4,0.5,0.8,0.6
52,林園,3,臭氧,O3,ppb,2001-09-20,50,51,51,52,51,49,x,42,36,46,56,71,104,100,98,83,67,40,52,51,44,38,27,23
52,林園,4,懸浮微粒,PM10,μg/m3,2001-09-20,53,53,56,52,50,59,47,33,34,29,37,38,40,47,52,53,70,68,69,56,49,47,45,45
52,林園,5,氮氧化物,NOx,ppb,2001-09-20,2.9,2.4,2.6,x,2.3,3,5,6.1,16,13,5.9,9,7.6,10,6.5,15,28,39,13,6.5,8.2,12,22,16
52,林園,6,一氧化氮,NO,ppb,2001-09-20,0.3,0.3,0.3,x,0.1,0.1,0.2,0.3,2,1.9,0.3,0.5,0.1,0.1,0.1,0.4,0.9,2.3,0.2,0.1,0,0.1,0.1,0
52,林園,7,二氧化氮,NO2,ppb,2001-09-20,2.6,2,2.3,x,2.2,2.9,4.8,5.8,14,12,5.6,8.6,7.6,9.8,6.3,14,28,37,13,6.5,8.2,12,22,16
52,林園,8,總碳氫化合物,THC,ppm,2001-09-20,2.6,x,3.3,2,2,2,2.1,2.2,2.4,2.2,2.1,2.1,2.2,2.4,2.1,2.1,2.8,2.5,2.2,2.1,2.2,2.3,2.6,2.7
52,林園,9,非甲烷碳氫化合物,NMHC,ppm,2001-09-20,0.2,x,1.2,0,0,x,0,0,0.1,0.1,0,0,0,x,0,0.1,0.6,0.3,0.1,0,0,0.1,0.3,0.2
52,林園,10,風速,WIND_SPEED,m/sec,2001-09-20,x,x,x,x,x,x,x,x,x,x,x,x,x,x,x,x,x,x,x,x,x,x,x,x
52,林園,11,風向,WIND_DIREC,degrees,2001-09-20,x,x,x,x,x,x,x,x,x,x,x,x,x,x,x,x,x,x,x,x,x,x,x,x
52,林園,14,溫度,AMB_TEMP,℃,2001-09-20,26.3,26.6,26.7,25.1,25.8,26.2,26.1,25.8,27.1,29.8,30.9,32.8,31.9,31.2,31.1,31.4,30.3,28.8,26.4,24,24.2,24.8,25.8,25.2
52,林園,31,甲烷,CH4,ppm,2001-09-20,2.5,2.6,2.1,2,2,2,2,2.1,2.2,2.1,2.1,2.1,2.1,2.1,2,2.1,2.2,2.2,2.1,2.1,2.1,2.2,2.3,2.6
52,林園,33,細懸浮微粒,PM2.5,μg/m3,2001-09-20,23,34,32,24,23,17,14,19,21,29,52,63,54,53,52,52,64,57,43,38,28,21,21,26
53,楠梓,1,二氧化硫,SO2,ppb,2001-09-20,19,4.3,2,13,18,7.6,7,8.3,5.9,10,13,14,8.4,9.2,8.3,2.8,1.8,1.8,1.1,0.8,1.9,1.2,1.7,2.7
53,楠梓,2,一氧化碳,CO,ppm,2001-09-20,0.5,0.3,0.3,0.3,0.3,0.3,0.6,1.2,0.8,0.8,0.8,0.5,0.5,0.5,0.4,0.5,0.5,0.7,0.4,0.4,0.4,0.4,0.4,0.6
53,楠梓,3,臭氧,O3,ppb,2001-09-20,21,25,19,22,18,23,x,9.9,22,44,84,81,88,81,65,85,58,49,42,35,19,22,19,8
53,楠梓,4,懸浮微粒,PM10,μg/m3,2001-09-20,25,29,22,24,24,29,18,19,37,16,28,32,32,32,42,39,26,40,16,10,16,17,19,32
53,楠梓,5,氮氧化物,NOx,ppb,2001-09-20,34,27,36,x,47,29,59,80,46,39,33,21,14,15,16,15,14,20,17,20,34,25,30,49
53,楠梓,6,一氧化氮,NO,ppb,2001-09-20,1.7,0.1,3.8,x,11,0.7,21,32,13,4.8,1.6,1.2,0.5,0.5,0.9,0.5,0.6,0.3,0.1,0.1,1.5,0.4,0.8,9.7
53,楠梓,7,二氧化氮,NO2,ppb,2001-09-20,32,27,32,x,36,28,38,48,33,34,31,20,14,14,15,15,14,19,17,20,33,25,29,39
53,楠梓,8,總碳氫化合物,THC,ppm,2001-09-20,2.7,2.5,2.3,2.8,3.2,2.9,2.7,3.1,2.8,2.7,2.8,2.4,2.6,2.9,2.5,2.3,2.2,2.2,2.1,2.1,2.2,2.3,2.3,2.5
53,楠梓,9,非甲烷碳氫化合物,NMHC,ppm,2001-09-20,0.3,0.4,0.1,0.6,0.9,0.7,0.4,0.7,0.4,0.4,0.5,0.3,0.5,0.8,0.4,0.1,0.1,0.2,0.1,0.1,0.1,0.1,0.2,0.3
53,楠梓,10,風速,WIND_SPEED,m/sec,2001-09-20,1.1,0.6,1,1.4,0.9,0.6,0.4,0.2,0.2,0.2,1,2.2,2.8,2.8,3.2,3.1,2.7,1.9,2.2,0.8,0.5,x,0.5,x
53,楠梓,11,風向,WIND_DIREC,degrees,2001-09-20,125,117,72,190,151,888,83,64,888,888,303,307,302,300,303,306,312,336,38,42,39,888,42,888
53,楠梓,14,溫度,AMB_TEMP,℃,2001-09-20,26,26,25.8,25.7,26.1,25.6,25.2,26.1,27.8,29.8,31.1,31.6,31.2,31.2,31.3,30.4,29.3,28.5,26.6,25.6,25.3,25.2,25.5,25.3
53,楠梓,31,甲烷,CH4,ppm,2001-09-20,2.3,2.1,2.2,2.2,2.3,2.2,2.3,2.4,2.4,2.3,2.3,2.1,2.1,2.1,2.1,2.2,2.1,2.1,2,2,2.1,2.2,2.1,2.2
54,左營,1,二氧化硫,SO2,ppb,2001-09-20,13,3.4,1.3,1.8,4.3,7.6,5.9,16,9.9,7.2,20,23,15,6.9,4.1,4.3,3.5,2.3,2.8,11,3.5,4.8,11,11
54,左營,2,一氧化碳,CO,ppm,2001-09-20,0.7,0.6,0.5,0.6,0.7,0.6,1.2,2,2.1,1.1,1,0.9,0.7,0.6,0.6,0.6,0.6,0.7,0.7,0.7,0.8,1.2,1.2,1.2
54,左營,3,臭氧,O3,ppb,2001-09-20,36,32,33,28,23,27,x,14,36,65,78,122,115,95,88,109,71,60,47,31,35,26,14,11
54,左營,4,懸浮微粒,PM10,μg/m3,2001-09-20,37,27,24,16,15,24,14,37,37,54,54,57,67,55,56,52,44,40,51,44,47,45,34,32
54,左營,5,氮氧化物,NOx,ppb,2001-09-20,16,15,12,x,21,20,39,63,57,27,43,29,14,9.9,13,12,11,11,15,30,21,30,41,45
54,左營,6,一氧化氮,NO,ppb,2001-09-20,0.2,0,0,x,0.5,0.6,9.6,23,13,3,5.9,1.5,0.6,0.6,0.9,0.5,0.8,0.3,0.3,1.4,0.2,2.2,3.5,4.6
54,左營,7,二氧化氮,NO2,ppb,2001-09-20,15,15,12,x,20,19,29,40,45,24,38,27,14,9.3,12,12,11,11,15,28,21,28,37,40
54,左營,8,總碳氫化合物,THC,ppm,2001-09-20,2.4,2.5,x,2.4,2.6,2.5,2.7,3.1,3,2.4,2.5,2.5,2.3,2.2,2.2,2.3,2.3,2.3,2.4,2.5,2.6,2.8,3.1,3
54,左營,9,非甲烷碳氫化合物,NMHC,ppm,2001-09-20,0.2,0.3,x,0.1,0.3,0.2,0.3,0.7,0.8,0.4,0.4,0.3,0.1,0.1,0.1,0.1,0.1,0.1,0.2,0.3,0.3,0.5,0.6,0.7
54,左營,10,風速,WIND_SPEED,m/sec,2001-09-20,1.9,1.1,1.1,0.7,0.4,0.9,0.5,0.6,0.6,0.1,1.5,2.3,2.9,3.6,3.4,4.1,3.9,4,2.8,1.6,2.1,0.6,0.4,0
54,左營,11,風向,WIND_DIREC,degrees,2001-09-20,134,130,127,888,113,149,114,57,888,348,324,315,321,327,322,331,346,348,26,46,32,333,42,999
54,左營,14,溫度,AMB_TEMP,℃,2001-09-20,26.6,25.8,25.7,25.5,25.4,25.7,25.7,25.6,27.6,29.6,29.6,29.4,29.9,29.6,29.5,28.9,28.5,28,27.3,26.5,26.2,26.3,26.4,26.3
54,左營,31,甲烷,CH4,ppm,2001-09-20,2.3,2.3,x,2.3,2.4,2.3,2.4,2.4,2.2,2,2.1,2.2,2.2,2.1,2.2,2.2,2.2,2.2,2.2,2.2,2.3,2.2,2.4,2.3
56,前金,1,二氧化硫,SO2,ppb,2001-09-20,0.3,2.1,3.2,6.6,29,4,7.7,14,13,24,25,14,12,7.4,3.3,3.3,2.5,2.6,3,16,9.8,6.2,4.7,3.9
56,前金,2,一氧化碳,CO,ppm,2001-09-20,0.6,0.7,0.6,0.9,1.2,0.7,1.5,2.7,2.3,2.4,1.9,1,0.7,0.5,0.5,0.6,0.7,0.6,0.9,1.3,1.2,1.1,1.2,1.1
56,前金,3,臭氧,O3,ppb,2001-09-20,40,28,26,19,11,29,x,9.9,51,99,136,124,109,98,81,94,69,54,35,7,13,20,13,16
56,前金,4,懸浮微粒,PM10,μg/m3,2001-09-20,29,25,25,19,23,34,35,37,57,58,75,79,66,59,55,38,44,39,44,44,44,39,42,35
56,前金,5,氮氧化物,NOx,ppb,2001-09-20,10,20,19,x,39,19,46,85,61,67,57,28,15,9.1,8.6,11,14,15,25,65,50,34,38,33
56,前金,6,一氧化氮,NO,ppb,2001-09-20,0.3,0.2,0.2,x,1.8,0.2,9.1,30,6.1,3,1.8,0.5,0.4,0.4,0.5,0.4,0.5,0.4,1.1,12,7,1.2,1.2,0.6
56,前金,7,二氧化氮,NO2,ppb,2001-09-20,10,19,19,x,37,19,37,55,55,64,55,28,14,8.7,8.1,10,13,15,24,54,43,32,36,32
56,前金,10,風速,WIND_SPEED,m/sec,2001-09-20,2.1,1,0.9,0.2,0.7,0.6,0.3,0.6,0.2,0.3,0.8,1.8,2.5,3.1,3,3.4,2.5,2.8,2,1.2,1.1,0.8,0.7,0.2
56,前金,11,風向,WIND_DIREC,degrees,2001-09-20,144,111,122,888,888,143,6,1,888,222,888,353,346,336,329,330,351,354,4,23,4,358,360,340
56,前金,14,溫度,AMB_TEMP,℃,2001-09-20,26.9,26.7,26.3,25.9,26.2,26.5,25.8,26,27.9,30.2,31.5,32,31,30.7,31.7,30.3,29,28.1,28.1,27.1,26.4,26.2,26.6,27
57,前鎮,1,二氧化硫,SO2,ppb,2001-09-20,1.2,10,8.4,27,30,6.1,13,11,8,17,42,33,17,10,7.2,2.6,2.4,2.2,5.9,3.4,17,12,14,7.5
57,前鎮,4,懸浮微粒,PM10,μg/m3,2001-09-20,22,22,29,31,28,34,34,34,49,68,87,112,103,94,76,55,41,48,49,49,44,48,52,55
57,前鎮,5,氮氧化物,NOx,ppb,2001-09-20,5.6,19,10,x,28,14,34,58,49,59,87,53,22,16,14,12,16,20,36,37,60,55,65,53
57,前鎮,6,一氧化氮,NO,ppb,2001-09-20,0.2,0.5,0.2,x,1.4,0.2,4.7,16,6.3,6.2,7.6,3.8,1,0.5,0.5,0.4,0.3,0.2,2.5,2.8,11,8.3,16,11
57,前鎮,7,二氧化氮,NO2,ppb,2001-09-20,5.4,19,10,x,27,14,29,42,43,52,79,49,21,16,13,12,16,20,34,35,48,47,49,42
57,前鎮,8,總碳氫化合物,THC,ppm,2001-09-20,1.9,x,2.2,3,2.2,2,2.2,2.9,2.8,2.7,2.7,2.2,2,2,2,2,2,2.1,2.4,2.3,2.5,2.6,2.9,2.5
57,前鎮,9,非甲烷碳氫化合物,NMHC,ppm,2001-09-20,0,x,0,1,0.3,0.1,0.3,0.8,0.8,0.7,0.7,0.3,0.1,0.1,0.1,0.1,0.2,0.2,0.5,0.4,0.6,0.6,0.9,0.6
57,前鎮,14,溫度,AMB_TEMP,℃,2001-09-20,26.6,27.7,26.4,25.6,27.1,26.4,26.5,26.8,28.4,30.2,31.3,31,31.9,32.1,32.3,31.4,30,28.7,28.2,27.2,26.8,27,27.2,27
57,前鎮,31,甲烷,CH4,ppm,2001-09-20,1.9,x,2.2,2,1.9,1.9,1.9,2.1,2,2,2,1.9,1.9,1.8,1.9,1.9,1.9,1.9,1.9,1.9,1.9,2,1.9,2
58,小港,1,二氧化硫,SO2,ppb,2001-09-20,9.2,15,7,26,27,23,29,13,5.5,21,14,24,18,15,11,5.2,3.8,3.4,2.8,1,2.9,19,8.6,4.1
58,小港,2,一氧化碳,CO,ppm,2001-09-20,0.6,0.4,0.5,1.9,1.4,0.7,1.6,1.3,1.2,0.8,0.8,0.9,0.8,0.8,0.8,0.7,0.7,0.9,0.9,0.8,1,1.4,1.2,1.1
58,小港,3,臭氧,O3,ppb,2001-09-20,29,26,32,15,21,19,x,18,29,35,60,77,104,108,94,66,70,40,35,27,16,3.3,9.3,6.1
58,小港,4,懸浮微粒,PM10,μg/m3,2001-09-20,55,67,59,55,46,49,41,38,45,45,42,49,68,72,72,63,48,31,31,41,38,31,38,38
58,小港,5,氮氧化物,NOx,ppb,2001-09-20,25,30,19,x,40,46,60,52,47,46,39,53,37,30,31,33,30,36,34,33,48,86,55,59
58,小港,6,一氧化氮,NO,ppb,2001-09-20,0.2,0.2,0.2,x,2.2,3.9,11,11,7.9,7.4,3,3,0.8,0.4,0.7,1.9,0.7,1,1.3,1.3,5.5,23,6.2,9.6
58,小港,7,二氧化氮,NO2,ppb,2001-09-20,25,30,19,x,38,42,48,41,39,38,36,50,36,30,30,31,29,35,32,31,43,63,48,49
58,小港,8,總碳氫化合物,THC,ppm,2001-09-20,2.1,2.1,2.1,2.2,2.1,2.2,2.2,2.6,2.5,2.3,2.3,2.3,2.2,2.1,2.1,2.1,2.1,2.1,2.2,2.2,2.5,2.6,2.6,2.5
58,小港,9,非甲烷碳氫化合物,NMHC,ppm,2001-09-20,0.1,0.2,0,0.2,0.1,0.3,0.2,0.6,0.4,0.2,0.2,0.3,0.3,0.2,0.1,0.2,0.1,0.2,0.3,0.2,0.3,0.6,0.6,0.5
58,小港,10,風速,WIND_SPEED,m/sec,2001-09-20,3.1,4.1,2.4,3.9,5,3,2.6,1.4,0.9,0.8,1.2,2.6,2.2,3.3,3,4.1,4.8,3.4,3.2,1.9,1.5,0.7,0.7,0.3
58,小港,11,風向,WIND_DIREC,degrees,2001-09-20,122,126,109,144,139,132,125,80,49,352,311,262,286,320,321,326,326,323,14,52,36,353,64,337
58,小港,14,溫度,AMB_TEMP,℃,2001-09-20,26.5,27.5,26.4,26.4,27.3,26.8,27.1,25.9,27.2,28.9,30.4,31,31.6,31.6,31.5,30.7,29.3,28.4,27.7,25.8,25.7,26.4,26.3,26
58,小港,21,酸雨,PH_RAIN,pH,2001-09-20,0,0,0,0,0,0,0,0,0,0,0,0,0,0,0,0,0,0,0,0,0,0,0,0
58,小港,22,導電度,RAIN_COND,μmho/cm,2001-09-20,0,0,0,0,0,0,0,0,0,0,0,0,0,0,0,0,0,0,0,0,0,0,0,0
58,小港,31,甲烷,CH4,ppm,2001-09-20,2,1.9,2,2,2,1.9,2,2,2.1,2,2.1,2,1.9,1.9,2,2,2,1.9,2,2,2.1,2,2,2.1
58,小港,32,降雨強度,RAIN_INT,㎜,2001-09-20,0,0,0,0,0,0,0,0,0,0,0,0,0,0,0,0,0,0,0,0,0,0,0,0
59,屏東,1,二氧化硫,SO2,ppb,2001-09-20,0.4,0.2,0.4,0.2,2.1,2.2,2.9,5.1,3.4,2.5,3.5,3.5,5.1,6.3,11,5,3.9,2.1,1.2,1.3,2.5,3.3,2.4,1.5
59,屏東,2,一氧化碳,CO,ppm,2001-09-20,0.6,0.5,0.6,0.4,0.5,0.7,1.1,2,1.1,0.6,0.5,0.4,0.5,0.5,0.6,0.6,0.6,0.7,0.8,1,1.6,1.6,1.2,1.1
59,屏東,3,臭氧,O3,ppb,2001-09-20,24,20,17,21,20,18,x,10,27,35,54,62,83,90,81,77,69,48,33,28,13,12,11,14
59,屏東,4,懸浮微粒,PM10,μg/m3,2001-09-20,18,17,11,18,20,18,22,32,51,51,43,40,31,40,44,57,63,60,54,37,27,35,37,43
59,屏東,5,氮氧化物,NOx,ppb,2001-09-20,18,14,17,x,14,16,36,65,31,18,14,11,7.2,8.2,13,8.9,8.7,14,23,23,29,43,35,29
59,屏東,6,一氧化氮,NO,ppb,2001-09-20,0.6,0.4,0.6,x,0.6,0.6,6.9,22,5.3,2.2,0.9,0.6,0.6,0.6,0.8,0.7,0.6,0.5,0.7,0.6,4.8,3.3,2.4,0.8
59,屏東,7,二氧化氮,NO2,ppb,2001-09-20,17,13,17,x,14,16,29,43,26,15,13,10,6.7,7.6,13,8.2,8.1,13,22,22,24,40,32,28
59,屏東,8,總碳氫化合物,THC,ppm,2001-09-20,2.3,2.4,2.5,2.5,2.6,2.7,3.1,3.4,2.8,2.4,2.2,2.1,2.1,2.1,2.1,2.3,2.3,2.3,2.4,2.5,2.9,3.2,2.9,2.7
59,屏東,9,非甲烷碳氫化合物,NMHC,ppm,2001-09-20,0.2,0.3,0.2,0.1,0.2,0.3,0.5,1,0.4,0.1,0.1,0.1,0,0,0,0.1,0.2,0.2,0.2,0.4,0.7,0.8,0.5,0.4
59,屏東,10,風速,WIND_SPEED,m/sec,2001-09-20,0.5,0.4,0.6,1.1,0.4,0.5,0.1,0.9,1,0.4,0.8,1.5,1.9,2.9,3.2,2.8,3.3,2.8,1.2,0.1,0,0.2,0.1,0.1
59,屏東,11,風向,WIND_DIREC,degrees,2001-09-20,55,348,888,263,888,888,888,18,888,324,358,333,311,306,303,311,304,1,30,26,321,888,335,52
59,屏東,14,溫度,AMB_TEMP,℃,2001-09-20,24.7,24.2,24.3,24.2,24.1,24,23.9,24.6,26.7,28.3,30.7,31.9,32.4,32.4,31.3,31.5,30.1,27.4,24.6,24.9,25.3,25.3,25.2,25.1
59,屏東,31,甲烷,CH4,ppm,2001-09-20,2.1,2.1,2.4,2.4,2.4,2.3,2.6,2.4,2.4,2.2,2.1,2,2.1,2,2.1,2.2,2.1,2.1,2.1,2.1,2.2,2.4,2.5,2.4
60,潮州,1,二氧化硫,SO2,ppb,2001-09-20,0,0,0,0,0,0.2,0.1,0.1,0.8,0.7,1,0.8,2.2,4.3,8.7,8.8,4.3,1.3,0.2,0.3,0.2,0.1,0,0.1
60,潮州,2,一氧化碳,CO,ppm,2001-09-20,0.2,0.2,0.2,0.2,0.2,0.2,0.2,0.4,0.4,0.5,0.4,0.4,0.3,0.3,0.4,0.4,0.5,0.5,0.3,0.2,0.4,0.3,0.3,0.3
60,潮州,3,臭氧,O3,ppb,2001-09-20,47,46,42,43,42,34,x,26,25,43,56,74,91,103,117,96,72,53,52,47,30,29,24,20
60,潮州,4,懸浮微粒,PM10,μg/m3,2001-09-20,14,12,12,15,15,24,22,15,x,11,11,31,35,41,46,57,72,76,87,68,39,27,26,22
60,潮州,5,氮氧化物,NOx,ppb,2001-09-20,2.9,2.3,2.4,x,2.3,3.4,5.1,13,16,15,11,10,11,13,20,24,24,18,7.6,7.9,15,11,8.1,7.7
60,潮州,6,一氧化氮,NO,ppb,2001-09-20,0.8,0.4,0.1,x,0.1,0.1,0.5,1.9,2.8,2.1,1.2,1.1,1.1,1.2,1.3,1.5,1.7,0.8,0.7,0.8,1,0.9,1.1,1.1
60,潮州,7,二氧化氮,NO2,ppb,2001-09-20,2.2,1.9,2.2,x,2.3,3.4,4.6,11,13,13,9.6,9.2,9.8,12,19,23,23,17,6.9,7.1,14,10,7,6.7
60,潮州,10,風速,WIND_SPEED,m/sec,2001-09-20,3.2,2.6,1.6,2.4,2.2,0.6,1,0.8,0.5,1,1.4,1.4,1.6,1.9,1.9,1.8,1.5,1,1.7,1,0.3,0,0.4,0.3
60,潮州,11,風向,WIND_DIREC,degrees,2001-09-20,136,157,888,189,137,167,176,888,317,360,31,326,333,309,295,322,22,64,64,37,888,213,112,93
60,潮州,14,溫度,AMB_TEMP,℃,2001-09-20,27.2,27.3,26.3,24.6,23.9,23.3,24,24,26.1,28.5,30.5,32,33,34,33.3,31.1,26.9,26.6,24.5,24.1,24.3,24.2,24.1,24.2
61,恆春,1,二氧化硫,SO2,ppb,2001-09-20,0,0,0,0,0,0,0,0,0,0,0,0,0,0,0,0,0,0,0,0,0,0,0,0
61,恆春,2,一氧化碳,CO,ppm,2001-09-20,0.4,0.3,0.3,0.3,0.3,0.3,0.3,0.3,0.3,0.3,0.3,0.3,0.3,0.3,0.3,0.3,0.3,0.3,0.3,0.3,0.3,0.2,0.2,0.3
61,恆春,3,臭氧,O3,ppb,2001-09-20,46,46,47,46,46,47,x,45,41,41,41,37,35,35,38,38,37,35,32,35,31,23,26,24
61,恆春,4,懸浮微粒,PM10,μg/m3,2001-09-20,31,26,14,12,12,12,19,18,83,81,78,70,46,43,37,37,37,36,36,53,55,51,40,34
61,恆春,5,氮氧化物,NOx,ppb,2001-09-20,0.6,0.7,1,x,1.1,1.1,1.1,0.8,x,x,0.7,0.8,1,1.1,1.1,1.2,1.5,1.1,0.9,0.6,0.6,0.6,0.6,0.7
61,恆春,6,一氧化氮,NO,ppb,2001-09-20,0,0.1,0.1,x,0.1,0.1,0.1,0,x,x,0,0,0.1,0.1,0.1,0.1,0.1,0,0,0,0,0,0,0.1
61,恆春,7,二氧化氮,NO2,ppb,2001-09-20,0.6,0.6,0.9,x,1,1,1.1,0.8,x,x,0.7,0.8,1,1,1.1,1.1,1.5,1.1,0.9,0.6,0.6,0.6,0.5,0.7
61,恆春,10,風速,WIND_SPEED,m/sec,2001-09-20,5.5,4.5,7.1,6.4,5.1,6.9,8,6.5,6.9,7.6,7.7,6.7,6.5,5.7,5.1,4.9,6.2,3.3,5,3.8,5.9,9.2,10,8.9
61,恆春,11,風向,WIND_DIREC,degrees,2001-09-20,53,32,29,39,38,40,34,38,40,52,54,48,53,51,40,47,40,14,16,5,38,52,41,34
61,恆春,14,溫度,AMB_TEMP,℃,2001-09-20,24.1,23.2,23.2,22.9,22.8,22.5,23.2,24.3,26.4,28.1,29.2,30,30.7,31.5,31.8,31.3,29.4,27.3,26.8,26.6,26.1,26.1,26.2,26
61,恆春,21,酸雨,PH_RAIN,pH,2001-09-20,0,4.4,4.6,4.3,4.5,5,4.5,4.5,0,0,0,0,0,0,0,0,0,0,0,0,0,0,0,0
61,恆春,22,導電度,RAIN_COND,μmho/cm,2001-09-20,0,36,16,44,25,7.1,28,22,0,0,0,0,0,0,0,0,0,0,0,0,0,0,0,0
61,恆春,32,降雨強度,RAIN_INT,㎜,2001-09-20,0,51,29,0.5,20,5,1,0.5,0,0,0,0,0,0,0,0,0,0,0,0,0,0,0,0
62,臺東,1,二氧化硫,SO2,ppb,2001-09-20,0.1,0.2,0.1,0.1,0.1,0.2,0.3,0.6,x,0.8,0.7,0.9,0.4,0.3,0.2,0.6,0.6,0.4,0.4,0.6,0.3,0.2,0.2,0.1
62,臺東,2,一氧化碳,CO,ppm,2001-09-20,0.4,x,0.4,0.4,0.4,0.4,0.5,0.8,0.9,0.8,0.6,0.7,0.6,0.5,0.6,0.6,0.7,0.8,0.6,0.7,0.6,0.7,0.5,0.4
62,臺東,3,臭氧,O3,ppb,2001-09-20,44,41,39,38,35,33,27,18,18,20,36,46,45,44,41,46,36,33,33,27,22,17,20,19
62,臺東,4,懸浮微粒,PM10,μg/m3,2001-09-20,x,x,x,x,x,x,x,x,x,x,x,x,x,x,x,x,x,x,x,x,x,x,x,x
62,臺東,5,氮氧化物,NOx,ppb,2001-09-20,2.9,2.2,2,x,1.5,3.1,6,16,20,19,11,12,9.9,7.1,7.4,9.7,10,15,9.3,15,11,16,8.8,5.8
62,臺東,6,一氧化氮,NO,ppb,2001-09-20,0.1,0.1,0,x,0,0.1,0.2,3.6,6.2,7.5,3.5,3.5,3.1,2.2,2.3,2.7,2.9,3.3,0.9,3.6,2.6,4.7,1.9,0.8
62,臺東,7,二氧化氮,NO2,ppb,2001-09-20,2.8,2.1,1.9,x,1.5,3.1,5.8,12,13,11,7.9,8.4,6.8,4.9,5.1,7,7.5,11,8.4,11,8.7,12,7,5
62,臺東,8,總碳氫化合物,THC,ppm,2001-09-20,2.1,2.1,2.1,2.1,2.1,2.2,2.2,2.4,2.4,2.4,2.2,2.2,2.1,2.1,2.1,2.1,2.1,2.2,2.2,2.3,2.2,2.2,2.2,2.1
62,臺東,9,非甲烷碳氫化合物,NMHC,ppm,2001-09-20,0,0,0,0,0,0,0,0.2,0.2,0.2,0,0.1,0,0,0,0,0,0.1,0,0.1,0,0,0,0
62,臺東,10,風速,WIND_SPEED,m/sec,2001-09-20,2.4,2.2,1.7,2.3,1.6,1.4,1.3,1.3,1.7,1.4,1.1,2.4,2.5,2.8,3.1,3.1,3.1,2.3,1.8,1.2,1.5,1.6,1.5,1.4
62,臺東,11,風向,WIND_DIREC,degrees,2001-09-20,336,349,341,337,340,326,323,328,344,349,13,71,57,77,78,68,61,34,14,17,1,342,345,340
62,臺東,14,溫度,AMB_TEMP,℃,2001-09-20,22.8,23.3,24,24.2,24.4,24.4,24.6,24.9,25.7,27.6,29.9,31.1,31.2,30.7,30.4,29.8,28.7,27.9,27.5,27.2,26,25.4,25.6,25.7
62,臺東,21,酸雨,PH_RAIN,pH,2001-09-20,0,0,0,0,0,0,0,0,0,0,0,0,0,0,0,0,0,0,0,0,5.3,0,0,0
62,臺東,22,導電度,RAIN_COND,μmho/cm,2001-09-20,0,0,0,0,0,0,0,0,0,0,0,0,0,0,0,0,0,0,0,0,6.1,0,0,0
62,臺東,31,甲烷,CH4,ppm,2001-09-20,2.1,x,2.1,2.1,2.1,2.2,2.2,2.3,2.2,2.1,2.1,2.1,2.1,2.1,2.1,2.1,2.1,2.2,2.2,2.2,2.1,2.2,2.1,2.1
62,臺東,32,降雨強度,RAIN_INT,㎜,2001-09-20,0,0,0,0,0,0,0,0,0,0,0,0,0,0,0,0,0,0,0,0,1,0,0,0
63,花蓮,1,二氧化硫,SO2,ppb,2001-09-20,0.2,0.1,0.2,0.2,0.1,0.1,0.2,0.1,0.2,0.1,0.1,0.2,0.3,0.8,0.7,0.6,0.7,0.9,0.6,0.3,0.2,0.2,0.2,0.2
63,花蓮,2,一氧化碳,CO,ppm,2001-09-20,0.2,0.6,0.4,0.4,0.7,0.4,0.8,0.6,0.6,0.5,0.4,0.4,0.4,0.4,0.5,0.5,0.6,0.9,1.2,0.9,0.6,0.8,0.5,0.4
63,花蓮,3,臭氧,O3,ppb,2001-09-20,9.9,11,11,13,14,12,x,14,20,40,43,43,41,39,38,36,25,18,3,4.5,7.7,2.7,1.6,3.8
63,花蓮,4,懸浮微粒,PM10,μg/m3,2001-09-20,60,62,57,57,43,34,30,15,13,13,13,17,21,26,30,26,35,32,26,27,29,23,16,25
63,花蓮,5,氮氧化物,NOx,ppb,2001-09-20,9.3,5.8,6.3,x,4.9,6.3,13,9.7,12,7.8,5.1,5.9,5.5,10,15,12,16,29,41,31,16,34,33,25
63,花蓮,6,一氧化氮,NO,ppb,2001-09-20,0.9,0.2,0.5,x,0.2,0.2,3,3.3,4.2,1.2,0.9,1,0.9,1.8,3.2,2.4,4.1,6.5,18,15,6.3,19,18,15
63,花蓮,7,二氧化氮,NO2,ppb,2001-09-20,8.4,5.6,5.8,x,4.7,6.1,9.8,6.3,8.2,6.6,4.2,4.9,4.7,8.3,12,9.9,12,22,23,16,9.6,16,15,9.8
63,花蓮,8,總碳氫化合物,THC,ppm,2001-09-20,2.3,x,2.2,2.2,2.1,2.1,2.1,2.2,2.2,2.1,2,2.1,2.1,2.1,2.2,2.1,2.2,2.4,2.4,2.3,2,2.1,2,2
63,花蓮,9,非甲烷碳氫化合物,NMHC,ppm,2001-09-20,0.1,x,0.1,0.1,0.1,0.1,0.2,0.2,0.2,0.1,0.1,0.1,0.1,0.1,0.2,0.2,0.3,0.4,0.4,0.4,0.2,0.3,0.1,0.2
63,花蓮,10,風速,WIND_SPEED,m/sec,2001-09-20,1.4,1.5,0.9,1.5,1.4,1.5,1.5,2,1.1,1,2.2,2.8,3.3,3.3,3.1,3.9,3.3,2.4,1.7,2.7,3.5,2.4,1.6,1.6
63,花蓮,11,風向,WIND_DIREC,degrees,2001-09-20,128,122,138,145,122,121,131,115,112,80,76,62,56,48,19,11,12,12,888,888,11,167,128,129
63,花蓮,14,溫度,AMB_TEMP,℃,2001-09-20,24.5,24.3,24.2,24.2,23.8,23.8,25.7,28,30,32.3,33,33.1,32.8,33.6,33.7,31.8,30.5,29.6,28.9,28.4,26.5,25.4,25.6,25.4
63,花蓮,21,酸雨,PH_RAIN,pH,2001-09-20,0,0,0,0,0,0,0,0,0,0,0,0,0,0,0,0,0,0,0,0,0,6.4,6.3,0
63,花蓮,22,導電度,RAIN_COND,μmho/cm,2001-09-20,0,0,0,0,0,0,0,0,0,0,0,0,0,0,0,0,0,0,0,0,0,11,8.5,0
63,花蓮,31,甲烷,CH4,ppm,2001-09-20,2.1,x,2.2,2.1,2,2,2,2,2,2,1.9,2,2,2,2,1.9,1.9,1.9,2,1.9,1.9,1.9,1.9,1.9
63,花蓮,32,降雨強度,RAIN_INT,㎜,2001-09-20,0,0,0,0,0,0,0,0,0,0,0,0,0,0,0,0,0,0,0,0,0,4,0.5,0
64,陽明,1,二氧化硫,SO2,ppb,2001-09-20,x,x,x,x,x,x,x,x,x,x,x,x,x,x,x,x,x,0.1,0.1,0.2,0.1,0.2,0.2,0.2
64,陽明,2,一氧化碳,CO,ppm,2001-09-20,x,x,x,x,x,x,x,x,x,x,x,x,x,x,x,0.3,0.3,0.3,0.2,0.2,0.2,0.2,0.2,0.2
64,陽明,3,臭氧,O3,ppb,2001-09-20,x,x,x,x,x,x,x,x,x,x,x,x,x,x,x,16,18,19,19,19,18,19,17,19
64,陽明,4,懸浮微粒,PM10,μg/m3,2001-09-20,x,x,x,x,x,x,x,x,x,x,x,x,x,15,25,22,20,19,14,14,14,13,13,13
64,陽明,5,氮氧化物,NOx,ppb,2001-09-20,x,x,x,x,x,x,x,x,x,x,x,x,x,x,8.2,7.5,2.6,1.3,1.3,1.1,1.1,1.5,1.9,1.9
64,陽明,6,一氧化氮,NO,ppb,2001-09-20,x,x,x,x,x,x,x,x,x,x,x,x,x,x,1.2,1.3,0.3,0.1,0.1,0,0,0,0,0
64,陽明,7,二氧化氮,NO2,ppb,2001-09-20,x,x,x,x,x,x,x,x,x,x,x,x,x,x,7.1,6.2,2.3,1.2,1.2,1.1,1.1,1.5,1.8,1.9
64,陽明,10,風速,WIND_SPEED,m/sec,2001-09-20,7,6.6,7.3,7.1,6.7,6.3,6,5.3,4.6,4.8,5,5.3,5.3,4.4,3.5,4.8,4.5,5.3,4.8,6.1,4.5,4.8,4.5,5.7
64,陽明,11,風向,WIND_DIREC,degrees,2001-09-20,180,180,160,160,170,170,170,160,170,170,170,150,160,160,170,150,170,160,170,160,190,190,180,190
64,陽明,14,溫度,AMB_TEMP,℃,2001-09-20,x,x,x,x,x,x,x,x,x,x,x,x,x,22.9,22.4,22,21.4,21,20.8,20.6,20.9,20.6,20.8,20.7
64,陽明,21,酸雨,PH_RAIN,pH,2001-09-20,x,x,x,x,x,x,x,x,x,x,x,x,x,x,x,x,x,x,x,x,x,x,x,x
64,陽明,22,導電度,RAIN_COND,μmho/cm,2001-09-20,x,x,x,x,x,x,x,x,x,x,x,x,x,x,x,x,x,x,x,x,x,x,x,x
64,陽明,32,降雨強度,RAIN_INT,㎜,2001-09-20,x,x,x,x,x,x,x,x,x,x,x,x,x,0,0,0,0,0.5,0,0,0.5,22,8.5,11
64,陽明,38,相對濕度,RH,percent,2001-09-20,66,68,74,75,75,85,80,82,77,78,76,78,84,90,90,90,94,95,95,95,95,95,96,95
65,宜蘭,1,二氧化硫,SO2,ppb,2001-09-20,0.2,1,0.6,1.5,2.6,1.9,0.9,1.7,2.4,1.4,0.4,0.4,0.1,0.1,0.3,0.4,0.2,0,0,0.1,0,0,0,0
65,宜蘭,2,一氧化碳,CO,ppm,2001-09-20,0.3,0.4,0.3,0.3,0.4,0.4,0.5,0.7,0.7,0.4,0.4,0.4,0.4,0.4,0.4,0.3,0.5,0.5,0.5,0.5,0.4,0.4,0.3,0.3
65,宜蘭,3,臭氧,O3,ppb,2001-09-20,47,39,39,30,30,x,23,29,44,46,51,52,51,45,38,27,18,13,12,10,11,12,16,16
65,宜蘭,4,懸浮微粒,PM10,μg/m3,2001-09-20,25,23,27,22,27,31,32,27,20,32,27,31,46,43,35,19,12,14,19,26,24,14,12,12
65,宜蘭,5,氮氧化物,NOx,ppb,2001-09-20,4.8,8.4,6.7,x,11,11,13,16,19,13,8.6,8.4,7.5,9.1,8.7,8.3,14,14,13,15,12,8.9,2.9,3.1
65,宜蘭,6,一氧化氮,NO,ppb,2001-09-20,0,0,0,x,0,0,0.5,1.9,2.1,1.6,0.9,0.9,0.8,1.2,1,1.6,3.9,3.7,2.1,3,1.6,0.7,0.1,0
65,宜蘭,7,二氧化氮,NO2,ppb,2001-09-20,4.8,8.4,6.7,x,11,11,12,14,17,11,7.8,7.6,6.8,7.9,7.6,6.7,10,9.9,11,12,9.9,8.2,2.9,3.1
65,宜蘭,10,風速,WIND_SPEED,m/sec,2001-09-20,2.2,0.3,0.3,0.2,0.6,0.2,0.1,0,0.2,1.6,2.8,2.2,2.8,2.7,2.3,2.9,2.2,2.3,1.9,0.9,0.3,1.9,3.4,1.9
65,宜蘭,11,風向,WIND_DIREC,degrees,2001-09-20,106,92,46,888,327,322,237,208,888,86,86,77,71,77,65,67,68,61,29,47,888,235,244,243
65,宜蘭,14,溫度,AMB_TEMP,℃,2001-09-20,26,25.7,25.6,24.9,24.9,24.6,24.9,26.6,28.6,29.5,30,30.3,30.8,30.1,29.3,29.5,28.6,28,27,27.3,26.4,26,24.9,24.6
66,冬山,1,二氧化硫,SO2,ppb,2001-09-20,1.3,0.8,0.6,0.5,0.5,0.8,1.5,1.6,3,7.4,15,8.7,2.9,1.6,1,0.7,0.5,0.4,1.1,0.9,1.3,0.9,0.5,1
66,冬山,2,一氧化碳,CO,ppm,2001-09-20,0.1,0.2,0.1,0.1,0.1,0.2,0.6,0.4,0.4,0.4,0.2,0.1,0.1,0.1,0.1,0.1,0,0.1,0.1,0.1,0.3,0.2,0.2,0.3
66,冬山,3,臭氧,O3,ppb,2001-09-20,20,14,13,13,9.9,6.3,x,14,23,26,25,23,27,33,32,22,15,8.4,7.5,5.3,2.7,4.3,7.5,5.5
66,冬山,4,懸浮微粒,PM10,μg/m3,2001-09-20,30,31,69,66,52,51,24,31,41,35,41,40,29,32,25,14,13,13,13,16,19,21,36,24
66,冬山,5,氮氧化物,NOx,ppb,2001-09-20,6.4,6.7,7.1,x,7.8,15,30,17,17,22,27,19,5.2,4.3,2.4,3,4.2,3.9,5.9,13,16,9.9,6.4,7
66,冬山,6,一氧化氮,NO,ppb,2001-09-20,0.2,0.3,0.2,x,0.2,2.7,9.3,3.9,3.1,3.5,7.6,6.2,1.8,0.6,0.2,1,1.8,0.3,1.2,5.3,4.8,3,1.7,1.1
66,冬山,7,二氧化氮,NO2,ppb,2001-09-20,6.2,6.5,6.9,x,7.6,13,21,13,14,18,20,13,3.4,3.7,2.2,2,2.5,3.5,4.7,7.8,11,6.8,4.7,6
66,冬山,8,總碳氫化合物,THC,ppm,2001-09-20,2.5,x,3,2.8,3,3.3,3.4,2.6,2.2,2.2,2.1,2,2,2,2,2,2,2,2,2.2,2.3,2.1,2.3,2.3
66,冬山,9,非甲烷碳氫化合物,NMHC,ppm,2001-09-20,0.2,x,0.2,0.1,0.2,0.2,0.4,0.1,0.1,0.1,0.1,0,0,0,0,0,0,0,0,0.1,0.2,0.1,0,0.1
66,冬山,10,風速,WIND_SPEED,m/sec,2001-09-20,0.3,0.3,0.7,0.5,0.4,0,0,0.2,0.7,0.4,4.4,4.8,5.6,3.5,2.6,3,2.1,1.5,1.8,1.4,0.5,1.5,2,0.9
66,冬山,11,風向,WIND_DIREC,degrees,2001-09-20,271,242,278,284,304,262,263,36,355,83,124,119,100,108,96,84,88,84,78,888,290,315,281,289
66,冬山,14,溫度,AMB_TEMP,℃,2001-09-20,24.7,23.7,23.4,23.3,22.8,22.6,24.3,26.6,28.5,29,30.9,31.6,30.5,30.2,29.1,28.2,27.9,27.7,27.2,26.5,26,25,24,24.1
66,冬山,21,酸雨,PH_RAIN,pH,2001-09-20,0,0,0,0,0,0,0,0,0,0,0,0,0,0,0,0,0,0,0,0,0,5.6,5,5.1
66,冬山,22,導電度,RAIN_COND,μmho/cm,2001-09-20,0,0,0,0,0,0,0,0,0,0,0,0,0,0,0,0,0,0,0,0,0,4,3.9,5
66,冬山,31,甲烷,CH4,ppm,2001-09-20,2.3,x,2.8,2.7,2.8,3.1,3,2.5,2.1,2.1,2,2,2,1.9,2,2,2,2,2,2.1,2.1,2,2.3,2.2
66,冬山,32,降雨強度,RAIN_INT,㎜,2001-09-20,0,0,0,0,0,0,0,0,0,0,0,0,0,0,0,0,0,0,0,0,0,27,22,3.5
67,三重,1,二氧化硫,SO2,ppb,2001-09-20,x,x,x,x,x,x,x,x,x,x,x,x,2,x,x,x,x,x,x,x,x,x,x,3.8
67,三重,2,一氧化碳,CO,ppm,2001-09-20,1.4,0.8,0.6,0.6,0.6,0.9,1.4,2.8,2.3,2.2,x,x,1.7,x,x,x,x,x,x,x,x,x,x,1.8
67,三重,4,懸浮微粒,PM10,μg/m3,2001-09-20,35,28,14,16,16,22,30,31,44,48,58,54,58,x,x,x,x,x,x,x,x,x,x,11
67,三重,5,氮氧化物,NOx,ppb,2001-09-20,x,x,x,x,x,x,x,x,x,x,x,x,66,x,x,x,x,x,x,x,x,x,x,93
67,三重,6,一氧化氮,NO,ppb,2001-09-20,x,x,x,x,x,x,x,x,x,x,x,x,45,x,x,x,x,x,x,x,x,x,x,74
67,三重,7,二氧化氮,NO2,ppb,2001-09-20,x,x,x,x,x,x,x,x,x,x,x,x,23,x,x,x,x,x,x,x,x,x,x,19
67,三重,8,總碳氫化合物,THC,ppm,2001-09-20,2.3,1.8,x,2.3,2.3,2.5,2.7,2.7,2.6,2.6,2.5,x,18,x,x,x,x,x,x,x,x,x,x,18
67,三重,9,非甲烷碳氫化合物,NMHC,ppm,2001-09-20,0.3,0.2,x,0.3,0.2,0.4,0.6,0.7,0.5,0.5,0.5,x,9.4,x,x,x,x,x,x,x,x,x,x,9.3
67,三重,14,溫度,AMB_TEMP,℃,2001-09-20,27.2,26.9,26.8,26.3,26.1,26.3,27.1,29.5,31.2,32.6,33.2,x,33.7,x,x,x,x,x,x,x,x,x,x,26.1
67,三重,31,甲烷,CH4,ppm,2001-09-20,2,2,x,2.1,2.1,2.1,2.1,2,2,2,2,x,8.7,x,x,x,x,x,x,x,x,x,x,8.8
67,三重,33,細懸浮微粒,PM2.5,μg/m3,2001-09-20,29,26,33,35,28,26,27,32,38,43,48,x,37,x,x,x,x,x,x,x,x,x,x,24
68,中壢,1,二氧化硫,SO2,ppb,2001-09-20,2.8,1.3,2.7,2.1,1.9,2.2,3.7,6.3,3.9,3.9,3,2,1.6,2.2,x,2.4,2,4.7,4.8,3.1,4,4.1,5.1,3.7
68,中壢,2,一氧化碳,CO,ppm,2001-09-20,1.5,0.8,0.8,0.6,0.8,1.4,2.6,3.6,1.7,1.2,1.1,1.1,1,1.1,x,x,x,1.3,1.4,1.2,1,1.2,1.1,0.6
68,中壢,4,懸浮微粒,PM10,μg/m3,2001-09-20,41,73,56,39,36,36,50,68,110,117,106,73,70,65,61,x,x,38,34,32,29,14,13,22
68,中壢,5,氮氧化物,NOx,ppb,2001-09-20,55,34,38,x,26,56,100,108,67,52,46,34,30,39,44,x,x,61,69,60,50,56,59,33
68,中壢,6,一氧化氮,NO,ppb,2001-09-20,20,6.3,9,x,5.2,25,63,62,24,14,14,9.6,7.4,11,16,x,x,34,42,36,30,33,36,14
68,中壢,7,二氧化氮,NO2,ppb,2001-09-20,35,27,29,x,21,31,37,47,43,38,32,25,22,28,29,x,x,27,26,23,20,22,23,19
68,中壢,8,總碳氫化合物,THC,ppm,2001-09-20,3.2,2.7,2.6,2.3,2.7,3.4,4.1,4,2.9,2.7,2.6,2.5,2.4,2.4,x,2.4,2.5,2.9,2.9,2.7,2.7,2.8,2.7,2.4
68,中壢,9,非甲烷碳氫化合物,NMHC,ppm,2001-09-20,1,0.8,0.5,0.4,0.5,1,1.8,2,1,0.8,0.7,0.6,0.6,0.6,x,0.7,0.7,1.1,1,0.9,0.8,0.9,0.8,0.6
68,中壢,14,溫度,AMB_TEMP,℃,2001-09-20,25.8,25.5,25.4,25,24.7,24.5,24.9,26.2,27.8,30.3,32.7,33.7,33.9,34,34,33.2,31.5,29.5,28.2,27.8,27.3,27,26.6,26.4
68,中壢,31,甲烷,CH4,ppm,2001-09-20,2.2,2,2.1,2,2.1,2.4,2.3,2,1.9,1.9,1.8,1.8,1.8,1.9,x,1.8,1.8,1.8,1.8,1.8,1.9,1.9,1.9,1.9
69,竹山,1,二氧化硫,SO2,ppb,2001-09-20,0.7,0.1,0,0,0.2,0.1,1.1,1.1,1.2,2.3,3.6,x,x,1.1,2.1,3.3,0.5,0.6,0.9,0.9,0.8,0.7,0.6,0.5
69,竹山,2,一氧化碳,CO,ppm,2001-09-20,0.7,0.6,0.5,0.5,0.5,0.5,0.7,0.6,0.4,0.4,0.4,x,0.4,0.4,0.4,0.5,0.5,0.6,0.6,0.5,0.4,0.6,0.5,0.5
69,竹山,3,臭氧,O3,ppb,2001-09-20,3.7,2.9,2.1,1.8,0.4,0.9,x,14,23,32,51,x,59,69,69,51,35,31,23,25,24,12,12,9.6
69,竹山,4,懸浮微粒,PM10,μg/m3,2001-09-20,47,48,48,42,38,41,38,41,30,23,18,20,x,x,11,30,51,52,52,45,36,27,31,30
69,竹山,5,氮氧化物,NOx,ppb,2001-09-20,18,12,11,x,11,11,22,13,7.8,9.3,11,8.4,x,5.6,7.8,16,16,17,24,14,9.6,17,13,12
69,竹山,6,一氧化氮,NO,ppb,2001-09-20,0.6,0.4,0.5,x,0.5,1.3,8.1,2.6,1,1.1,1,1.1,x,0.6,0.1,0.1,0.5,0.7,1.3,0.2,0,0.3,0.1,0.1
69,竹山,7,二氧化氮,NO2,ppb,2001-09-20,18,11,11,x,11,10,14,10,6.8,8.2,9.5,7.3,x,5.1,7.6,16,15,16,22,13,9.6,17,13,12
69,竹山,10,風速,WIND_SPEED,m/sec,2001-09-20,0.3,0.5,0.4,0.3,0.4,0.1,0.1,0,0.5,1.2,1.3,1.5,1.4,1.5,2,1.9,2.2,1.7,1,0.5,0.2,0.1,0.2,0.1
69,竹山,11,風向,WIND_DIREC,degrees,2001-09-20,71,888,203,19,888,261,888,336,246,302,301,295,276,292,290,283,202,148,181,209,303,888,236,205
69,竹山,14,溫度,AMB_TEMP,℃,2001-09-20,24.8,24.3,24.2,23.9,23.5,23.2,24.3,26.5,28.9,30.8,31.3,31.6,33,32.6,31,30.1,26.1,24.2,24.3,24.1,23.9,23.8,23.8,23.7
70,永和,1,二氧化硫,SO2,ppb,2001-09-20,1,1,1.2,1,0.9,1.4,2.6,3.8,4.8,2.3,1.8,1.8,1.7,1.3,1.3,1.3,3.4,4.6,3.8,6.2,8.2,6.1,3.3,5.4
70,永和,2,一氧化碳,CO,ppm,2001-09-20,0.5,0.5,0.5,0.4,0.4,0.4,0.8,1.1,1.4,0.8,0.6,0.7,0.6,0.5,0.6,0.7,1,1.7,1.9,1.9,1.8,1.6,1.4,1.6
70,永和,3,臭氧,O3,ppb,2001-09-20,17,14,13,17,18,16,x,11,12,15,18,14,14,11,7.5,14,6,0.7,1,0.8,0.1,0.1,0,0.1
70,永和,4,懸浮微粒,PM10,μg/m3,2001-09-20,22,22,16,21,19,28,28,35,47,47,46,42,46,43,36,32,15,16,16,28,28,36,35,18
70,永和,5,氮氧化物,NOx,ppb,2001-09-20,9.2,10,11,x,5.3,7.4,24,25,24,18,14,17,16,11,15,64,38,62,59,62,85,65,58,63
70,永和,6,一氧化氮,NO,ppb,2001-09-20,0.9,0.9,0.6,x,0.4,0.5,3.7,2.3,1.9,1.6,1.1,1.8,1.8,1.7,8.1,52,19,39,38,40,60,44,37,42
70,永和,7,二氧化氮,NO2,ppb,2001-09-20,8.3,9.2,8.4,x,4.9,6.9,20,23,22,16,13,15,14,9.2,7.1,13,19,23,21,22,24,22,21,21
70,永和,8,總碳氫化合物,THC,ppm,2001-09-20,3.4,3.3,3.4,3.1,2.9,2.8,3,3,3.2,2.9,2.9,2.7,2.6,2.7,3.4,2.3,3.7,2.8,3,3,3,2.9,2.7,2.8
70,永和,9,非甲烷碳氫化合物,NMHC,ppm,2001-09-20,1.3,1.3,1.3,1.1,0.9,0.8,1,1,1.2,0.9,0.9,0.7,0.7,0.7,1.3,0.4,1.8,0.8,1,0.9,0.9,0.8,0.7,0.7
70,永和,10,風速,WIND_SPEED,m/sec,2001-09-20,1.6,1.5,1.5,1.9,1.7,2.1,2.1,1.9,2.2,2.5,3.1,2.7,3.1,3.1,3.1,2.8,3.3,2.6,1.9,1.9,1.7,1.8,1.5,1.1
70,永和,11,風向,WIND_DIREC,degrees,2001-09-20,105,88,87,100,93,88,87,94,91,94,92,90,93,93,93,92,84,78,87,86,77,78,84,82
70,永和,14,溫度,AMB_TEMP,℃,2001-09-20,27.2,27.2,27.1,27.2,26.9,26.7,27.1,28.7,30.2,31.1,32.1,32.9,32.8,32.1,32.3,31.3,30.2,28.3,27.9,27.4,27.3,27.3,26.4,26.3
70,永和,31,甲烷,CH4,ppm,2001-09-20,2,3,5.3,2.1,2,2,2,2,2,2,2,2,1.9,2,2.1,2,1.9,2,2,2.1,2.1,2.1,2,2.1
71,復興,1,二氧化硫,SO2,ppb,2001-09-20,0.3,2.5,3.4,12,18,3.2,8.9,25,18,19,34,40,18,13,6.9,4.3,7,6.6,15,13,24,21,23,11
71,復興,2,一氧化碳,CO,ppm,2001-09-20,0.4,0.5,0.4,0.9,1,0.4,1.3,3.5,2.9,2.1,1.9,1.2,1.2,1,0.8,0.9,1.1,1.4,2.4,2.1,2.1,2.3,2.2,1.5
71,復興,4,懸浮微粒,PM10,μg/m3,2001-09-20,13,20,24,18,27,35,19,47,70,77,77,127,122,102,71,71,63,95,91,106,87,72,72,78
71,復興,5,氮氧化物,NOx,ppb,2001-09-20,3.7,12,5.5,15,x,8.3,28,104,74,60,93,55,39,22,14,21,26,31,74,67,96,86,89,57
71,復興,6,一氧化氮,NO,ppb,2001-09-20,0,0,0,1.3,x,0.6,3.2,53,15,1.3,4.8,0.1,3.4,0.3,0.5,1.1,2.4,4.5,27,25,44,34,38,13
71,復興,7,二氧化氮,NO2,ppb,2001-09-20,3.7,12,5.5,14,x,7.7,25,51,59,58,88,54,35,22,14,20,23,27,47,43,52,53,52,45
71,復興,8,總碳氫化合物,THC,ppm,2001-09-20,2.2,2.3,x,3.4,2.4,2.2,3.2,5,3.9,3.2,3.6,2.8,2.8,2.8,2.7,3,2.9,2.9,3.7,3.4,3.5,3.4,3.6,3.2
71,復興,9,非甲烷碳氫化合物,NMHC,ppm,2001-09-20,0,0.2,x,0.9,0.3,0.1,0.9,2.6,1.6,1,1.3,0.5,0.5,0.4,0.3,0.4,0.5,0.5,1.4,1.2,1.3,1.1,1.3,0.8
71,復興,14,溫度,AMB_TEMP,℃,2001-09-20,26.4,26.9,26.3,24.8,26.4,26,25.9,26.2,27.3,29,30.7,31.1,32,31.9,31.7,30.8,29.3,28.7,28.3,27.2,26.8,26.6,27.2,26.7
71,復興,31,甲烷,CH4,ppm,2001-09-20,2.2,2.2,x,2.5,2.1,2.1,2.3,2.4,2.3,2.2,2.3,2.2,2.4,2.3,2.3,2.5,2.5,2.4,2.3,2.2,2.2,2.4,2.4,2.3
72,埔里,1,二氧化硫,SO2,ppb,2001-09-20,1.6,x,1.3,1.2,1.5,1.2,1.2,1.5,1.5,1.6,1.2,2.9,1.6,1.4,1.7,0.9,0.8,0.6,0.6,0.5,0.5,0.4,0.6,0.4
72,埔里,2,一氧化碳,CO,ppm,2001-09-20,0.9,0.8,x,0.6,0.6,0.6,0.7,0.8,0.8,0.8,0.5,0.5,0.4,0.5,1.2,0.9,1.3,0.9,1.3,1.1,1.1,1.2,1.2,0.9
72,埔里,3,臭氧,O3,ppb,2001-09-20,4.7,6.5,6.8,12,10,6.7,x,20,36,54,54,55,56,71,x,78,41,53,35,33,25,12,8.8,9.7
72,埔里,4,懸浮微粒,PM10,μg/m3,2001-09-20,91,69,63,58,26,30,34,34,34,67,49,46,55,34,32,42,43,50,59,62,54,55,56,54
72,埔里,5,氮氧化物,NOx,ppb,2001-09-20,13,8.9,7.1,4.6,x,7.4,11,12,11,10,6.2,9.5,8,8.5,22,14,20,9,17,13,12,16,14,9.1
72,埔里,6,一氧化氮,NO,ppb,2001-09-20,0.9,0,0.4,0.1,x,0.5,2.5,3.2,2.1,1.3,0.7,2.9,2.2,1,16,0.2,1.3,0.1,0.1,0.4,0.4,1.5,1.8,0.3
72,埔里,7,二氧化氮,NO2,ppb,2001-09-20,9.5,7,4.9,3,x,5.1,7,7.1,7.4,7.8,4.2,5.9,5,6.5,19,13,17,8.2,16,12,11,13,11,7.7
72,埔里,8,總碳氫化合物,THC,ppm,2001-09-20,x,x,x,x,x,x,x,x,x,x,x,x,x,x,x,x,x,x,x,x,x,x,x,x
72,埔里,9,非甲烷碳氫化合物,NMHC,ppm,2001-09-20,x,x,x,x,x,x,x,x,x,x,x,x,x,x,x,x,x,x,x,x,x,x,x,x
72,埔里,10,風速,WIND_SPEED,m/sec,2001-09-20,0.1,0.4,1,0.3,0.3,0.5,1.1,0.8,0.7,1,0.7,2.5,2,3.3,3.4,0.6,0.4,0.4,0.8,0.3,0.2,0.5,0.8,0.5
72,埔里,11,風向,WIND_DIREC,degrees,2001-09-20,190,103,204,236,142,202,208,84,274,75,94,253,277,259,308,120,111,102,210,71,127,181,198,176
72,埔里,14,溫度,AMB_TEMP,℃,2001-09-20,22.5,21.9,21.3,21,20.5,20.3,21.1,22.8,26,28.5,30.5,30.6,32.2,32.2,30.8,26.2,24.7,25,24.7,24.3,23.7,22.9,22.4,22
72,埔里,31,甲烷,CH4,ppm,2001-09-20,x,x,x,x,x,x,x,x,x,x,x,x,x,x,x,x,x,x,x,x,x,x,x,x
75,馬祖,1,二氧化硫,SO2,ppb,2001-09-20,0.1,0,0,0.1,0.1,0,0,0,0,0,0,0,0,0,0,0,0,0,0,0,0,0,0,0
75,馬祖,2,一氧化碳,CO,ppm,2001-09-20,0.2,0.2,0.2,0.2,0.2,0.2,0.2,0.2,0.2,0.2,0.2,0.2,0.2,0.2,0.2,0.2,0.2,0.2,0.2,0.2,0.2,0.2,0.2,0.2
75,馬祖,3,臭氧,O3,ppb,2001-09-20,26,28,31,31,30,31,x,26,26,34,39,40,42,42,44,44,45,45,48,49,48,49,48,47
75,馬祖,4,懸浮微粒,PM10,μg/m3,2001-09-20,39,41,59,64,49,41,36,31,29,30,32,34,37,29,43,72,65,49,49,46,41,37,36,39
75,馬祖,5,氮氧化物,NOx,ppb,2001-09-20,1.6,1.3,1.3,x,1.4,1.4,1.3,1.8,2,1.4,1.6,1.3,1.2,1.1,1.4,1.7,2,1.4,1.6,1,1.2,1.2,1.1,1
75,馬祖,6,一氧化氮,NO,ppb,2001-09-20,0.1,0.1,0.1,x,0,0,0,0,0.1,0,0,0,0,0,0,0,0,0,0.2,0,0,0,0,0
75,馬祖,7,二氧化氮,NO2,ppb,2001-09-20,1.5,1.2,1.2,x,1.4,1.4,1.3,1.8,1.9,1.4,1.6,1.3,1.2,1.1,1.4,1.7,2,1.4,1.4,1,1.2,1.2,1.1,1
75,馬祖,10,風速,WIND_SPEED,m/sec,2001-09-20,8.3,7.4,6.9,6.6,7.3,6.3,6.8,7.6,7.9,8.9,8.9,9,8.9,9,7.9,7.9,8.2,8.3,8.8,9.5,10,9.9,10,9.6
75,馬祖,11,風向,WIND_DIREC,degrees,2001-09-20,59,56,53,53,50,54,50,52,53,51,50,50,50,48,50,52,48,49,51,49,51,48,50,49
75,馬祖,14,溫度,AMB_TEMP,℃,2001-09-20,25.2,25,24.9,25,24.8,24.9,25.2,25.4,25.7,25.3,25.2,25.1,25.3,25.5,25.1,25,24.7,24.5,24.4,24.3,24.2,24.2,24.1,23.8
75,馬祖,21,酸雨,PH_RAIN,pH,2001-09-20,0,0,0,0,0,0,0,0,0,0,0,0,0,0,0,0,0,5.8,0,0,0,0,6.1,0
75,馬祖,22,導電度,RAIN_COND,μmho/cm,2001-09-20,0,0,0,0,0,0,0,0,0,0,0,0,0,0,0,0,0,186,0,0,0,0,238,0
75,馬祖,32,降雨強度,RAIN_INT,㎜,2001-09-20,0,0,0,0,0,0,0,0,0,0,0,0,0,0,0,0,0,0.5,0,0,0,0,0.5,0
